,userID,itemID,rating,SIDO
0,e000004,화성 관광열차 안내소 연무대 매표소,3.6666666666666665,경기
1,e000004,창룡문,4.0,경기
2,e000004,수원 화성 화홍문,3.3333333333333335,경기
3,e000009,농협안성팜랜드,4.0,경기
4,e000009,스타필드 안성,5.0,경기
5,e000009,평택시 농업 생태원,5.0,경기
6,e000010,롯데월드,5.0,서울
7,e000010,롯데월드,5.0,서울
8,e000011,인사동 문화의 거리,5.0,서울
9,e000011,IFC 몰,4.0,서울
10,e000013,파주 프리미엄 아울렛,5.0,경기
11,e000013,이케아 광명점,5.0,경기
12,e000013,지중해마을,3.3333333333333335,충남
13,e000014,에버랜드,5.0,경기
14,e000015,스타필드 코엑스몰,4.333333333333333,서울
15,e000015,서울어린이대공원,4.0,서울
16,e000015,북촌 한옥마을,4.0,서울
17,e000015,낙원악기상가,2.6666666666666665,서울
18,e000016,현대 프리미엄 아울렛 김포점,4.0,경기
19,e000016,롯데몰 김포공항점,4.0,서울
20,e000020,아침고요 수목원,5.0,경기
21,e000022,허브아일랜드,4.0,경기
22,e000022,소요산,4.0,경기
23,e000023,서울 시티투어버스,3.0,서울
24,e000023,광화문광장,5.0,서울
25,e000023,경복궁,5.0,서울
26,e000039,에버랜드,5.0,경기
27,e000039,에버랜드 사파리월드,5.0,경기
28,e000039,에버랜드,5.0,경기
29,e000040,서울로 717,3.6666666666666665,서울
30,e000040,숭례문,3.6666666666666665,서울
31,e000041,화성 융릉과 건릉,4.0,경기
32,e000042,휠 프렌즈,5.0,인천
33,e000042,수기 해변,4.0,인천
34,e000042,예단포둘레길,4.0,인천
35,e000045,마장호수,5.0,경기
36,e000046,푸른 솔 GC 포천,5.0,경기
37,e000293,예스24 스테이지,4.333333333333333,서울
38,e000294,에버랜드,5.0,경기
39,e000296,서울 장미축제,4.0,서울
40,e000299,서울시립미술관 서소문 본관,3.6666666666666665,서울
41,e000299,덕수궁 중명전,4.666666666666667,서울
42,e000299,덕수궁,5.0,서울
43,e000302,롯데월드,5.0,서울
44,e000302,도산 근린공원,4.0,서울
45,e000302,서울숲 카페거리,5.0,서울
46,e000302,서울숲,4.0,서울
47,e000307,연천 전곡리 선사유적지,2.3333333333333335,경기
48,e000307,재인폭포,5.0,경기
49,e000307,좌상 바위,5.0,경기
50,e000311,구읍뱃터,3.0,인천
51,e000317,타임스퀘어,4.333333333333333,서울
52,e000317,타임스퀘어,3.3333333333333335,서울
53,e000317,롯데백화점 영등포점,3.3333333333333335,서울
54,e000319,미리내공원,3.3333333333333335,경기
55,e000319,롯데백화점 중동점,3.3333333333333335,경기
56,e000319,부천중앙공원,3.3333333333333335,경기
57,e000319,뉴코아 아울렛 부천점,4.333333333333333,경기
58,e000322,관악산 산림욕장,3.3333333333333335,경기
59,e000322,엔터식스 안양역점,3.3333333333333335,경기
60,e000322,한 아름공원,4.0,경기
61,e000322,미리내공원,3.3333333333333335,경기
62,e000323,화성행궁,4.333333333333333,경기
63,e000323,장안문,5.0,경기
64,e000323,효원공원 월화원,4.666666666666667,경기
65,e000323,효원공원 월화원,5.0,경기
66,e000329,프로방스 마을,4.333333333333333,경기
67,e000329,파주 프리미엄 아울렛,5.0,경기
68,e000331,아이파크몰 용산점,4.0,서울
69,e000331,롯데월드,4.333333333333333,서울
70,e000334,니지 모리 스튜디오,5.0,경기
71,e000336,63스퀘어,5.0,서울
72,e000336,더 현대 서울,5.0,서울
73,e000336,서울랜드,5.0,경기
74,e000338,리움미술관,4.666666666666667,서울
75,e000338,국립중앙박물관,5.0,서울
76,e000342,소래포구,5.0,인천
77,e000342,소래포구 종합어시장,5.0,인천
78,e000342,송도센트럴파크,5.0,인천
79,e000344,롯데월드타워 롯데월드몰,4.0,서울
80,e000344,롯데월드,4.0,서울
81,e000344,올림픽공원,4.0,서울
82,e000345,반포 한강공원,4.333333333333333,서울
83,e000345,KSPO DOME 올림픽 체조경기장,5.0,서울
84,e000346,하나개해수욕장,3.3333333333333335,인천
85,e000347,현대 프리미엄 아울렛 김포점,4.333333333333333,경기
86,e000347,아라 김포여객터미널 아라마린센터,4.0,경기
87,e000350,부천 자연 생태공원,3.0,경기
88,e000350,뉴코아 아울렛 부천점,3.0,경기
89,e000353,임진각 평화누리,3.6666666666666665,경기
90,e000353,헤이리 예술마을,4.0,경기
91,e000353,파주 프리미엄 아울렛,3.3333333333333335,경기
92,e000357,롯데백화점 영등포점,4.333333333333333,서울
93,e000360,율봄식물원,5.0,경기
94,e000362,오이도,4.0,경기
95,e000362,대부바다 향기테마파크,2.0,경기
96,e000364,광교역사 공원,3.3333333333333335,경기
97,e000364,행리단길,2.3333333333333335,경기
98,e000364,화성행궁,3.6666666666666665,경기
99,e000364,광교호수공원,2.6666666666666665,경기
100,e000366,현대 프리미엄 아울렛 김포점,4.0,경기
101,e000366,현대 프리미엄 아울렛 김포점,4.0,경기
102,e000369,경복궁,4.333333333333333,서울
103,e000369,열린 송현 녹지 광장,3.3333333333333335,서울
104,e000369,쌈지길,3.6666666666666665,서울
105,e000369,석파정,5.0,서울
106,e000371,헤이리 예술마을,5.0,경기
107,e000371,콩치노 콘크리트,5.0,경기
108,e000373,프로방스 마을,5.0,경기
109,e000375,실학박물관,4.333333333333333,경기
110,e000375,쉬자 파크,5.0,경기
111,e000376,화성행궁,4.333333333333333,경기
112,e000376,화성행궁,3.0,경기
113,e000379,파주출판 단지 근린공원,3.3333333333333335,경기
114,e000379,롯데 프리미엄 아울렛 파주점,4.0,경기
115,e000384,대한불교조계종 신륵사,5.0,경기
116,e000385,동막해수욕장,3.3333333333333335,인천
117,e000385,분오리 돈대,3.3333333333333335,인천
118,e000395,월미공원,4.333333333333333,인천
119,e000395,인천 차이나타운,3.3333333333333335,인천
120,e000396,영종 씨사이드 레일바이크,3.3333333333333335,인천
121,e000396,파라다이스 시티 원더 박스,4.0,인천
122,e000403,이함 캠퍼스,4.666666666666667,경기
123,e000403,양평 물 맑은 시장,3.0,경기
124,e000406,재인폭포,4.333333333333333,경기
125,e000406,전곡선사 박물관,3.3333333333333335,경기
126,e000406,놀자 숲,3.6666666666666665,경기
127,e000407,제부도 해안산책로,4.0,경기
128,e000409,평택시 농업 생태원,4.0,경기
129,e000412,수원 화성,5.0,경기
130,e000412,수원 화성,5.0,경기
131,e000418,한탄강 생태경관 단지,3.0,경기
132,e000418,전곡선사 박물관,4.0,경기
133,e000422,남대문시장,3.3333333333333335,서울
134,e000422,국립고궁박물관,5.0,서울
135,e000422,대한민국역사박물관,5.0,서울
136,e000422,교보문고 광화문점,5.0,서울
137,e000422,명동거리,5.0,서울
138,e000422,국립중앙박물관,5.0,서울
139,e000429,현대 프리미엄 아울렛 김포점,5.0,경기
140,e000430,포레스트아웃팅스 송도점,5.0,인천
141,e000430,마이랜드,3.6666666666666665,인천
142,e000430,청라 호수 공원,4.333333333333333,인천
143,e000430,청라 호수 공원,5.0,인천
144,e000432,수원 KT위즈 파크,5.0,경기
145,e000432,효원공원 월화원,4.0,경기
146,e000432,행리단길,4.0,경기
147,e000432,수원 화성,4.0,경기
148,e000435,국립과천과학관,5.0,경기
149,e000435,마이 알레 과천 빌리지 카페,5.0,경기
150,e000438,전쟁기념관,4.666666666666667,서울
151,e000438,안녕 인사동,5.0,서울
152,e000438,인사동 문화의 거리,5.0,서울
153,e000438,서대문형무소 역사관,5.0,서울
154,e000438,서울숲,5.0,서울
155,e000438,인사동 문화의 거리,5.0,서울
156,e000438,조계사,5.0,서울
157,e000438,광화문광장,5.0,서울
158,e000438,탑골공원,5.0,서울
159,e000438,인사동 문화의 거리,5.0,서울
160,e000438,마로니에공원,5.0,서울
161,e000445,현대 프리미엄 아울렛 스페이스 원,4.333333333333333,경기
162,e000447,송추계곡,3.0,경기
163,e000448,옥토끼우주센터,3.0,인천
164,e000448,인천도시 역사관,4.0,인천
165,e000450,롯데월드타워 롯데월드몰,4.666666666666667,서울
166,e000453,서울광장,5.0,서울
167,e000453,청계천,4.666666666666667,서울
168,e000453,경복궁,3.6666666666666665,서울
169,e000453,경복궁,3.6666666666666665,서울
170,e000453,광화문광장,5.0,서울
171,e000453,동대문디자인플라자,5.0,서울
172,e000453,동대문디자인플라자,5.0,서울
173,e000453,교보문고 광화문점,5.0,서울
174,e000453,롯데월드,3.0,서울
175,e000453,덕수궁,5.0,서울
176,e000453,한국은행 화폐박물관,5.0,서울
177,e000453,덕수궁,5.0,서울
178,e000454,통일부 판문점 견학안내소,5.0,경기
179,e000454,통일부 판문점 견학안내소,5.0,경기
180,e000460,스타필드 코엑스몰,5.0,서울
181,e000460,반포 한강공원,5.0,서울
182,e000473,성수동 카페거리,5.0,서울
183,e000473,뚝섬한강공원,5.0,서울
184,e000473,서울숲,5.0,서울
185,e000473,성수동 카페거리,5.0,서울
186,e000473,롯데월드타워 롯데월드몰,5.0,서울
187,e000473,석촌호수 산책길,5.0,서울
188,e000474,현대 프리미엄 아울렛 김포점,5.0,경기
189,e000477,양평 물 맑은 시장,4.0,경기
190,e000477,세미원,3.6666666666666665,경기
191,e000479,롯데시네마 성남중앙,5.0,경기
192,e000481,롯데월드타워 롯데월드몰,3.6666666666666665,서울
193,e000481,롯데월드,5.0,서울
194,e000482,더 현대 서울,4.0,서울
195,e000482,더 현대 서울,3.3333333333333335,서울
196,e000482,여의도공원,5.0,서울
197,e000486,매헌 시민의 숲,4.333333333333333,서울
198,e000490,문화역 서울 284,4.0,서울
199,e000490,덕수궁,3.6666666666666665,서울
200,e000490,서울시립미술관 서소문 본관,4.0,서울
201,e000490,국립현대미술관 서울관,5.0,서울
202,e000490,여의도 한강공원,3.3333333333333335,서울
203,e000491,산정호수,5.0,경기
204,e000491,돌담 병원,3.3333333333333335,경기
205,e000496,송도센트럴파크,5.0,인천
206,e000496,트리플 스트리트,5.0,인천
207,e000500,경기북부 어린이 박물관,5.0,경기
208,e000505,김포함상공원,3.3333333333333335,경기
209,e000505,초지진,3.3333333333333335,인천
210,e000505,전등사,4.333333333333333,인천
211,e000507,청와대 본관,3.6666666666666665,서울
212,e000507,경복궁,4.333333333333333,서울
213,e000509,청계천,5.0,서울
214,e000509,광화문광장,4.0,서울
215,e000509,더 현대 서울,4.0,서울
216,e000509,KSPO DOME 올림픽 체조경기장,5.0,서울
217,e000509,아이파크몰 용산점,3.3333333333333335,서울
218,e000510,화성 융릉과 건릉,4.666666666666667,경기
219,e000510,용주사,4.0,경기
220,e000514,농협안성팜랜드,5.0,경기
221,e000521,아시안 해변,3.3333333333333335,인천
222,e000521,을왕리 해수욕장,4.0,인천
223,e000521,구읍뱃터,5.0,인천
224,e000524,에버랜드,5.0,경기
225,e000524,캐리비안베이,5.0,경기
226,e000526,국립현대미술관 과천관,4.0,경기
227,e000526,여의도 한강공원,4.333333333333333,서울
228,e000531,북한강,3.0,경기
229,e000533,마장호수 출렁다리,5.0,경기
230,e000535,현대백화점 중동점,4.333333333333333,경기
231,e000536,선유도공원,5.0,서울
232,e000536,현대백화점 목동점,4.0,서울
233,e000536,타임스퀘어,5.0,서울
234,e000541,화성 관광열차 안내소 연무대 매표소,3.6666666666666665,경기
235,e000541,화성행궁,4.0,경기
236,e000544,AK플라자 수원,4.0,경기
237,e000547,아침 고요 가족 동물원,5.0,경기
238,e000548,화담숲,4.666666666666667,경기
239,e000550,팔달산,5.0,경기
240,e000552,정약용 유적지 기념관,2.6666666666666665,경기
241,e000552,정약용 유적지 생가,3.6666666666666665,경기
242,e000557,용산 어린이 정원(용산공원 반환부지),4.666666666666667,서울
243,e000557,국립중앙박물관,4.0,서울
244,e000561,송도센트럴파크,5.0,인천
245,e000561,송도 타임스페이스,4.333333333333333,인천
246,e000561,더 하노이 풋앤바디 송도 타임스페이스점,5.0,인천
247,e000561,더 하노이 풋앤바디 송도 타임스페이스점,2.3333333333333335,인천
248,e000561,현대 프리미엄 아울렛 송도점,4.333333333333333,인천
249,e000561,현대 프리미엄 아울렛 송도점,4.0,인천
250,e000563,쌈지길,4.0,서울
251,e000563,남대문시장,2.0,서울
252,e000563,서울숲,4.666666666666667,서울
253,e000564,아쿠아 필드 하남,4.666666666666667,경기
254,e000564,아쿠아 필드 하남,4.666666666666667,경기
255,e000566,킨텍스 중앙공원,4.666666666666667,경기
256,e000566,킨텍스 제1전시장,5.0,경기
257,e000567,전곡선사 박물관,5.0,경기
258,e000567,재인폭포,5.0,경기
259,e000567,국립 아세안자연휴양림,3.0,경기
260,e000569,시흥갯골생태공원,5.0,경기
261,e000579,두물머리,5.0,경기
262,e000579,용문사,5.0,경기
263,e000584,가로수길,3.0,
264,e000584,카페 뭔지,4.0,서울
265,e000584,신세계백화점 본점,2.3333333333333335,서울
266,e000584,롯데백화점 본점,2.6666666666666665,서울
267,e000590,화성행궁,4.666666666666667,경기
268,e000590,행리단길,5.0,경기
269,e000590,수원 KT위즈 파크,5.0,경기
270,e000590,행리단길,5.0,경기
271,e000591,마이아트 뮤지엄,3.0,서울
272,e000591,롯데월드타워 롯데월드몰,5.0,서울
273,e000591,롯데월드타워 롯데월드몰,5.0,서울
274,e000591,석촌호수 서호,5.0,서울
275,e000591,석촌호수 산책길,5.0,서울
276,e000595,현대백화점 판교점,4.0,경기
277,e000599,덕수궁,3.3333333333333335,서울
278,e000599,경복궁,3.6666666666666665,서울
279,e000599,광화문광장,3.3333333333333335,서울
280,e000599,인사동 문화의 거리,3.0,서울
281,e000602,현대백화점 유플렉스 중동점,5.0,경기
282,e000602,안중근공원,5.0,경기
283,e000602,부천아트 벙커 B39,5.0,경기
284,e000603,창덕궁,5.0,서울
285,e000603,창경궁,5.0,서울
286,e000603,롯데월드,5.0,서울
287,e000603,청계천,5.0,서울
288,e000603,천주교 서울 대교구 주교좌 명동 대성당,5.0,서울
289,e000603,명동거리,5.0,서울
290,e000603,인사동 문화의 거리,5.0,서울
291,e000604,상동호수 공원,4.666666666666667,경기
292,e000604,부천아트 벙커 B39,5.0,경기
293,e000605,상동호수 공원,5.0,경기
294,e000605,스타필드 시티 부천,5.0,경기
295,e000607,세미원,3.0,경기
296,e000608,두타몰,3.3333333333333335,서울
297,e000608,동대문 역사 문화공원 동대문운동장 기념관,4.666666666666667,서울
298,e000608,코엑스,5.0,서울
299,e000612,하늘문화센터,4.0,인천
300,e000612,영마루공원,4.333333333333333,인천
301,e000615,송월동 동화마을,5.0,인천
302,e000615,월미 바다역,4.333333333333333,인천
303,e000615,월미도,5.0,인천
304,e000618,롯데백화점 본점,4.0,서울
305,e000618,경복궁,4.0,서울
306,e000618,덕수궁,4.0,서울
307,e000620,현대 프리미엄 아울렛 김포점,4.666666666666667,경기
308,e000621,송도 타임스페이스,4.0,인천
309,e000621,더 하노이 풋앤바디 송도 타임스페이스점,5.0,인천
310,e000621,더 하노이 풋앤바디 송도 타임스페이스점,4.333333333333333,인천
311,e000621,스퀘어 원,5.0,인천
312,e000621,송도센트럴파크,5.0,인천
313,e000622,쉼표,4.333333333333333,
314,e000625,김포 장릉,4.333333333333333,경기
315,e000625,현대 프리미엄 아울렛 김포점,4.0,경기
316,e000627,송도센트럴파크,5.0,인천
317,e000637,에버랜드,5.0,경기
318,e000639,관악산 산림욕장,3.3333333333333335,
319,e000645,미사 경정공원 조정 카누경기장,5.0,경기
320,e000645,망월천,3.0,경기
321,e000646,마장호수 출렁다리,3.3333333333333335,경기
322,e000646,스타필드 고양,4.0,경기
323,e000647,정발산,5.0,경기
324,e000647,일산 호수공원,5.0,경기
325,e000647,광교호수공원,5.0,경기
326,e000648,인플럭스,5.0,
327,e000650,잠원한강공원,5.0,서울
328,e000650,반포 한강공원 달빛광장,5.0,서울
329,e000650,북촌 한옥마을,5.0,서울
330,e000650,서울공예 박물관,5.0,서울
331,e000650,열린 송현 녹지 광장,5.0,서울
332,e000650,현대백화점 판교점,5.0,경기
333,e000651,자라섬,4.0,경기
334,e000651,이화원,4.666666666666667,경기
335,e000651,호명호수,4.0,경기
336,e000655,상동호수 공원,5.0,경기
337,e000655,상동호수 공원,5.0,경기
338,e000655,부천중앙공원,5.0,경기
339,e000662,경의선 숲길,3.3333333333333335,서울
340,e000666,고척스카이돔,5.0,서울
341,e000669,한탄강 하늘다리,5.0,경기
342,e000669,포천아트밸리,5.0,경기
343,e000669,비둘기낭폭포,5.0,경기
344,e000669,전통술 박물관 산파원 본원,5.0,경기
345,e000672,물왕 호수,5.0,경기
346,e000673,현대 프리미엄 아울렛 송도점,5.0,인천
347,e000673,송도 한옥마을,5.0,인천
348,e000680,여의도 한강공원,3.3333333333333335,
349,e000680,IFC 몰,3.6666666666666665,서울
350,e000680,경복궁,3.6666666666666665,서울
351,e000680,국립민속박물관,3.6666666666666665,서울
352,e000680,타임스퀘어,3.6666666666666665,서울
353,e000680,국립중앙박물관,3.6666666666666665,서울
354,e000680,남산공원,3.0,서울
355,e000680,타임스퀘어,3.6666666666666665,서울
356,e000680,서울숲,3.3333333333333335,서울
357,e000680,IFC 몰,3.6666666666666665,서울
358,e000680,더 현대 서울,3.6666666666666665,서울
359,e000682,팔달공원,4.333333333333333,경기
360,e000682,수원 화성 화홍문,5.0,경기
361,e000682,화성행궁,5.0,경기
362,e000682,용연,4.0,
363,e000686,용인자연휴양림,4.0,경기
364,e000689,국립현대미술관 서울관,5.0,서울
365,e000689,롯데마트 청량리점,5.0,서울
366,e000691,서울숲 카페거리,5.0,
367,e000693,송도센트럴파크,5.0,인천
368,e000693,인천도시 역사관,4.333333333333333,인천
369,e000695,서울숲 카페거리,4.333333333333333,서울
370,e000695,서울숲 카페거리,3.3333333333333335,서울
371,e000695,그라운드 시 소 성수,5.0,서울
372,e000696,서울 장미축제,4.0,서울
373,e000696,서울어린이대공원,4.0,서울
374,e000699,율동 공원,3.6666666666666665,경기
375,e000699,뚝섬한강공원,5.0,서울
376,e000699,서울숲,5.0,서울
377,e000699,서울숲 카페거리,4.333333333333333,서울
378,e000700,강남역 지하상가,4.0,서울
379,e000700,신세계백화점 강남점,5.0,서울
380,e000700,반포 한강공원,5.0,서울
381,e000700,잠수교 지하보도,5.0,서울
382,e000700,코엑스,5.0,서울
383,e000700,코엑스,5.0,서울
384,e000700,스타필드 코엑스몰,5.0,서울
385,e000704,콩치노 콘크리트,5.0,경기
386,e000705,시흥 배곧 한울 공원,4.666666666666667,경기
387,e000705,배곧 생명공원,4.0,경기
388,e000705,오이도 빨강등대,4.0,경기
389,e000706,에버랜드,5.0,경기
390,e000709,부천 자연 생태공원 자연 생태 박물관,4.0,경기
391,e000709,부천 자연 생태공원,4.0,경기
392,e000715,오이도 선사유적공원,4.666666666666667,경기
393,e000715,오이도 빨강등대,5.0,경기
394,e000717,서울대공원 테마 가든,5.0,경기
395,e000717,서울대공원 어린이 동물원,5.0,경기
396,e000717,서울대공원 테마 가든,5.0,경기
397,e000717,AK플라자 금정,5.0,경기
398,e000718,갤러리아백화점 광교점,4.0,경기
399,e000718,광교호수공원,4.666666666666667,경기
400,e000718,앨리웨이 광교,5.0,경기
401,e000734,스타필드 고양,4.0,경기
402,e000734,서오릉,5.0,경기
403,e000737,경인아라뱃길,4.0,인천
404,e000737,계양산,4.666666666666667,인천
405,e000738,현대 프리미엄 아울렛 송도점,5.0,인천
406,e000738,송도센트럴파크,5.0,인천
407,e000738,소무의도,5.0,인천
408,e000738,용궁사,5.0,인천
409,e000746,렛츠 런 파크 서울,4.0,경기
410,e000746,여의도 물빛광장,4.0,서울
411,e000751,롯데월드타워 롯데월드몰,5.0,서울
412,e000752,교보문고 광화문점,2.6666666666666665,서울
413,e000752,국립현대미술관 서울관,5.0,서울
414,e000752,행주산성,5.0,경기
415,e000752,일산 호수공원,5.0,경기
416,e000760,여주 자전거 여행,4.666666666666667,경기
417,e000760,신세계 프리미엄 아울렛 여주,4.0,경기
418,e000761,두물머리,5.0,경기
419,e000761,수수 카페,4.333333333333333,경기
420,e000762,스퀘어 원,3.0,인천
421,e000762,소찬공원,3.6666666666666665,인천
422,e000762,송도센트럴파크,5.0,인천
423,e000765,서해랑 제부도 해상 케이블카 제부정류장,4.333333333333333,경기
424,e000767,수종사,4.666666666666667,경기
425,e000767,운길산,4.333333333333333,경기
426,e000767,현대 프리미엄 아울렛 스페이스 원,3.6666666666666665,경기
427,e000767,스타필드 하남,5.0,경기
428,e000771,화담숲,5.0,경기
429,e000774,자라섬,4.0,경기
430,e000782,강변 테크노마트,4.333333333333333,서울
431,e000785,미리내힐빙클럽찜질방,5.0,경기
432,e000785,미리내힐빙클럽찜질방,5.0,경기
433,e000785,두물머리,3.0,경기
434,e000787,목섬(항도),5.0,인천
435,e000787,트리플 스트리트,4.333333333333333,인천
436,e000787,송도센트럴파크,5.0,인천
437,e000789,운정 호수 공원,5.0,경기
438,e000789,롯데 프리미엄 아울렛 파주점,5.0,경기
439,e000789,파주 프리미엄 아울렛,5.0,경기
440,e000791,장안문,4.333333333333333,경기
441,e000791,행리단길,4.333333333333333,경기
442,e000791,광교역사 공원,4.333333333333333,경기
443,e000791,화성행궁,4.333333333333333,경기
444,e000793,현대백화점 디큐브시티점,4.666666666666667,서울
445,e000793,안양천,5.0,서울
446,e000794,서울특별시 교육청 남산도서관,5.0,서울
447,e000794,남산공원,4.666666666666667,서울
448,e000794,서울시립미술관 서소문 본관,4.333333333333333,서울
449,e000794,덕수궁,4.0,서울
450,e000794,서울광장,5.0,서울
451,e000801,스타필드 고양,5.0,경기
452,e000802,현대 프리미엄 아울렛 송도점,5.0,인천
453,e000802,송도센트럴파크,5.0,인천
454,e000803,광명 업사이클 아트센터,4.333333333333333,경기
455,e000804,IFC 몰,3.6666666666666665,서울
456,e000804,고척스카이돔,5.0,서울
457,e000804,고척스카이돔,5.0,서울
458,e000804,서울 식물원,5.0,서울
459,e000805,철도박물관,4.333333333333333,경기
460,e000807,서울숲,5.0,서울
461,e000807,LCDC 서울,3.6666666666666665,서울
462,e000810,더 현대 서울,5.0,서울
463,e000810,리움미술관,5.0,서울
464,e000811,상동호수 공원,5.0,경기
465,e000811,상동호수 공원,5.0,경기
466,e000812,남이섬,5.0,강원
467,e000812,가평 뮤직 빌리지 음악 역 1939,5.0,경기
468,e000817,마장호수,5.0,경기
469,e000817,문지리 535,5.0,경기
470,e000828,산정호수,4.0,경기
471,e000828,한탄강 지질공원센터,4.0,경기
472,e000828,한탄강 하늘다리,4.0,경기
473,e000828,한탄강 생태경관 단지,4.0,경기
474,e000828,전통술 박물관 산파원 본원,4.0,경기
475,e000830,서울대공원,5.0,경기
476,e000831,시흥 오이도 박물관,5.0,경기
477,e000838,광명동굴,5.0,경기
478,e000838,이케아 광명점,5.0,경기
479,e000841,장안문,3.6666666666666665,경기
480,e000841,한옥기술 전시관,3.3333333333333335,경기
481,e000841,방화수류정,3.6666666666666665,경기
482,e000841,팔달문시장,3.3333333333333335,경기
483,e000841,화성행궁,3.6666666666666665,경기
484,e000844,롯데월드,2.6666666666666665,서울
485,e000844,롯데월드,4.333333333333333,서울
486,e000849,킨텍스 제2전시장,5.0,경기
487,e000850,수원 화성 박물관,4.333333333333333,경기
488,e000850,팔달공원,5.0,경기
489,e000850,화성행궁,5.0,경기
490,e000852,시몬스 테라스점,4.666666666666667,경기
491,e000852,롯데 프리미엄 아울렛 이천점,4.333333333333333,경기
492,e000856,서울숲,5.0,서울
493,e000856,뚝섬한강공원,4.0,서울
494,e000856,덕수궁 중명전,4.333333333333333,서울
495,e000856,서울광장,3.0,서울
496,e000856,덕수궁,4.666666666666667,서울
497,e000856,동국대학교 서울캠퍼스,3.3333333333333335,서울
498,e000856,롯데월드타워 롯데월드몰,3.0,서울
499,e000856,롯데월드타워 롯데월드몰,3.0,서울
500,e000856,롯데월드타워 롯데월드몰,3.0,서울
501,e000856,스타필드 코엑스몰,1.6666666666666667,서울
502,e000859,롯데백화점 영등포점,5.0,서울
503,e000859,고척스카이돔,5.0,서울
504,e000859,서울숲,5.0,서울
505,e000859,고척스카이돔,5.0,서울
506,e000859,더 현대 서울,5.0,서울
507,e000861,광명동굴,5.0,경기
508,e000861,여의도 물빛광장,5.0,서울
509,e000861,통인시장,5.0,서울
510,e000861,남대문시장,4.0,서울
511,e000861,안녕 인사동,5.0,서울
512,e000861,광장시장,5.0,서울
513,e000861,남산공원 N서울타워,5.0,서울
514,e000861,SBA 서울 애니메이션 센터,5.0,서울
515,e000863,스타필드 하남,2.6666666666666665,경기
516,e000863,수원 화성,3.3333333333333335,경기
517,e000863,광교호수공원,5.0,경기
518,e000877,캐리비안베이,3.6666666666666665,경기
519,e000883,코엑스,5.0,서울
520,e000883,롯데백화점 강남점,5.0,서울
521,e000883,현대백화점 무역센터점,5.0,서울
522,e000883,롯데월드,5.0,서울
523,e000886,물향기 수목원,5.0,경기
524,e000889,방화수류정,5.0,경기
525,e000902,송월동 동화마을,4.0,인천
526,e000902,인천 차이나타운,3.3333333333333335,인천
527,e000902,신포국제시장,3.6666666666666665,인천
528,e000902,월미도,3.3333333333333335,인천
529,e000902,영종도,3.6666666666666665,인천
530,e000906,장화리 낙조마을,5.0,인천
531,e000906,현대 프리미엄 아울렛 김포점,4.666666666666667,경기
532,e000907,행주산성,3.6666666666666665,경기
533,e000910,사패산,2.3333333333333335,경기
534,e000910,신세계백화점 의정부점,3.0,경기
535,e000914,SETEC,4.0,서울
536,e000917,롯데월드타워 롯데월드몰,5.0,서울
537,e000917,코엑스,4.333333333333333,서울
538,e000917,현대백화점 무역센터점,5.0,서울
539,e000917,잠실한강공원,5.0,서울
540,e000917,남산공원 N서울타워,5.0,서울
541,e000930,청계천,2.0,서울
542,e000930,열린 송현 녹지 광장,3.3333333333333335,서울
543,e000932,산정호수 둘레길,5.0,경기
544,e000935,국립수목원,5.0,경기
545,e000935,이마트 별내점,5.0,경기
546,e000935,서울 생활사 박물관,5.0,서울
547,e000936,송도센트럴파크,5.0,인천
548,e000936,송도센트럴파크,5.0,인천
549,e000942,가드너스,5.0,경기
550,e000946,현대백화점 판교점,4.0,경기
551,e000946,더 현대 서울,4.0,서울
552,e000946,서울 선릉과 정릉,4.333333333333333,서울
553,e000947,비둘기낭폭포,4.666666666666667,경기
554,e000947,한탄강 하늘다리,3.6666666666666665,경기
555,e000947,산정호수,3.3333333333333335,경기
556,e000947,국립수목원,4.666666666666667,경기
557,e000949,스타필드 코엑스몰,4.0,서울
558,e000949,코엑스,4.0,서울
559,e000950,두물머리,4.666666666666667,경기
560,e000951,동대문디자인플라자,3.0,서울
561,e000951,서울숲,5.0,서울
562,e000951,서대문형무소 역사관,5.0,서울
563,e000951,망원시장,5.0,서울
564,e000951,반포 한강공원,5.0,서울
565,e000951,에버랜드,5.0,경기
566,e000956,소마미술관,4.0,서울
567,e000956,뮤지엄 29,4.333333333333333,서울
568,e000959,오동근린공원,4.0,서울
569,e000959,오동근린공원,4.0,서울
570,e000959,정릉천,4.0,서울
571,e000961,현대 프리미엄 아울렛 송도점,5.0,인천
572,e000961,이마트 검단점,3.3333333333333335,인천
573,e000962,롯데몰 김포공항점,4.0,서울
574,e000964,양재천 자전거길,5.0,경기
575,e000966,프로방스 마을,2.6666666666666665,경기
576,e000966,헤이리 예술마을,4.0,경기
577,e000967,인천종합어시장,5.0,인천
578,e000967,포레스트아웃팅스 송도점,3.6666666666666665,인천
579,e000973,자라섬,5.0,경기
580,e000976,수원 프리미엄 아울렛,3.0,경기
581,e000976,롯데월드타워 롯데월드몰,5.0,서울
582,e000983,국립현대미술관 과천관,4.333333333333333,경기
583,e000983,서울대공원 어린이 동물원,4.333333333333333,경기
584,e000983,렛츠 런 파크 서울,5.0,경기
585,e000984,신세계 프리미엄 아울렛 여주,4.666666666666667,경기
586,e000986,롯데몰 수원점,3.6666666666666665,경기
587,e000986,롯데백화점 수원점,3.0,경기
588,e000987,시흥 프리미엄 아울렛,5.0,경기
589,e000987,오이도,3.3333333333333335,경기
590,e000992,한국만화 박물관,4.666666666666667,경기
591,e000993,고척스카이돔,5.0,서울
592,e000993,고척스카이돔,5.0,서울
593,e000993,부평공원,4.666666666666667,인천
594,e000993,롯데백화점 인천점,5.0,인천
595,e000993,아이파크몰 용산점,5.0,서울
596,e000994,크리스 월드 수상 레저,3.0,
597,e000995,국립중앙박물관,5.0,서울
598,e000995,스타필드 고양,5.0,경기
599,e000996,오두산 통일전망대,5.0,경기
600,e000996,헤이리 예술마을,5.0,경기
601,e000996,국립민속박물관 파주,5.0,경기
602,e000997,롯데 프리미엄 아울렛 이천점,5.0,경기
603,e000998,춘천 꿈 자람 어린이공원,5.0,강원
604,e000999,현대백화점 목동점,4.666666666666667,서울
605,e000999,망원시장,4.333333333333333,
606,e000999,타임스퀘어,4.333333333333333,
607,e001001,용문사,5.0,경기
608,e001009,아이파크몰 용산점,5.0,서울
609,e001012,일산 호수공원,5.0,경기
610,e001013,마장호수 출렁다리,4.0,경기
611,e001014,카페 19,5.0,경기
612,e001019,수원 화성 박물관,4.666666666666667,경기
613,e001019,화성행궁,4.0,경기
614,e001022,율곡수목원,3.6666666666666665,경기
615,e001022,스타필드 고양,5.0,경기
616,e001023,현대 프리미엄 아울렛 스페이스 원,4.0,경기
617,e001024,예스24 라이브홀,5.0,서울
618,e001024,롯데월드타워 롯데월드몰,5.0,서울
619,e001024,오이도,3.0,경기
620,e001024,현대 시티 아울렛 가산점,4.0,서울
621,e001025,고모저수지,4.0,경기
622,e001025,허브아일랜드,4.0,경기
623,e001025,스타필드 하남,4.0,경기
624,e001026,경안시장,3.0,경기
625,e001029,광장시장,2.6666666666666665,서울
626,e001029,종묘,4.666666666666667,서울
627,e001029,롯데백화점 본점,3.0,서울
628,e001029,현대백화점 판교점,1.6666666666666667,경기
629,e001029,캐리비안베이,1.3333333333333333,경기
630,e001029,더 현대 서울,3.0,서울
631,e001029,압구정 로데오거리,3.0,서울
632,e001031,포천아트밸리,4.0,경기
633,e001032,그라운드 시 소 명동,4.0,서울
634,e001040,현대 프리미엄 아울렛 스페이스 원,5.0,경기
635,e001041,곤지암리조트,5.0,경기
636,e001041,곤지암리조트,5.0,경기
637,e001041,곤지암리조트,5.0,경기
638,e001041,곤지암리조트,5.0,경기
639,e001045,국립중앙박물관,5.0,서울
640,e001045,창경궁,5.0,서울
641,e001045,창덕궁,5.0,서울
642,e001045,롯데 영 플라자 본점,4.0,서울
643,e001045,천주교 서울 대교구 주교좌 명동 대성당,3.3333333333333335,서울
644,e001045,더 현대 서울,5.0,서울
645,e001045,스타필드 코엑스몰,5.0,서울
646,e001049,영종역사관,5.0,인천
647,e001049,BMW 드라이빙 센터,5.0,인천
648,e001057,천주교 서울 대교구 주교좌 명동 대성당,5.0,서울
649,e001057,명동거리,5.0,서울
650,e001057,광장시장,5.0,서울
651,e001061,IFC 몰,4.0,서울
652,e001063,신세계백화점 경기점,4.666666666666667,경기
653,e001063,탄천,3.6666666666666665,경기
654,e001063,신세계백화점 경기점,4.0,경기
655,e001068,동춘서커스 상설공연장,5.0,경기
656,e001069,물의 정원,4.0,경기
657,e001069,자라섬,5.0,경기
658,e001069,호명호수,4.0,경기
659,e001070,마장호수,5.0,경기
660,e001070,헤이리 예술마을,3.3333333333333335,경기
661,e001070,프로방스 마을,3.3333333333333335,경기
662,e001071,스타필드 고양,4.666666666666667,경기
663,e001081,화성행궁,4.0,경기
664,e001081,방화수류정,4.0,경기
665,e001084,헤이리 예술마을,4.0,경기
666,e001093,청와대 본관,4.0,서울
667,e001093,북악산 한양도성,4.333333333333333,서울
668,e001093,광화문광장,5.0,서울
669,e001097,경기북부 어린이 박물관,4.0,경기
670,e001104,더 현대 서울,4.0,서울
671,e001104,ALT.1 더 현대 서울 현대백화점,3.0,
672,e001104,더 현대 서울,4.333333333333333,서울
673,e001104,여의도 한강공원,3.0,서울
674,e001108,인천도시 역사관,4.333333333333333,인천
675,e001108,송도센트럴파크,3.6666666666666665,인천
676,e001108,송도컨벤시아,4.0,인천
677,e001110,화담숲,4.0,경기
678,e001113,AK플라자 홍대,3.0,서울
679,e001113,경의선 숲길,4.0,서울
680,e001114,트리플 스트리트,4.666666666666667,인천
681,e001114,소찬공원,5.0,인천
682,e001118,연천 호로 고루,3.3333333333333335,경기
683,e001124,에버랜드,4.333333333333333,경기
684,e001124,AK플라자 수원,3.6666666666666665,경기
685,e001125,신세계백화점 강남점,5.0,
686,e001126,놀자 숲,5.0,경기
687,e001130,왕방 계곡,4.0,경기
688,e001130,소요산,4.0,경기
689,e001131,낙산공원,5.0,서울
690,e001131,현대백화점 디큐브시티점,2.3333333333333335,서울
691,e001134,호암미술관,5.0,경기
692,e001134,호암미술관 전통정원 희원,5.0,경기
693,e001142,인천 차이나타운,3.6666666666666665,인천
694,e001142,월미도,3.3333333333333335,인천
695,e001142,인천상륙작전기념관,3.0,인천
696,e001142,인천광역시립 박물관,3.3333333333333335,인천
697,e001146,국립현대미술관 과천관,4.333333333333333,경기
698,e001147,롯데월드타워 롯데월드몰,4.333333333333333,서울
699,e001147,석촌호수 동호,5.0,서울
700,e001149,에버랜드,5.0,경기
701,e001149,경의선 숲길,4.333333333333333,서울
702,e001149,여의도 한강공원,5.0,서울
703,e001150,아침고요 수목원,5.0,경기
704,e001159,현대 프리미엄 아울렛 스페이스 원,5.0,경기
705,e001159,스타필드 하남,4.333333333333333,경기
706,e001164,더 현대 서울,5.0,서울
707,e001164,롯데 아울렛 서울역점,4.333333333333333,서울
708,e001166,국립고궁박물관,5.0,서울
709,e001166,경복궁,4.333333333333333,서울
710,e001166,교보문고 광화문점,3.0,서울
711,e001166,플러스 시어터,5.0,서울
712,e001166,남산공원 N서울타워,3.3333333333333335,서울
713,e001171,압구정 로데오거리,4.0,서울
714,e001172,화성 융릉과 건릉,5.0,경기
715,e001172,용주사,3.0,경기
716,e001173,아침고요 수목원,5.0,경기
717,e001173,가평 뮤직 빌리지 음악 역 1939,4.666666666666667,경기
718,e001174,신세계백화점 강남점,5.0,서울
719,e001174,IFC 몰,5.0,서울
720,e001174,IFC 몰,4.0,서울
721,e001174,리움미술관,5.0,서울
722,e001174,경복궁,3.0,서울
723,e001174,더 현대 서울,5.0,서울
724,e001176,푸른 솔 GC 포천,5.0,경기
725,e001178,서울시립미술관 서소문 본관,5.0,서울
726,e001178,덕수궁,5.0,서울
727,e001180,소요산,4.0,
728,e001180,돌담 병원,4.0,경기
729,e001180,산정 랜드,5.0,경기
730,e001182,비둘기낭폭포,5.0,경기
731,e001182,한탄강 지질공원센터,3.0,경기
732,e001188,곤지암리조트,5.0,경기
733,e001190,롯데몰 수원점,4.0,경기
734,e001190,효원공원 월화원,3.0,경기
735,e001190,효원공원 월화원,5.0,경기
736,e001194,갤러리아백화점 광교점,4.0,경기
737,e001194,롯데 아울렛 광교점,3.6666666666666665,경기
738,e001194,갤러리아백화점 광교점,3.6666666666666665,경기
739,e001200,구읍뱃터,3.0,인천
740,e001201,북촌 한옥마을,5.0,서울
741,e001201,낙원악기상가,5.0,서울
742,e001201,익선동 한옥거리,5.0,서울
743,e001207,서울시립미술관 서소문 본관,4.333333333333333,서울
744,e001207,국립중앙박물관,3.6666666666666665,서울
745,e001207,마이아트 뮤지엄,4.0,서울
746,e001207,올림픽공원,3.0,서울
747,e001207,소마미술관,4.333333333333333,서울
748,e001211,수원 화성,4.666666666666667,경기
749,e001212,AK플라자 광명,4.333333333333333,경기
750,e001212,AK플라자 광명,4.333333333333333,경기
751,e001215,자라섬,5.0,경기
752,e001220,명동거리,3.3333333333333335,서울
753,e001220,남산 둘레길,5.0,서울
754,e001220,한양도성 유적전시관,5.0,서울
755,e001220,서울로 717,5.0,서울
756,e001233,인천 차이나타운,4.666666666666667,인천
757,e001233,신포국제시장,4.666666666666667,인천
758,e001233,인천개항 박물관,4.0,인천
759,e001233,월미도,4.0,인천
760,e001239,인천대공원,5.0,인천
761,e001239,자유 공원,5.0,인천
762,e001239,송월동 동화마을,5.0,인천
763,e001239,신포국제시장,5.0,인천
764,e001239,신포지하상가,4.0,인천
765,e001239,주교좌 답동 성 바오로 성당,5.0,인천
766,e001243,송도센트럴파크,5.0,인천
767,e001243,송도센트럴파크,5.0,인천
768,e001243,송도 한옥마을,4.0,인천
769,e001243,송도센트럴파크,5.0,인천
770,e001243,인천광역시립 박물관,5.0,인천
771,e001243,인천상륙작전기념관,5.0,인천
772,e001244,더 플라자,4.333333333333333,서울
773,e001244,명동거리,4.0,서울
774,e001244,광화문광장,4.333333333333333,서울
775,e001244,타임스퀘어,4.333333333333333,서울
776,e001246,올림픽공원,5.0,서울
777,e001247,서울미술관 본관,5.0,서울
778,e001247,석파정,5.0,서울
779,e001247,Ofr 서울,3.0,서울
780,e001247,더 현대 서울,5.0,서울
781,e001247,여의도 한강공원,1.6666666666666667,서울
782,e001247,국립중앙박물관,5.0,서울
783,e001247,국립현대미술관 서울관,5.0,서울
784,e001247,조계사,5.0,서울
785,e001247,광화문광장,5.0,서울
786,e001247,서울공예 박물관,5.0,서울
787,e001247,국립민속박물관,5.0,서울
788,e001247,한지문화산업센터,5.0,서울
789,e001247,한지문화산업센터,5.0,서울
790,e001251,롯데 아울렛 서울역점,3.6666666666666665,서울
791,e001251,더 플라자 별관,5.0,서울
792,e001251,덕수궁,5.0,서울
793,e001251,숭례문,5.0,서울
794,e001251,더 플라자 별관,5.0,서울
795,e001252,아침고요 수목원,4.333333333333333,경기
796,e001254,이케아 광명점,3.0,경기
797,e001254,이케아 광명점,3.0,경기
798,e001257,부천백만 송이 장미원,4.666666666666667,경기
799,e001262,방화수류정,5.0,경기
800,e001262,수원 화성,5.0,경기
801,e001264,아베 니체 마치 에비뉴 주차장,3.3333333333333335,경기
802,e001264,아베 니체 마치 에비뉴 주차장,2.0,경기
803,e001265,강촌레일파크 김유정역,5.0,강원
804,e001267,말똥 도넛 파주점,4.333333333333333,경기
805,e001267,오두산 통일전망대,3.6666666666666665,경기
806,e001267,헤이리 예술마을,3.6666666666666665,경기
807,e001271,전곡선사 박물관,5.0,경기
808,e001271,연천 전곡리 선사유적지,5.0,경기
809,e001276,송도센트럴파크,2.3333333333333335,인천
810,e001276,송도센트럴파크,3.3333333333333335,인천
811,e001279,연세대학교 신촌캠퍼스,5.0,서울
812,e001280,잠수교,5.0,서울
813,e001280,잠원한강공원,5.0,서울
814,e001280,잠수교,5.0,서울
815,e001280,롯데월드타워 롯데월드몰,5.0,서울
816,e001280,여의도 한강공원,5.0,서울
817,e001281,웨이브 파크,4.333333333333333,경기
818,e001281,현대 프리미엄 아울렛 송도점,5.0,인천
819,e001281,산정호수,4.333333333333333,경기
820,e001281,백운계곡 관광지,5.0,경기
821,e001287,서울랜드,5.0,경기
822,e001291,누들 플랫폼,3.3333333333333335,인천
823,e001291,인천상륙작전기념관,5.0,인천
824,e001295,대한민국역사박물관,4.0,서울
825,e001295,남산골 한옥마을,4.0,서울
826,e001301,훈훈 호떡,5.0,서울
827,e001301,망원한강공원,5.0,서울
828,e001301,롯데월드,5.0,서울
829,e001308,에버랜드,5.0,경기
830,e001316,화담숲,5.0,경기
831,e001321,인천 차이나타운,4.333333333333333,인천
832,e001321,송월동 동화마을,5.0,인천
833,e001321,자유 공원 맥아더 장군 동상,5.0,인천
834,e001321,청년 백범 김구 역 사거리,4.333333333333333,인천
835,e001325,국립중앙박물관,5.0,서울
836,e001325,이촌한강공원,5.0,서울
837,e001329,그랜드 하얏트 서울 델리,5.0,서울
838,e001330,농협안성팜랜드,4.333333333333333,경기
839,e001331,헤이리 예술마을,3.0,경기
840,e001331,파주 프리미엄 아울렛,3.0,경기
841,e001331,운정 호수 공원,4.333333333333333,경기
842,e001341,광명동굴,3.3333333333333335,경기
843,e001344,일월 수목원,5.0,경기
844,e001346,이촌한강공원,3.6666666666666665,서울
845,e001351,두물머리,5.0,경기
846,e001356,경복궁,5.0,서울
847,e001356,북촌 한옥마을,4.0,서울
848,e001356,광화문광장,4.0,서울
849,e001356,난지한강공원,4.666666666666667,서울
850,e001360,르푸앵 수상 레저,4.0,경기
851,e001377,국립민속박물관,4.0,서울
852,e001377,국립현대미술관 서울관,5.0,서울
853,e001377,경복궁,5.0,서울
854,e001380,심학산 약천사,4.333333333333333,경기
855,e001380,파주 프리미엄 아울렛,5.0,경기
856,e001382,이함 캠퍼스,4.333333333333333,경기
857,e001384,쉬자 파크,3.6666666666666665,경기
858,e001396,현대 프리미엄 아울렛 스페이스 원,4.666666666666667,경기
859,e001400,키스톤 스피시즈,3.6666666666666665,경기
860,e001400,스타필드 하남,5.0,경기
861,e001409,롯데월드타워 롯데월드몰,4.0,서울
862,e001411,타임스퀘어,3.3333333333333335,서울
863,e001412,더 현대 서울,4.0,서울
864,e001412,서울숲,5.0,서울
865,e001413,헤이리 예술마을,5.0,경기
866,e001414,연세대학교 신촌캠퍼스,4.0,서울
867,e001415,제부도 해수욕장,4.0,
868,e001415,제부도 해안산책로,4.0,경기
869,e001421,북촌 한옥마을,3.3333333333333335,서울
870,e001421,국립현대미술관 서울관,5.0,서울
871,e001422,두물머리,4.0,경기
872,e001422,자라섬 남도,4.0,경기
873,e001422,가평군 농협 하나로마트 북면점,3.3333333333333335,
874,e001422,가평군 농협 하나로마트 북면점,3.3333333333333335,경기
875,e001422,에델바이스 스위스 테마파크,5.0,경기
876,e001424,파주 신세계 프리미엄 아울렛,5.0,
877,e001426,시흥갯골생태공원,4.666666666666667,경기
878,e001426,물왕 호수,3.3333333333333335,경기
879,e001427,수봉공원,4.666666666666667,인천
880,e001427,수도국산 달동네 박물관,5.0,인천
881,e001428,KSPO DOME 올림픽 체조경기장,5.0,서울
882,e001428,롯데월드타워 롯데월드몰,5.0,서울
883,e001429,부천 자연 생태공원 자연 생태 박물관,3.6666666666666665,경기
884,e001430,장안문,5.0,경기
885,e001430,화성행궁,5.0,경기
886,e001430,수원 화성 화홍문,5.0,경기
887,e001430,방화수류정,5.0,경기
888,e001430,행궁동 벽화마을,3.3333333333333335,경기
889,e001432,인사동 문화의 거리,3.3333333333333335,서울
890,e001436,경기도 민물고기생태학습관,3.3333333333333335,경기
891,e001440,가납리 비행장,5.0,
892,e001440,가납리 비행장,5.0,
893,e001448,허브아일랜드,4.0,경기
894,e001448,포천아트밸리,4.666666666666667,경기
895,e001449,을왕리 해수욕장,5.0,인천
896,e001452,마장호수 출렁다리,5.0,경기
897,e001458,현대 프리미엄 아울렛 김포점,5.0,경기
898,e001458,현대 프리미엄 아울렛 김포점,5.0,경기
899,e001459,행주산성,4.0,경기
900,e001464,리움미술관,4.666666666666667,서울
901,e001467,일월 수목원,3.6666666666666665,경기
902,e001467,행궁동 벽화마을,2.3333333333333335,경기
903,e001467,수원 화성,4.666666666666667,경기
904,e001467,방화수류정,3.6666666666666665,경기
905,e001467,효원공원 월화원,5.0,경기
906,e001468,허브아일랜드,3.3333333333333335,경기
907,e001470,더 현대 서울,3.3333333333333335,서울
908,e001482,경의선 숲길,3.6666666666666665,서울
909,e001485,르푸앵 수상 레저,4.0,경기
910,e001489,니지 모리 스튜디오,4.666666666666667,경기
911,e001499,올림픽공원,3.0,서울
912,e001499,북촌 한옥마을,3.0,서울
913,e001510,짱 오락실 강남 2호점,5.0,서울
914,e001519,인천종합어시장,5.0,인천
915,e001519,인천종합어시장,5.0,인천
916,e001519,코스트코 하남점,5.0,경기
917,e001521,서울랜드,5.0,경기
918,e001522,철원 한탄강 주상절리길 드르니 매표소,5.0,강원
919,e001522,산정호수,5.0,경기
920,e001522,비둘기낭폭포,4.0,경기
921,e001523,경기도 잣향기 푸른 숲,4.0,경기
922,e001526,청와대 본관,4.666666666666667,서울
923,e001526,경복궁,5.0,서울
924,e001532,부천백만 송이 장미원,3.3333333333333335,경기
925,e001534,현대 프리미엄 아울렛 김포점,5.0,경기
926,e001538,용문사,5.0,경기
927,e001542,송도센트럴파크,5.0,인천
928,e001544,장안문,5.0,경기
929,e001544,방화수류정,5.0,경기
930,e001544,행궁동 벽화마을,5.0,경기
931,e001544,화성행궁,5.0,경기
932,e001548,덕수궁,5.0,서울
933,e001548,세종마을 음식문화거리,1.6666666666666667,서울
934,e001548,경복궁,5.0,서울
935,e001548,국립민속박물관,5.0,서울
936,e001548,창덕궁,3.0,서울
937,e001548,창경궁,4.0,서울
938,e001548,장교숙소 5단지(용산공원 반환부지),4.666666666666667,서울
939,e001548,오레오 팝업스토어,5.0,서울
940,e001548,성수동 카페거리,3.0,서울
941,e001548,더 현대 서울,3.6666666666666665,서울
942,e001548,여의도 한강공원,3.6666666666666665,서울
943,e001553,롯데 프리미엄 아울렛 파주점,5.0,경기
944,e001554,청라 호수 공원,3.6666666666666665,인천
945,e001554,배미꾸미 조각 공원,2.0,인천
946,e001554,수기 해변,4.0,인천
947,e001557,AW 컨벤션,4.0,경기
948,e001557,NC백화점 고잔점,4.0,경기
949,e001559,율동 공원,5.0,경기
950,e001564,경복궁,5.0,서울
951,e001564,국립현대미술관 서울관,5.0,서울
952,e001565,서울랜드,5.0,경기
953,e001569,덕수궁,4.0,서울
954,e001569,서울역사박물관,5.0,서울
955,e001571,서울랜드,4.666666666666667,경기
956,e001571,헤이리 예술마을,4.333333333333333,경기
957,e001571,마장호수,4.0,경기
958,e001576,광장시장,4.0,서울
959,e001576,신세계백화점 강남점,4.666666666666667,서울
960,e001576,남산공원,3.0,서울
961,e001577,에버랜드,5.0,경기
962,e001578,행주산성,5.0,경기
963,e001888,스타필드 고양,5.0,경기
964,e001888,스타필드 고양,5.0,경기
965,e001890,창룡문,4.0,경기
966,e001890,화성행궁,3.3333333333333335,경기
967,e001891,태산 패밀리파크,5.0,경기
968,e001899,롯데월드타워 롯데월드몰,4.666666666666667,서울
969,e001899,석촌호수 동호,5.0,서울
970,e001899,롯데월드,5.0,서울
971,e001900,스타벅스 광교 SK 뷰 레이크 41F 점,3.0,경기
972,e001900,호암미술관,5.0,경기
973,e001905,서오릉,4.666666666666667,경기
974,e001909,숭례문,4.0,서울
975,e001909,서울시립미술관 서소문 본관,3.0,서울
976,e001909,덕수궁,4.333333333333333,서울
977,e001909,서울특별시청,3.6666666666666665,서울
978,e001911,국립 아세안자연휴양림,5.0,경기
979,e001913,제부도 워터 워크,4.0,경기
980,e001913,서해랑 제부도 해상 케이블카 제부정류장,4.0,경기
981,e001913,제부도 해수욕장,4.0,
982,e001913,제부도 해안산책로,4.0,경기
983,e001914,말죽거리,1.6666666666666667,서울
984,e001914,렛츠 런 파크 서울,5.0,경기
985,e001914,말죽거리,2.3333333333333335,서울
986,e001916,63스퀘어,4.666666666666667,서울
987,e001916,올림픽공원,5.0,서울
988,e001923,유명산,4.333333333333333,경기
989,e001924,종묘,5.0,서울
990,e001924,창경궁,4.0,서울
991,e001924,동대문종합시장,2.3333333333333335,서울
992,e001926,디오르 성수,3.6666666666666665,서울
993,e001926,피크닉,4.0,서울
994,e001926,COS 퀼티드 백 팝업스토어,2.0,서울
995,e001935,오산 오색시장,5.0,경기
996,e001935,오산 오색시장,5.0,경기
997,e001936,농협안성팜랜드,5.0,경기
998,e001936,안성 3.1운동 기념관,5.0,경기
999,e001936,와우정사,5.0,경기
1000,e001937,에버랜드,5.0,경기
1001,e001940,다산 생태공원,5.0,경기
1002,e001940,물의 정원,4.0,경기
1003,e001940,현대 프리미엄 아울렛 스페이스 원,3.3333333333333335,경기
1004,e001944,효원공원 월화원,5.0,경기
1005,e001949,서울숲,5.0,서울
1006,e001949,오레오 팝업스토어,5.0,서울
1007,e001950,한국민속촌,5.0,경기
1008,e001950,청와대 본관,5.0,서울
1009,e001950,아이파크몰 용산점,5.0,서울
1010,e001950,이촌한강공원,4.0,서울
1011,e001955,에버랜드,4.0,경기
1012,e001968,강화역사박물관,5.0,인천
1013,e001968,남산공원,5.0,
1014,e001968,고려산,5.0,인천
1015,e001972,롯데월드타워 롯데월드몰,4.0,서울
1016,e001972,롯데월드타워 롯데월드몰,4.0,서울
1017,e001976,북촌 한옥마을,5.0,서울
1018,e001976,코엑스,5.0,서울
1019,e001987,궁평항,5.0,경기
1020,e001989,아이파크몰 용산점,4.0,서울
1021,e001990,고양시립 별 꿈 도서관,5.0,경기
1022,e001993,AK플라자 광명,4.0,경기
1023,e001993,광명동굴,3.6666666666666665,경기
1024,e001996,운정 호수 공원,4.0,경기
1025,e001997,두창 저수지,4.0,경기
1026,e001997,두창 저수지,4.0,경기
1027,e001997,AK 기흥점,4.0,
1028,e001997,AK 기흥점,4.0,
1029,e002011,통복시장,3.6666666666666665,경기
1030,e002011,스타필드 안성,3.6666666666666665,경기
1031,e002014,스타필드 하남,5.0,경기
1032,e002014,아쿠아 필드 하남,5.0,경기
1033,e002014,아쿠아 필드 하남,5.0,경기
1034,e002024,미메시스 아트 뮤지엄,3.6666666666666665,경기
1035,e002024,스타필드 고양,4.666666666666667,경기
1036,e002030,오이도 빨강등대,5.0,경기
1037,e002030,오이도 선사유적공원,5.0,경기
1038,e002033,롯데 프리미엄 아울렛 기흥점,4.333333333333333,경기
1039,e002034,예술의전당 한가람미술관,5.0,서울
1040,e002034,덕수궁,5.0,서울
1041,e002035,임진강 주상절리,2.3333333333333335,
1042,e002035,재인폭포,4.0,경기
1043,e002036,수원 화성,4.666666666666667,경기
1044,e002036,한옥기술 전시관,3.6666666666666665,경기
1045,e002036,행궁동 벽화마을,2.3333333333333335,경기
1046,e002038,제부도 해안산책로,4.333333333333333,경기
1047,e002045,시흥갯골생태공원,4.333333333333333,경기
1048,e002045,시흥 프리미엄 아울렛,4.333333333333333,경기
1049,e002045,아산스파비스,4.0,충남
1050,e002049,반포 한강공원 달빛광장,3.6666666666666665,서울
1051,e002049,코엑스,3.0,서울
1052,e002051,청와대 본관,5.0,서울
1053,e002051,현대카드 디자인 라이브러리,2.6666666666666665,서울
1054,e002051,국립현대미술관 서울관,5.0,서울
1055,e002056,두물머리,4.0,경기
1056,e002059,대한 성공회 강화성당,4.0,인천
1057,e002064,타임스퀘어,4.666666666666667,서울
1058,e002066,아쿠아 필드 하남,5.0,경기
1059,e002069,스타필드 코엑스몰,4.666666666666667,서울
1060,e002069,코엑스,3.6666666666666665,서울
1061,e002070,뚝섬 미술관,3.0,서울
1062,e002070,서울숲,5.0,서울
1063,e002071,인플럭스,4.666666666666667,경기
1064,e002071,물의 정원,4.666666666666667,경기
1065,e002071,운길산,3.6666666666666665,경기
1066,e002074,동묘공원,5.0,서울
1067,e002074,현대 시티 아울렛 동대문점,5.0,서울
1068,e002074,잠수교,5.0,서울
1069,e002074,강남 터미널 경부선 지하상가,5.0,서울
1070,e002074,서소문 성지 역사박물관,5.0,서울
1071,e002074,서울로 717,5.0,서울
1072,e002076,수원 영 동 시장,5.0,경기
1073,e002076,화성행궁,5.0,경기
1074,e002076,화성행궁,5.0,경기
1075,e002077,영종진공원,4.0,인천
1076,e002079,벽초지 수목원,4.333333333333333,경기
1077,e002079,퍼스트 가든,5.0,경기
1078,e002081,파라다이스 시티 씨메르,4.0,인천
1079,e002082,장안문,4.666666666666667,경기
1080,e002082,방화수류정,4.0,경기
1081,e002082,동북각루,5.0,경기
1082,e002084,임진각 평화누리,4.333333333333333,경기
1083,e002084,헤이리 예술마을,4.333333333333333,경기
1084,e002089,수원 화성 박물관,5.0,경기
1085,e002089,수원 화성,5.0,경기
1086,e002093,경의선 숲길,5.0,서울
1087,e002097,수원시립미술관,5.0,경기
1088,e002097,방화수류정,5.0,경기
1089,e002099,남산공원 N서울타워,3.6666666666666665,서울
1090,e002099,에잇 세컨즈 가로수길점,4.0,서울
1091,e002106,화성행궁,4.666666666666667,경기
1092,e002106,방화수류정,5.0,경기
1093,e002106,행리단길,4.666666666666667,경기
1094,e002106,팔달문시장,3.0,경기
1095,e002108,현대 프리미엄 아울렛 송도점,4.0,인천
1096,e002110,강화 루지,5.0,인천
1097,e002121,현대백화점 디큐브시티점,4.0,서울
1098,e002126,63스퀘어,5.0,
1099,e002130,뚝섬 미술관,5.0,서울
1100,e002132,일월 수목원,4.0,
1101,e002132,행리단길,5.0,경기
1102,e002132,롯데 아울렛 광교점,4.0,경기
1103,e002135,임진각 평화누리,4.0,경기
1104,e002135,임진각 평화누리,4.0,경기
1105,e002136,COS 퀼티드 백 팝업스토어,2.6666666666666665,서울
1106,e002136,도산 근린공원,3.6666666666666665,서울
1107,e002141,성북 꿈빛극장,4.666666666666667,서울
1108,e002141,노원문화의 거리,2.3333333333333335,서울
1109,e002141,성북 꿈빛극장,5.0,서울
1110,e002141,하늘공원,4.333333333333333,서울
1111,e002145,광교호수공원,3.6666666666666665,경기
1112,e002148,수원 화성 화홍문,5.0,경기
1113,e002148,화성행궁,5.0,경기
1114,e002148,수원 화성 박물관,5.0,경기
1115,e002152,기흥호수 공원,5.0,경기
1116,e002152,이케아 기흥점,4.333333333333333,경기
1117,e002154,서암 생활체육공원,5.0,
1118,e002158,남한산성 행궁,5.0,경기
1119,e002159,화성행궁,3.3333333333333335,경기
1120,e002159,카자 구루메,3.0,경기
1121,e002159,수원 화성 팔달문,3.0,경기
1122,e002160,서울대공원 장미원,4.0,경기
1123,e002160,서울대공원,3.0,경기
1124,e002160,남산공원 N서울타워,4.333333333333333,서울
1125,e002163,문지리 535,5.0,경기
1126,e002163,율곡수목원,4.0,경기
1127,e002168,현대백화점 킨텍스점,5.0,경기
1128,e002168,파주 프리미엄 아울렛,5.0,경기
1129,e002169,남산공원 N서울타워,5.0,서울
1130,e002171,철원역사 문화공원,3.6666666666666665,강원
1131,e002171,철원 한탄강 주상절리길 순담 매표소,5.0,강원
1132,e002171,철원 한탄강 주상절리길 순담 매표소,5.0,강원
1133,e002171,고석정 국민관광지,5.0,강원
1134,e002171,산정호수 둘레길,5.0,경기
1135,e002176,양주시립 장욱진미술관,4.333333333333333,경기
1136,e002178,김포한강야생조류생태공원,5.0,경기
1137,e002182,경포대,5.0,강원
1138,e002182,경포대,5.0,강원
1139,e002183,안녕 인사동,4.0,서울
1140,e002184,신세계 프리미엄 아울렛 여주,3.6666666666666665,경기
1141,e002186,경인아라뱃길,4.0,인천
1142,e002187,서울대공원,4.333333333333333,경기
1143,e002189,서울로 717,4.0,서울
1144,e002189,남대문시장,5.0,서울
1145,e002189,남산공원 N서울타워,4.333333333333333,서울
1146,e002198,통복시장,4.0,경기
1147,e002198,배다리 생태공원,5.0,경기
1148,e002202,이케아 광명점,5.0,경기
1149,e002202,코스트코 광명점,5.0,경기
1150,e002202,광명동굴,5.0,경기
1151,e002202,광명 전통시장,5.0,경기
1152,e002204,두물머리,5.0,경기
1153,e002206,마로니에공원,4.0,서울
1154,e002206,띠아트,3.0,서울
1155,e002206,홍대 패션거리,3.0,서울
1156,e002209,반포 한강공원 달빛광장,3.6666666666666665,서울
1157,e002209,더 현대 서울,3.3333333333333335,서울
1158,e002212,유명산,4.0,경기
1159,e002212,중원산,3.0,경기
1160,e002213,롯데백화점 영등포점,4.0,서울
1161,e002213,롯데백화점 영등포점,4.0,서울
1162,e002214,일산 호수공원,5.0,경기
1163,e002215,에버랜드,3.0,경기
1164,e002215,신세계 프리미엄 아울렛 여주,5.0,경기
1165,e002220,아이파크몰 용산점,4.0,서울
1166,e002220,63스퀘어,4.0,서울
1167,e002220,더 현대 서울,4.0,서울
1168,e002222,현대모터 스튜디오 고양,4.0,경기
1169,e002222,스타필드 고양,3.3333333333333335,경기
1170,e002222,임진각 관광지,4.0,경기
1171,e002222,롯데 프리미엄 아울렛 파주점,3.0,경기
1172,e002222,아시아출판문화 정보 센터 지혜의 숲 1관,3.0,경기
1173,e002231,아시아출판문화 정보 센터 지혜의 숲 1관,5.0,경기
1174,e002233,신세계 프리미엄 아울렛 여주,4.333333333333333,경기
1175,e002233,영월루,4.0,경기
1176,e002235,연세대학교 신촌캠퍼스,4.0,서울
1177,e002235,연세대학교 신촌캠퍼스,4.0,서울
1178,e002236,홍대 앞 걷고 싶은 거리,3.0,서울
1179,e002236,T 팩토리,5.0,서울
1180,e002236,홍대 패션거리,3.3333333333333335,서울
1181,e002236,홍대 패션거리,3.6666666666666665,서울
1182,e002236,롯데월드,3.0,서울
1183,e002236,동대문종합시장,3.0,서울
1184,e002236,흥인지문공원,3.0,서울
1185,e002243,이케아 고양점,5.0,경기
1186,e002246,현대모터 스튜디오 고양,4.0,경기
1187,e002246,아쿠아 플라넷 일산,5.0,경기
1188,e002248,롯데월드타워 롯데월드몰,4.333333333333333,서울
1189,e002248,석촌호수 서호,4.333333333333333,서울
1190,e002253,루덴시아,3.3333333333333335,경기
1191,e002254,탑골공원,3.0,서울
1192,e002254,청계천,3.0,서울
1193,e002254,조계사,5.0,서울
1194,e002254,광화문광장,5.0,서울
1195,e002254,푸른 수목원,5.0,서울
1196,e002255,전곡선사 박물관,3.6666666666666665,경기
1197,e002260,수원 화성 서장대,5.0,경기
1198,e002260,행리단길,5.0,경기
1199,e002260,행궁에뜨왈,4.666666666666667,경기
1200,e002260,수원시립미술관,5.0,경기
1201,e002260,동북각루,5.0,경기
1202,e002260,화성행궁,5.0,경기
1203,e002263,서울대공원,5.0,경기
1204,e002264,청계사,4.666666666666667,경기
1205,e002266,남이섬,5.0,강원
1206,e002272,한탄강 생태경관 단지,3.0,경기
1207,e002279,롯데 아울렛 광교점,3.0,경기
1208,e002279,앨리웨이 광교,4.666666666666667,경기
1209,e002283,KSPO DOME 올림픽 체조경기장,5.0,서울
1210,e002283,KSPO DOME 올림픽 체조경기장,5.0,서울
1211,e002284,농협안성팜랜드,5.0,경기
1212,e002284,스타필드 안성,5.0,경기
1213,e002288,인사동 문화의 거리,3.3333333333333335,서울
1214,e002289,물향기 수목원,3.0,경기
1215,e002291,도산 근린공원,5.0,서울
1216,e002306,롯데마트 마석점,3.0,경기
1217,e002308,광교호수공원,5.0,경기
1218,e002308,지동시장,3.0,경기
1219,e002308,일월 수목원,5.0,경기
1220,e002308,수원 화성,5.0,경기
1221,e002310,홍유릉,4.0,경기
1222,e002313,현대 프리미엄 아울렛 김포점,4.666666666666667,경기
1223,e002316,경안천 습지생태공원,5.0,경기
1224,e002318,롯데월드타워 롯데월드몰,3.6666666666666665,서울
1225,e002318,롯데월드타워 롯데월드몰,5.0,서울
1226,e002318,현대백화점 무역센터점,4.0,서울
1227,e002323,수원시립미술관,5.0,경기
1228,e002323,방화수류정,4.0,경기
1229,e002323,화성행궁,3.6666666666666665,경기
1230,e002330,영녕릉 세종대왕유적지구 세종대왕릉,4.666666666666667,경기
1231,e002332,스타필드 고양,5.0,경기
1232,e002336,재인폭포,4.333333333333333,경기
1233,e002336,세라비 한옥 카페,4.333333333333333,경기
1234,e002340,CGV 피카디리 1958,5.0,서울
1235,e002340,익선동 한옥거리,5.0,서울
1236,e002340,탑골공원,5.0,서울
1237,e002340,청계천,5.0,서울
1238,e002342,연천 고랑 포구 역사 공원 역사 문화전시관,4.0,경기
1239,e002351,구읍뱃터,3.0,인천
1240,e002351,을왕리 해수욕장,4.0,인천
1241,e002351,파라다이스 시티 원더 박스,3.6666666666666665,인천
1242,e002351,노을공원,3.6666666666666665,인천
1243,e002364,화성행궁,3.6666666666666665,경기
1244,e002364,수원 화성,5.0,경기
1245,e002364,방화수류정,4.666666666666667,경기
1246,e002364,화성행궁,5.0,경기
1247,e002375,행리단길,4.333333333333333,경기
1248,e002375,방화수류정,4.0,경기
1249,e002375,수원 화성 박물관,5.0,경기
1250,e002375,수원 화성 서장대,5.0,경기
1251,e002375,화성행궁,4.333333333333333,경기
1252,e002376,가로수길,3.3333333333333335,
1253,e002376,뚝섬한강공원,5.0,서울
1254,e002376,서울특별시청,4.666666666666667,서울
1255,e002376,숭례문,5.0,서울
1256,e002376,덕수궁,5.0,서울
1257,e002376,광화문광장,5.0,서울
1258,e002376,북촌 한옥마을,5.0,서울
1259,e002376,청계천,5.0,서울
1260,e002376,창덕궁,5.0,서울
1261,e002376,창덕궁,5.0,서울
1262,e002389,심학산 약천사,3.0,경기
1263,e002389,심학산 둘레길,5.0,경기
1264,e002391,안양천,5.0,서울
1265,e002391,현대 시티 아울렛 가산점,3.3333333333333335,서울
1266,e002392,청계천,5.0,서울
1267,e002394,롯데마트 마석점,5.0,경기
1268,e002394,두물머리,5.0,경기
1269,e002401,청계천,5.0,서울
1270,e002402,국립중앙박물관,5.0,서울
1271,e002405,현대백화점 판교점,4.0,경기
1272,e002409,포천아트밸리,5.0,경기
1273,e002409,한탄강 하늘다리,5.0,경기
1274,e002409,비둘기낭폭포,5.0,경기
1275,e002410,청라 호수 공원,5.0,인천
1276,e002412,한국만화 박물관,4.666666666666667,경기
1277,e002412,상동호수 공원,4.0,경기
1278,e002412,현대백화점 디큐브시티점,5.0,서울
1279,e002414,더 현대 서울,4.666666666666667,서울
1280,e002414,IFC 몰,4.0,서울
1281,e002414,여의도 한강공원,4.666666666666667,서울
1282,e002415,트리플 스트리트,5.0,인천
1283,e002415,소찬공원,4.333333333333333,인천
1284,e002415,송도 달빛축제공원,4.0,인천
1285,e002415,송도센트럴파크,5.0,인천
1286,e002421,웨이브 서플,5.0,경기
1287,e002421,웨이브 서플,5.0,경기
1288,e002422,그라운드 시 소 서촌,3.3333333333333335,서울
1289,e002423,수원팔색길 화성 성곽길,4.0,경기
1290,e002423,팔달산,5.0,경기
1291,e002423,방화수류정,5.0,경기
1292,e002423,일월 수목원,5.0,경기
1293,e002423,수원시립미술관,5.0,경기
1294,e002425,포천아트밸리,3.6666666666666665,경기
1295,e002425,한탄강 하늘다리,3.3333333333333335,경기
1296,e002433,수락산,3.6666666666666665,경기
1297,e002437,태산 패밀리파크,4.0,경기
1298,e002451,숭례문,5.0,서울
1299,e002451,남대문시장,4.666666666666667,서울
1300,e002451,신세계백화점 본점,5.0,서울
1301,e002451,한국은행 화폐박물관,5.0,서울
1302,e002462,에버랜드,5.0,경기
1303,e002462,에버랜드,5.0,경기
1304,e002465,은평 한옥마을,4.0,서울
1305,e002467,송도센트럴파크,5.0,인천
1306,e002467,현대 프리미엄 아울렛 송도점,4.0,인천
1307,e002467,현대 프리미엄 아울렛 송도점,5.0,인천
1308,e002467,트리플 스트리트,5.0,인천
1309,e002470,국립현대미술관 서울관,5.0,서울
1310,e002470,경복궁,4.0,서울
1311,e002471,아침고요 수목원,5.0,경기
1312,e002471,남이섬,5.0,강원특별자치도
1313,e002471,자라섬,5.0,경기
1314,e002471,남이섬,5.0,강원특별자치도
1315,e002476,용문산관광지,4.0,경기
1316,e002476,용문사,4.0,경기
1317,e002476,현대 프리미엄 아울렛 스페이스 원,4.666666666666667,경기
1318,e002477,국립수목원,5.0,경기
1319,e002477,코스트코 의정부점,5.0,경기
1320,e002481,일산 호수공원,3.3333333333333335,경기
1321,e002483,동북각루,4.0,경기
1322,e002483,행궁동 벽화마을,3.0,경기
1323,e002483,수원 화성,4.0,경기
1324,e002483,화성행궁,3.6666666666666665,경기
1325,e002483,효원공원 월화원,4.0,경기
1326,e002483,AK플라자 수원,3.0,경기
1327,e002491,백운계곡,5.0,경기
1328,e002506,신세계 프리미엄 아울렛 여주,3.3333333333333335,경기
1329,e002508,동탄 호수 공원,3.6666666666666665,경기
1330,e002511,스타필드 하남,4.0,경기
1331,e002513,동구릉,4.0,경기
1332,e002527,김포 장릉,5.0,경기
1333,e002536,인왕산 둘레길,4.0,서울
1334,e002536,청운 문학도서관,4.666666666666667,서울
1335,e002536,덕수궁,5.0,서울
1336,e002541,수원 화성 박물관,4.666666666666667,경기
1337,e002541,수원팔색길 화성 성곽길,4.666666666666667,경기
1338,e002548,국립중앙박물관,4.333333333333333,서울
1339,e002548,롯데월드타워 롯데월드몰,4.0,서울
1340,e002548,잠실종합운동장 올림픽 주경기장,5.0,서울
1341,e002548,광장시장,4.333333333333333,서울
1342,e002550,아이파크몰 용산점,5.0,서울
1343,e002550,국립중앙박물관,5.0,서울
1344,e002551,망원한강공원,5.0,서울
1345,e002551,선유도공원,5.0,서울
1346,e002555,자라섬,2.6666666666666665,경기
1347,e002556,아이파크몰 용산점,5.0,서울
1348,e002565,두물머리,4.0,경기
1349,e002566,석촌호수 산책길,5.0,서울
1350,e002569,강남 터미널 경부선 지하상가,4.0,서울
1351,e002569,코엑스,5.0,서울
1352,e002569,스타필드 코엑스몰,4.0,서울
1353,e002569,대한불교조계종 봉은사,3.6666666666666665,서울
1354,e002572,국립현대미술관 서울관,5.0,서울
1355,e002572,삼청동 거리,5.0,서울
1356,e002572,더 현대 서울,5.0,서울
1357,e002574,서울월드컵경기장,3.6666666666666665,서울
1358,e002577,포천아트밸리,4.0,경기
1359,e002577,산정호수,4.0,경기
1360,e002577,허브아일랜드,4.0,경기
1361,e002579,더 현대 서울,4.0,서울
1362,e002579,IFC 몰,3.3333333333333335,서울
1363,e002579,KSPO DOME 올림픽 체조경기장,5.0,서울
1364,e002582,국립현대미술관 서울관,4.0,서울
1365,e002582,교보문고 광화문점,4.0,서울
1366,e002582,광화문광장,2.6666666666666665,서울
1367,e002582,덕수궁,4.0,서울
1368,e002582,덕수궁,4.0,서울
1369,e002583,동탄 호수 공원,4.0,경기
1370,e002583,동탄 호수 공원,4.333333333333333,경기
1371,e002584,양수리 전통시장,5.0,경기
1372,e002584,두물머리,5.0,경기
1373,e002584,양평곤충 박물관,5.0,경기
1374,e002589,남이섬,3.6666666666666665,강원특별자치도
1375,e002589,아침고요 수목원,3.6666666666666665,경기
1376,e002589,두물머리,3.6666666666666665,경기
1377,e002589,다산 생태공원,3.0,경기
1378,e002593,불곡산,5.0,경기
1379,e002597,에버랜드,4.0,경기
1380,e002599,두레공원,3.0,경기
1381,e002605,일 피노,4.666666666666667,경기
1382,e002605,능내역 (폐역),4.0,경기
1383,e002606,서울공예 박물관,3.0,서울
1384,e002610,연천 호로 고루,4.0,경기
1385,e002610,전곡선사 박물관,5.0,경기
1386,e002622,남이섬 가평 선착장,5.0,경기
1387,e002622,아침고요 수목원,5.0,경기
1388,e002625,신세계 프리미엄 아울렛 여주,3.0,경기
1389,e002634,국립중앙박물관,5.0,서울
1390,e002635,안양 워터랜드,3.3333333333333335,경기
1391,e002638,Apple 가로수길,5.0,서울
1392,e002673,한국만화 박물관,3.6666666666666665,경기
1393,e002673,웅진플레이도시 워터파크 온천스파,3.6666666666666665,경기
1394,e002677,더 현대 서울,3.0,서울
1395,e002677,여의도 한강공원,3.6666666666666665,서울
1396,e002677,IFC 몰,4.0,서울
1397,e002677,현대 프리미엄 아울렛 김포점,5.0,경기
1398,e002681,롯데월드타워 롯데월드몰,4.0,서울
1399,e002681,잠원한강공원,5.0,서울
1400,e002681,장교숙소 5단지(용산공원 반환부지),5.0,서울
1401,e002681,홍대 패션거리,5.0,서울
1402,e002684,파주 프리미엄 아울렛,3.3333333333333335,경기
1403,e002697,서울숲,5.0,서울
1404,e002697,오레오 팝업스토어,2.6666666666666665,서울
1405,e002697,경의선 숲길,4.333333333333333,서울
1406,e002697,북촌 한옥마을,5.0,서울
1407,e002699,물의 정원,3.0,경기
1408,e002705,오이도,5.0,경기
1409,e002705,오이도,5.0,경기
1410,e002719,웅진플레이도시 워터파크 온천스파,5.0,경기
1411,e002721,국립중앙도서관,4.0,서울
1412,e002721,파리에 스테이션,4.0,서울
1413,e002721,신세계백화점 강남점,4.0,서울
1414,e002728,에버랜드,4.666666666666667,경기
1415,e002736,동대문종합시장,4.0,서울
1416,e002736,동대문디자인플라자,4.0,서울
1417,e002736,밀리오레,4.0,서울
1418,e002736,장충체육관,5.0,서울
1419,e002737,국립중앙도서관,4.0,서울
1420,e002739,수원 화성 박물관,3.6666666666666665,경기
1421,e002739,화성행궁,4.0,경기
1422,e002739,수원시립미술관,3.6666666666666665,경기
1423,e002740,메이필드호텔 서울 수영장,5.0,
1424,e002740,롯데몰 김포공항점,3.3333333333333335,서울
1425,e002740,메이필드호텔 서울 수영장,5.0,
1426,e002742,김포 장릉,4.666666666666667,경기
1427,e002745,디오르 성수,5.0,서울
1428,e002745,공간 와디즈,5.0,서울
1429,e002746,신세계백화점 의정부점,5.0,경기
1430,e002747,장안문,5.0,경기
1431,e002747,화성행궁,5.0,경기
1432,e002747,화성행궁,5.0,경기
1433,e002747,수원 화성 화서문,5.0,경기
1434,e002754,서울시립미술관 서소문 본관,4.0,서울
1435,e002754,국립중앙박물관,4.333333333333333,서울
1436,e002755,오산 오색시장,4.0,경기
1437,e002755,고인돌공원,4.0,경기
1438,e002756,쁘띠프랑스,3.0,경기
1439,e002759,이케아 광명점,3.0,경기
1440,e002759,이케아 광명점,3.6666666666666665,경기
1441,e002759,이케아 광명점,3.0,경기
1442,e002763,노들섬,4.0,서울
1443,e002763,더 현대 서울,4.0,서울
1444,e002767,자라섬,4.0,경기
1445,e002767,가평군 농협 하나로마트 청평점,3.3333333333333335,경기
1446,e002770,영등포전통시장,2.3333333333333335,서울
1447,e002770,롯데백화점 영등포점,3.6666666666666665,서울
1448,e002770,타임스퀘어,4.0,서울
1449,e002770,문래동 창작촌,2.0,서울
1450,e002773,흥국사,5.0,
1451,e002775,시흥갯골생태공원,5.0,경기
1452,e002784,덕수궁,3.6666666666666665,서울
1453,e002784,청계천,4.0,서울
1454,e002784,올림픽공원,4.0,서울
1455,e002784,KSPO DOME 올림픽 체조경기장,5.0,서울
1456,e002786,덕소 자연사박물관,3.6666666666666665,경기
1457,e002786,고인돌공원,4.0,경기
1458,e002793,서오릉,4.0,경기
1459,e002793,스타필드 고양,4.666666666666667,경기
1460,e002800,선밸리 호텔 워터파크,3.3333333333333335,경기
1461,e002800,여주 한글 시장,3.0,경기
1462,e002800,여주 자전거 여행,4.0,경기
1463,e002812,아이파크몰 용산점,5.0,서울
1464,e002812,청계천,5.0,서울
1465,e002812,광화문광장,4.0,서울
1466,e002812,대한민국역사박물관,2.3333333333333335,서울
1467,e002812,해방촌 오거리,4.666666666666667,
1468,e002812,청와대 본관,4.666666666666667,서울
1469,e002812,삼청동 거리,4.0,서울
1470,e002812,국립현대미술관 서울관,4.0,서울
1471,e002915,좌상 바위,2.6666666666666665,경기
1472,e002915,연천 땅 포성,4.0,경기
1473,e002915,세라비 한옥 카페,4.0,경기
1474,e002916,KSPO DOME 올림픽 체조경기장,5.0,서울
1475,e002916,KSPO DOME 올림픽 체조경기장,5.0,서울
1476,e002922,율동 공원,4.666666666666667,경기
1477,e002922,AK& 기흥,4.333333333333333,경기
1478,e002925,포천아트밸리,4.666666666666667,경기
1479,e002931,고성산,4.0,경기
1480,e002937,별빛정원 우주,5.0,경기
1481,e002937,설봉공원,5.0,경기
1482,e002939,계곡,4.0,
1483,e002949,반포 한강공원,4.666666666666667,
1484,e002949,잠수교 지하보도,4.333333333333333,서울
1485,e002957,신세계백화점 본점,5.0,서울
1486,e002957,연세대학교 신촌캠퍼스,5.0,서울
1487,e002958,어메이징 래프팅,5.0,강원특별자치도
1488,e002958,산정호수,4.0,경기
1489,e002965,청학동 계곡,4.0,경기
1490,e002965,이마트 별내점,4.0,경기
1491,e002972,세종문화회관 대극장,5.0,서울
1492,e002973,홍유릉,4.666666666666667,경기
1493,e002976,덕수궁,5.0,서울
1494,e002976,예스24 라이브홀,5.0,서울
1495,e002976,석촌호수 서호,5.0,서울
1496,e002976,롯데월드타워 롯데월드몰,3.3333333333333335,서울
1497,e002976,서울로 717,3.3333333333333335,서울
1498,e002980,서울랜드,5.0,경기
1499,e002984,다 마치 계곡 유원지,4.0,경기
1500,e002985,대한불교조계종 봉은사,5.0,서울
1501,e002986,마장호수 출렁다리,2.6666666666666665,경기
1502,e002986,퍼스트 가든,1.3333333333333333,경기
1503,e002991,동북각루,5.0,경기
1504,e002991,행궁동 벽화마을,3.3333333333333335,경기
1505,e002991,카자 구루메,2.3333333333333335,
1506,e002991,행리단길,4.0,경기
1507,e002991,수원 화성 화홍문,4.333333333333333,경기
1508,e002991,수원 월드컵 경기장,3.0,경기
1509,e003000,신포국제시장,3.0,인천
1510,e003000,인천 차이나타운,4.666666666666667,인천
1511,e003000,현대 프리미엄 아울렛 송도점,4.0,인천
1512,e003001,경의선 숲길,5.0,서울
1513,e003001,반포 한강공원 달빛광장,5.0,서울
1514,e003001,코엑스,5.0,서울
1515,e003002,양평곤충 박물관,4.0,경기
1516,e003004,수원 화성 화서문,4.0,경기
1517,e003004,수원 화성,3.0,경기
1518,e003004,화성행궁,3.0,경기
1519,e003006,남한산성 행궁,5.0,경기
1520,e003017,실학박물관,4.0,경기
1521,e003017,정약용 유적지 생가,4.0,경기
1522,e003017,다산 생태공원,4.0,경기
1523,e003017,두물머리,4.0,경기
1524,e003017,시몬스 테라스점,4.0,경기
1525,e003019,코스트코 양재점,3.0,서울
1526,e003019,롯데백화점 강남점,2.3333333333333335,서울
1527,e003019,서울역사박물관,5.0,서울
1528,e003020,잠실종합운동장,5.0,서울
1529,e003022,이케아 광명점,4.0,경기
1530,e003023,비둘기낭폭포,5.0,경기
1531,e003023,한탄강 하늘다리,5.0,경기
1532,e003025,설봉공원,5.0,경기
1533,e003025,영녕릉 세종대왕유적지구 세종대왕릉,5.0,경기
1534,e003033,에버랜드,5.0,경기
1535,e003034,시흥 프리미엄 아울렛,3.6666666666666665,경기
1536,e003040,남대문시장,4.666666666666667,서울
1537,e003040,신세계백화점 본점,4.0,서울
1538,e003045,북촌 한옥마을,4.333333333333333,서울
1539,e003045,교보문고 광화문점,5.0,서울
1540,e003051,청계천,4.333333333333333,서울
1541,e003051,경복궁,4.0,
1542,e003051,창경궁,4.333333333333333,
1543,e003051,종묘,5.0,
1544,e003051,조계사,3.6666666666666665,
1545,e003056,KSPO 돔,5.0,서울
1546,e003062,에버랜드,4.666666666666667,경기
1547,e003062,시흥 프리미엄 아울렛,3.0,경기
1548,e003065,평화랜드,4.0,경기
1549,e003065,롯데 프리미엄 아울렛 파주점,3.0,경기
1550,e003071,청와대 본관,5.0,서울
1551,e003071,광화문,4.0,서울
1552,e003071,롯데월드타워 롯데월드몰,5.0,서울
1553,e003071,롯데월드,4.0,서울
1554,e003079,화성행궁,3.0,경기
1555,e003079,롯데몰 수원점,5.0,경기
1556,e003079,갤러리아백화점 광교점,5.0,경기
1557,e003079,신세계 프리미엄 아울렛 여주,5.0,경기
1558,e003083,만해 한용운 심우장,5.0,서울
1559,e003086,스퀘어 원,4.666666666666667,인천
1560,e003086,송도센트럴파크,4.666666666666667,인천
1561,e003095,웨이브 파크,5.0,경기
1562,e003102,현대백화점 판교점,3.6666666666666665,경기
1563,e003103,한 아름공원,5.0,경기
1564,e003107,에버랜드,5.0,경기
1565,e003107,호암미술관,3.3333333333333335,경기
1566,e003115,경기도 잣향기 푸른 숲,5.0,경기
1567,e003115,쁘띠프랑스,2.6666666666666665,경기
1568,e003116,청라 호수 공원,5.0,인천
1569,e003120,조몰락 계곡,4.666666666666667,경기
1570,e003120,두 대리 용소 폭포,5.0,경기
1571,e003126,아침고요 수목원,5.0,경기
1572,e003133,서울 선릉과 정릉,5.0,서울
1573,e003137,서암 생활체육공원,5.0,경기
1574,e003137,현대 프리미엄 아울렛 김포점,5.0,경기
1575,e003138,렛츠 런 파크 서울,5.0,경기
1576,e003143,서울숲,5.0,서울
1577,e003143,공간 와디즈,5.0,서울
1578,e003143,롯데월드타워 롯데월드몰,5.0,서울
1579,e003143,석촌호수 산책길,5.0,서울
1580,e003156,현대 프리미엄 아울렛 김포점,3.3333333333333335,경기
1581,e003156,현대 프리미엄 아울렛 김포점,3.0,경기
1582,e003162,여의도 한강공원,5.0,서울
1583,e003162,홍대 패션거리,3.0,서울
1584,e003162,잠실종합운동장 올림픽 주경기장,5.0,서울
1585,e003162,스타필드 코엑스몰,3.0,서울
1586,e003162,신세계백화점 본점,4.0,서울
1587,e003162,광장시장,4.0,서울
1588,e003162,덕수궁,3.6666666666666665,서울
1589,e003162,신세계백화점 본점,3.0,서울
1590,e003172,코엑스,5.0,서울
1591,e003172,현대백화점 무역센터점,3.3333333333333335,서울
1592,e003172,뚝섬한강공원,5.0,서울
1593,e003175,두물머리,4.0,경기
1594,e003180,지혜의 숲,5.0,
1595,e003180,롯데 프리미엄 아울렛 파주점,4.333333333333333,경기
1596,e003184,빅트리,3.6666666666666665,경기
1597,e003190,산정호수 둘레길,4.333333333333333,경기
1598,e003190,허브아일랜드,2.6666666666666665,경기
1599,e003194,대한불교조계종 신륵사,5.0,경기
1600,e003194,영녕릉 세종대왕유적지구 세종대왕릉,5.0,경기
1601,e003196,송도센트럴파크,5.0,인천
1602,e003196,송도 한옥마을,5.0,인천
1603,e003196,현대 프리미엄 아울렛 송도점,5.0,인천
1604,e003196,트리플 스트리트,5.0,인천
1605,e003198,캐리비안베이,4.333333333333333,경기
1606,e003199,서울미술관 본관,4.666666666666667,서울
1607,e003205,서울숲,4.666666666666667,서울
1608,e003206,현대백화점 판교점,4.0,경기
1609,e003210,헤이리 예술마을,5.0,경기
1610,e003210,롯데 프리미엄 아울렛 파주점,5.0,경기
1611,e003212,롯데마트 송도점,3.3333333333333335,인천
1612,e003212,송도센트럴파크,3.3333333333333335,인천
1613,e003212,소찬공원,3.6666666666666665,인천
1614,e003212,소찬공원,4.0,인천
1615,e003222,내리 문화공원,2.3333333333333335,경기
1616,e003223,뚝섬한강공원,4.0,서울
1617,e003223,롯데 아울렛 서울역점,3.6666666666666665,서울
1618,e003230,뚝섬한강공원,5.0,서울
1619,e003230,의정부 음악 도서관,4.0,경기
1620,e003231,파주 프리미엄 아울렛,5.0,경기
1621,e003235,롯데 프리미엄 아울렛 이천점,3.3333333333333335,경기
1622,e003235,별빛정원 우주,5.0,경기
1623,e003237,한탄강 하늘다리,3.3333333333333335,경기
1624,e003237,비둘기낭폭포,5.0,경기
1625,e003241,월미테마파크,4.0,인천
1626,e003241,인천 차이나타운,5.0,인천
1627,e003245,서울 식물원,5.0,서울
1628,e003245,더 현대 서울,5.0,서울
1629,e003251,남대문시장,4.0,서울
1630,e003251,잠실종합운동장 올림픽 주경기장,5.0,서울
1631,e003258,소래습지생태공원,5.0,인천
1632,e003258,스타필드 시티 부천,5.0,경기
1633,e003259,세운 전자상가,4.333333333333333,서울
1634,e003259,종묘,3.3333333333333335,서울
1635,e003259,청계천,4.666666666666667,서울
1636,e003267,산정호수,5.0,경기
1637,e003267,백운계곡,5.0,경기
1638,e003272,백운계곡,4.666666666666667,경기
1639,e003276,삼청동 거리,5.0,서울
1640,e003278,전곡선사 박물관,4.333333333333333,경기
1641,e003278,재인폭포,5.0,경기
1642,e003279,수원시립미술관,5.0,경기
1643,e003279,동북각루,5.0,경기
1644,e003280,자라섬,5.0,경기
1645,e003282,일월 수목원,4.0,경기
1646,e003283,수원시립미술관,3.6666666666666665,경기
1647,e003285,화악산계곡,5.0,경기
1648,e003285,아이파크몰 용산점,5.0,서울
1649,e003288,임진각 평화누리,5.0,경기
1650,e003288,프로방스 마을,2.3333333333333335,경기
1651,e003289,킨텍스,4.333333333333333,
1652,e003293,트레이더스 홀세일 클럽 동탄점,5.0,경기
1653,e003293,트레이더스 홀세일 클럽 동탄점,3.3333333333333335,경기
1654,e003294,서울 시립 북서울 미술관,4.666666666666667,서울
1655,e003296,이마트 진접점,3.6666666666666665,경기
1656,e003296,국립수목원,4.0,경기
1657,e003297,청와대 본관,5.0,
1658,e003300,한전아트센터,5.0,서울
1659,e003303,사패산,4.0,경기
1660,e003308,국립수목원,4.333333333333333,경기
1661,e003311,영녕릉 세종대왕유적지구 세종대왕릉,4.333333333333333,경기
1662,e003311,선밸리 호텔 워터파크,5.0,경기
1663,e003314,낙산공원,3.3333333333333335,서울
1664,e003314,혜화문,3.0,서울
1665,e003314,북악산 한양도성,3.0,서울
1666,e003314,남산공원 N서울타워,3.0,서울
1667,e003323,아이파크몰 용산점,5.0,서울
1668,e003323,잠실한강공원,4.0,서울
1669,e003324,파주 프리미엄 아울렛,4.0,
1670,e003328,미래 항공스포츠,5.0,경기
1671,e003328,용문산관광지,3.3333333333333335,경기
1672,e003328,용문사,4.0,경기
1673,e003329,현대백화점 판교점,5.0,경기
1674,e003332,제이드가든 수목원,3.6666666666666665,강원특별자치도
1675,e003334,카페다,4.0,경기
1676,e003334,렛츠 런 파크 서울,4.333333333333333,경기
1677,e003335,더 현대 서울,4.666666666666667,서울
1678,e003335,롯데월드,5.0,서울
1679,e003336,덕수궁,5.0,서울
1680,e003336,덕수궁,4.333333333333333,서울
1681,e003336,광장시장,2.3333333333333335,서울
1682,e003336,블루스퀘어,5.0,서울
1683,e003337,에버랜드,5.0,경기
1684,e003342,스타필드 하남,5.0,경기
1685,e003348,불곡산,3.6666666666666665,경기
1686,e003349,수원 화성,3.0,경기
1687,e003349,화성행궁,2.3333333333333335,경기
1688,e003349,수원 KT 소닉붐 아레나,5.0,경기
1689,e003349,나혜석거리,3.0,경기
1690,e003349,방화수류정,4.0,경기
1691,e003349,수원 화성 북동포루,3.0,경기
1692,e003356,유명산,3.6666666666666665,경기
1693,e003357,광교호수공원,5.0,경기
1694,e003357,효원공원 월화원,5.0,경기
1695,e003360,워터플레이,2.3333333333333335,경기
1696,e003364,의정부 제일시장,4.666666666666667,경기
1697,e003369,동탄 여울 공원,2.0,경기
1698,e003369,롯데백화점 동탄점,3.6666666666666665,경기
1699,e003369,동학사,2.6666666666666665,경기
1700,e003369,한국민속촌,4.333333333333333,경기
1701,e003371,광화문광장,5.0,서울
1702,e003371,국립현대미술관 서울관,5.0,서울
1703,e003378,롯데마트 주엽점,3.0,경기
1704,e003380,남산 둘레길,4.0,서울
1705,e003380,남산공원 N서울타워,4.666666666666667,서울
1706,e003380,천주교 서울 대교구 주교좌 명동 대성당,4.0,서울
1707,e003381,카페 모아이,3.3333333333333335,경기
1708,e003381,아침고요 수목원,4.666666666666667,경기
1709,e003383,카카오 프렌즈 홍대 플래그십스토어,4.333333333333333,서울
1710,e003386,가평군 농협 하나로마트 청평점,5.0,경기
1711,e003394,아쿠아 플라넷 일산,5.0,경기
1712,e003400,주파크,5.0,경기
1713,e003400,포천아트밸리,3.6666666666666665,경기
1714,e003400,백운계곡 관광지,5.0,경기
1715,e003402,그라운드 시 소 서촌,5.0,서울
1716,e003402,익선동 한옥거리,5.0,서울
1717,e003407,수원 화성,4.666666666666667,경기
1718,e003408,광명동굴,2.0,경기
1719,e003409,그라운드 시 소 성수,5.0,서울
1720,e003411,에버랜드,5.0,경기
1721,e003411,롯데백화점 동탄점,5.0,경기
1722,e003412,청량리 청과물 시장,3.6666666666666665,서울
1723,e003413,롯데월드타워 롯데월드몰,5.0,서울
1724,e003416,AK플라자 분당,4.0,경기
1725,e003416,일상 비일상의 틈,5.0,서울
1726,e003416,신세계백화점 강남점,4.333333333333333,서울
1727,e003417,석촌호수 동호,5.0,서울
1728,e003417,롯데월드타워 롯데월드몰,5.0,서울
1729,e003419,한국민속촌,4.333333333333333,경기
1730,e003431,방화수류정,5.0,경기
1731,e003431,수원 KT위즈 파크,5.0,경기
1732,e003431,화성 관광열차 안내소 연무대 매표소,5.0,경기
1733,e003433,수원 화성 화서문,3.3333333333333335,
1734,e003434,에버랜드,4.333333333333333,경기
1735,e003435,코스트코 광명점,5.0,경기
1736,e003439,AK플라자 광명,4.0,경기
1737,e003439,이케아 광명점,3.6666666666666665,경기
1738,e003440,진천 농다리,3.3333333333333335,충북
1739,e003442,스타필드 고양,5.0,경기
1740,e003449,백운계곡,5.0,경기
1741,e003449,의정부 제일시장,4.333333333333333,경기
1742,e003465,타임스퀘어,4.333333333333333,서울
1743,e003469,서울랜드,3.3333333333333335,경기
1744,e003470,압구정 로데오거리,2.6666666666666665,
1745,e003470,위글위글 도산 플래그십스토어,5.0,서울
1746,e003470,잠원한강공원,3.6666666666666665,서울
1747,e003472,시흥 프리미엄 아울렛,5.0,경기
1748,e003472,소래포구,5.0,인천
1749,e003472,웅진플레이도시 워터파크 온천스파,5.0,경기
1750,e003475,광명동굴,4.0,경기
1751,e003475,이케아 광명점,4.0,경기
1752,e003475,AK플라자 광명,4.0,경기
1753,e003477,IFC 몰,4.0,서울
1754,e003477,63스퀘어,2.6666666666666665,서울
1755,e003477,더 현대 서울,4.333333333333333,서울
1756,e003482,내리 문화공원,3.6666666666666665,경기
1757,e003482,고기리계곡,4.0,경기
1758,e003483,망원시장,4.0,서울
1759,e003483,훈훈 호떡,5.0,서울
1760,e003502,카페 19,5.0,경기
1761,e003506,수원 KT위즈 파크,5.0,경기
1762,e003506,수원 KT위즈 파크,5.0,경기
1763,e003520,아트스페이스 광교,4.666666666666667,
1764,e003521,파주 프리미엄 아울렛,4.666666666666667,경기
1765,e003521,임진각 평화누리,4.0,경기
1766,e003530,스타필드 고양,5.0,경기
1767,e003535,아이파크몰 용산점,3.3333333333333335,서울
1768,e003547,서울어린이대공원,3.6666666666666665,서울
1769,e003547,동대문디자인플라자,4.666666666666667,서울
1770,e003547,청계천,3.3333333333333335,
1771,e003555,코스트코 하남점,4.333333333333333,경기
1772,e003564,국립과천과학관,4.666666666666667,경기
1773,e003569,영녕릉 세종대왕유적지구 세종대왕릉,4.0,경기
1774,e003569,시몬스 테라스점,3.6666666666666665,경기
1775,e003569,국립 농업박물관,5.0,경기
1776,e003569,동탄 호수 공원,5.0,경기
1777,e003570,광장시장,5.0,서울
1778,e003572,광장시장,3.6666666666666665,서울
1779,e003574,홍대 패션거리,3.3333333333333335,서울
1780,e003574,KTG 상상마당 홍대,5.0,서울
1781,e003576,가평군 농협 하나로마트 자라 점,5.0,경기
1782,e003582,롯데 프리미엄 아울렛 타임 빌라스,4.0,경기
1783,e003582,롯데 프리미엄 아울렛 타임 빌라스,3.0,경기
1784,e003589,용추계곡,5.0,
1785,e003591,더 현대 서울,3.3333333333333335,서울
1786,e003591,여의도 한강공원,5.0,서울
1787,e003593,광장시장,3.6666666666666665,서울
1788,e003593,경복궁,4.666666666666667,서울
1789,e003593,국립현대미술관 서울관,3.0,서울
1790,e003593,인사동 문화의 거리,2.3333333333333335,서울
1791,e003596,화성행궁,4.333333333333333,경기
1792,e003596,장안문,4.333333333333333,경기
1793,e003596,방화수류정,5.0,경기
1794,e003602,헤이리 예술마을,4.0,경기
1795,e003602,국립민속박물관 파주,5.0,경기
1796,e003602,파주 프리미엄 아울렛,4.0,경기
1797,e003603,산정호수 둘레길,4.333333333333333,경기
1798,e003609,잠실종합운동장 올림픽 주경기장,5.0,
1799,e003609,잠실종합운동장 올림픽 주경기장,5.0,서울
1800,e003611,올림픽공원,5.0,서울
1801,e003611,KSPO 돔,5.0,서울
1802,e003614,노원문화의 거리,3.3333333333333335,서울
1803,e003615,코엑스,4.0,서울
1804,e003617,심학산,3.3333333333333335,경기
1805,e003617,롯데 프리미엄 아울렛 파주점,3.3333333333333335,경기
1806,e003617,헤이리 예술마을,3.0,경기
1807,e003617,국립민속박물관 파주,4.666666666666667,경기
1808,e003617,파주 프리미엄 아울렛,3.3333333333333335,경기
1809,e003620,국립현대미술관 과천관,5.0,경기
1810,e003627,현대 프리미엄 아울렛 김포점,5.0,경기
1811,e003628,아시아출판문화 정보 센터 지혜의 숲 1관,2.3333333333333335,경기
1812,e003630,석촌호수 산책길,3.0,서울
1813,e003632,롯데월드,5.0,서울
1814,e003632,백운호수,5.0,경기
1815,e003640,롯데월드,5.0,서울
1816,e003640,안녕 인사동,5.0,서울
1817,e003640,경복궁,5.0,서울
1818,e003640,더 현대 서울,5.0,서울
1819,e003640,롯데백화점 영등포점,5.0,서울
1820,e003643,일상 비일상의 틈,4.0,서울
1821,e003646,에버랜드,4.666666666666667,경기
1822,e003648,현대모터 스튜디오 고양,4.333333333333333,경기
1823,e003657,계양산,4.0,인천
1824,e003663,현대 프리미엄 아울렛 송도점,3.6666666666666665,인천
1825,e003663,송도센트럴파크,3.3333333333333335,인천
1826,e003663,소찬공원,2.6666666666666665,인천
1827,e003663,G 타워,5.0,인천
1828,e003664,화성행궁,4.333333333333333,경기
1829,e003664,수원시립미술관,3.0,경기
1830,e003664,행리단길,5.0,경기
1831,e003664,갤러리아백화점 광교점,5.0,경기
1832,e003669,경복궁,3.3333333333333335,서울
1833,e003673,마장호수 출렁다리,5.0,경기
1834,e003675,더 현대 서울,5.0,서울
1835,e003675,더 현대 서울,5.0,서울
1836,e003677,물왕 호수,3.0,경기
1837,e003678,롯데 프리미엄 아울렛 타임 빌라스,4.333333333333333,경기
1838,e003679,동대문디자인플라자,5.0,서울
1839,e003679,남대문시장,5.0,서울
1840,e003679,남산공원,5.0,서울
1841,e003679,광장시장,5.0,서울
1842,e003679,안국사,5.0,서울
1843,e003682,그라운드 시 소 서촌,4.0,서울
1844,e003682,세종문화회관,4.0,서울
1845,e003684,장안문,4.0,경기
1846,e003684,수원 화성 화홍문,5.0,경기
1847,e003684,동북각루,4.0,경기
1848,e003684,용연,5.0,
1849,e003684,수원 화성 박물관,4.0,경기
1850,e003684,화성행궁,3.6666666666666665,경기
1851,e003686,롯데백화점 평촌점,5.0,경기
1852,e003693,에잇 세컨즈 가로수길점,4.333333333333333,서울
1853,e003700,용산 어린이 정원(용산공원 반환부지),4.333333333333333,서울
1854,e003700,이촌한강공원,4.0,서울
1855,e003702,와우정사,3.6666666666666665,경기
1856,e003707,고투몰,5.0,서울
1857,e003716,크리스 월드,4.0,경기
1858,e003717,현대 프리미엄 아울렛 스페이스 원,5.0,경기
1859,e003724,현대 프리미엄 아울렛 스페이스 원,4.0,경기
1860,e003725,동탄 호수 공원,4.333333333333333,경기
1861,e003727,스타필드 안성,4.0,경기
1862,e003727,중앙시장,3.0,경기
1863,e003729,국립중앙박물관,3.3333333333333335,서울
1864,e003729,국립중앙박물관,5.0,서울
1865,e003737,묵리 459,4.333333333333333,경기
1866,e003737,두창 저수지,2.6666666666666665,경기
1867,e003741,타임스퀘어,4.0,서울
1868,e003744,동탄 호수 공원,4.0,경기
1869,e003749,농협안성팜랜드,4.0,경기
1870,e003749,미리내 성지,3.3333333333333335,경기
1871,e003753,물의 정원,4.0,경기
1872,e003761,이케아 기흥점,4.0,경기
1873,e003765,에버랜드,5.0,경기
1874,e003765,캐리비안베이,5.0,경기
1875,e003773,국립 운악산 자연휴양림,3.0,경기
1876,e003777,조계사,3.3333333333333335,서울
1877,e003777,창경궁,4.0,서울
1878,e003777,국립중앙박물관,4.0,서울
1879,e003779,심학산,5.0,경기
1880,e003791,인천 차이나타운,5.0,인천
1881,e003791,송월동 동화마을,3.6666666666666665,인천
1882,e003791,일본풍 거리,5.0,인천
1883,e003791,월미도,5.0,인천
1884,e003791,마이랜드,5.0,인천
1885,e003791,월미도,5.0,인천
1886,e003791,신포국제시장,3.0,인천
1887,e003791,신포지하상가,3.0,인천
1888,e003792,시흥갯골생태공원,4.666666666666667,경기
1889,e003792,연꽃테마파크,3.0,경기
1890,e003792,시흥 배곧 한울 공원,4.333333333333333,경기
1891,e003792,시흥 프리미엄 아울렛,4.0,경기
1892,e003792,시흥 오이도 박물관,3.3333333333333335,경기
1893,e003792,오이도 선사유적공원,3.3333333333333335,경기
1894,e003792,오이도 빨강등대,4.333333333333333,경기
1895,e003797,카메라타,3.6666666666666665,경기
1896,e003797,미메시스 아트 뮤지엄,3.6666666666666665,경기
1897,e003797,파주출판 단지 근린공원,3.6666666666666665,경기
1898,e003797,아시아출판문화 정보 센터 지혜의 숲 1관,3.3333333333333335,경기
1899,e003799,김포 장릉,4.0,경기
1900,e003807,두물머리,3.6666666666666665,경기
1901,e003808,여의도 한강공원,5.0,서울
1902,e003808,더 현대 서울,5.0,서울
1903,e003809,국립현대미술관 과천관,4.666666666666667,경기
1904,e003819,에버랜드,5.0,경기
1905,e003821,용산 어린이 정원(용산공원 반환부지),3.6666666666666665,서울
1906,e003821,뚝섬한강공원,3.3333333333333335,서울
1907,e003821,응봉산 팔각정,4.0,서울
1908,e003826,남한산성 순교성지,4.0,경기
1909,e003826,남한산성 행궁,4.0,경기
1910,e003830,두물머리,4.666666666666667,경기
1911,e003830,세미원,3.0,경기
1912,e003830,현대 프리미엄 아울렛 스페이스 원,4.666666666666667,경기
1913,e003834,서소문 성지 역사박물관,5.0,서울
1914,e003834,숭례문,5.0,서울
1915,e003834,피크닉,5.0,서울
1916,e003840,이마트 파주 운정점,5.0,경기
1917,e003840,운정 호수 공원,5.0,경기
1918,e003840,미메시스 아트 뮤지엄,5.0,경기
1919,e003840,롯데 프리미엄 아울렛 파주점,5.0,경기
1920,e003842,이케아 광명점,5.0,
1921,e003842,롯데시네마 광명 아울렛,4.0,
1922,e003843,현대백화점 중동점,3.0,경기
1923,e003843,안중근공원,3.0,경기
1924,e003845,광화문광장,4.0,서울
1925,e003845,롯데월드타워 롯데월드몰,3.6666666666666665,서울
1926,e003845,롯데월드타워 롯데월드몰,3.0,서울
1927,e003845,롯데월드타워 롯데월드몰,3.6666666666666665,서울
1928,e003845,석촌호수 서호,3.6666666666666665,서울
1929,e003848,에잇 세컨즈 강남대로점,4.333333333333333,서울
1930,e003850,현대백화점 판교점,4.0,경기
1931,e003853,서울숲,3.6666666666666665,서울
1932,e003855,창룡문,4.0,경기
1933,e003855,수원시립미술관,4.0,경기
1934,e003856,경기도 미술관,5.0,경기
1935,e003856,일월 수목원,4.0,경기
1936,e003856,수원컨벤션 센터,4.0,경기
1937,e003858,스타벅스 광교 SK 뷰 레이크 41F 점,3.3333333333333335,경기
1938,e003858,아트스페이스 광교,5.0,경기
1939,e003858,갤러리아백화점 광교점,5.0,경기
1940,e003867,스타필드 하남,5.0,경기
1941,e003867,미사 호수 공원,4.666666666666667,경기
1942,e003868,스타벅스 광교 SK 뷰 레이크 41F 점,5.0,경기
1943,e003870,화담숲,3.6666666666666665,경기
1944,e003870,롯데 프리미엄 아울렛 이천점,3.3333333333333335,경기
1945,e003882,캐리비안베이,5.0,경기
1946,e003885,안양중앙시장,4.666666666666667,경기
1947,e003885,안양예술공원,5.0,경기
1948,e003885,엔터식스 안양역점,5.0,경기
1949,e003886,경기도 잣향기 푸른 숲,4.0,경기
1950,e003887,캐리비안베이,4.666666666666667,경기
1951,e003896,에버랜드,5.0,경기
1952,e003896,롯데 프리미엄 아울렛 기흥점,5.0,경기
1953,e003900,행리단길,4.0,경기
1954,e003900,행리단길,3.0,경기
1955,e003900,수원 화성,4.0,경기
1956,e003900,방화수류정,4.0,경기
1957,e003900,화성행궁,4.0,경기
1958,e003900,용성통닭 본점,4.0,경기
1959,e003900,AK플라자 수원,4.0,경기
1960,e003906,은평 한옥마을,4.666666666666667,서울
1961,e003906,진관사,5.0,서울
1962,e003906,진관사계곡,4.0,서울
1963,e003915,카페 19,5.0,경기
1964,e003915,경기도 잣향기 푸른 숲,5.0,경기
1965,e003928,현대 프리미엄 아울렛 김포점,5.0,경기
1966,e003933,스타필드 하남,4.0,경기
1967,e003935,디오르 성수,5.0,서울
1968,e003937,광화문광장,4.666666666666667,서울
1969,e003937,세종문화회관 대극장,5.0,서울
1970,e003945,프로방스 마을,3.6666666666666665,경기
1971,e003945,국립민속박물관 파주,3.0,경기
1972,e003945,헤이리 예술마을,2.0,경기
1973,e003945,운정 호수 공원,2.0,경기
1974,e003963,AK플라자 수원,4.0,경기
1975,e003963,화성행궁,3.6666666666666665,경기
1976,e003968,수원시립미술관,5.0,경기
1977,e003968,화성행궁,5.0,경기
1978,e003971,한국 근현대사 박물관,4.333333333333333,경기
1979,e003971,가드너스,4.666666666666667,경기
1980,e003975,북한강,4.333333333333333,
1981,e003980,롯데 프리미엄 아울렛 이천점,2.3333333333333335,경기
1982,e003992,행주산성,3.6666666666666665,경기
1983,e003992,행주산성 역사 공원,4.666666666666667,경기
1984,e003996,만해 한용운 심우장,3.6666666666666665,서울
1985,e003996,명동거리,5.0,서울
1986,e003998,예술의전당,3.3333333333333335,서울
1987,e003999,스타필드 하남,5.0,경기
1988,e004005,국립중앙박물관,5.0,서울
1989,e004013,과천향교,3.6666666666666665,경기
1990,e004020,에버랜드,5.0,경기
1991,e004020,백남준아트센터,5.0,경기
1992,e004033,더 현대 서울,4.0,서울
1993,e004037,롯데몰 김포공항점,4.666666666666667,서울
1994,e004037,AK플라자 홍대,3.6666666666666665,서울
1995,e004042,렛츠 런 파크 서울,3.3333333333333335,경기
1996,e004042,국립과천과학관,3.0,경기
1997,e004042,서울대공원,5.0,경기
1998,e004042,국립현대미술관 과천관,4.0,경기
1999,e004044,동대문디자인플라자,5.0,서울
2000,e004044,동대문디자인플라자,2.6666666666666665,서울
2001,e004044,교보문고 광화문점,5.0,서울
2002,e004048,물향기 수목원,5.0,경기
2003,e004050,스타필드 하남,3.0,경기
2004,e004057,기흥호수 공원,4.0,경기
2005,e004062,서대문형무소 역사관,4.666666666666667,서울
2006,e004062,종로구립 박노수 미술관,5.0,서울
2007,e004062,서울 선릉과 정릉,5.0,서울
2008,e004066,망원한강공원,2.6666666666666665,서울
2009,e004066,홍익대학교 대학로 아트센터,4.333333333333333,서울
2010,e004071,경복궁,3.6666666666666665,
2011,e004071,광화문,5.0,서울
2012,e004071,청계천,4.0,서울
2013,e004072,인천 차이나타운,3.6666666666666665,인천
2014,e004072,인천아트플랫폼,3.6666666666666665,인천
2015,e004072,신포 닭강정 본점,2.6666666666666665,인천
2016,e004073,남이섬,5.0,강원특별자치도
2017,e004073,경기도 잣향기 푸른 숲,5.0,경기
2018,e004074,경춘선 숲길,4.0,서울
2019,e004087,청와대 본관,3.6666666666666665,서울
2020,e004087,아이파크몰 용산점,4.0,서울
2021,e004100,캐리비안베이,5.0,경기
2022,e004105,두물머리,4.666666666666667,경기
2023,e004107,아시아출판문화 정보 센터 지혜의 숲 1관,4.666666666666667,경기
2024,e004107,롯데 프리미엄 아울렛 파주점,3.3333333333333335,경기
2025,e004114,롯데 프리미엄 아울렛 타임 빌라스,4.333333333333333,경기
2026,e004122,선밸리 호텔 워터파크,2.6666666666666665,경기
2027,e004122,신세계 프리미엄 아울렛 여주,5.0,경기
2028,e004132,심학산 둘레길,4.0,경기
2029,e004135,소래역사관,3.0,인천
2030,e004135,새우 타워,4.333333333333333,인천
2031,e004146,안양예술공원,3.0,경기
2032,e004148,카메라타,5.0,경기
2033,e004148,미메시스 아트 뮤지엄,3.0,
2034,e004149,IFC 몰,4.333333333333333,서울
2035,e004149,더 현대 서울,5.0,서울
2036,e004149,IFC 몰,5.0,서울
2037,e004151,용산공원,4.666666666666667,서울
2038,e004151,블루스퀘어,5.0,서울
2039,e004162,국립중앙박물관,4.333333333333333,서울
2040,e004162,국립중앙박물관,3.0,서울
2041,e004162,조계사,3.6666666666666665,서울
2042,e004162,대한민국역사박물관,3.6666666666666665,서울
2043,e004162,서울공예 박물관,4.0,서울
2044,e004166,수원 화성,5.0,경기
2045,e004166,용성통닭 본점,5.0,경기
2046,e004172,청계천,3.6666666666666665,서울
2047,e004190,어비산 어비계곡,5.0,경기
2048,e004194,율동 공원,4.0,경기
2049,e004205,행궁동 벽화마을,3.3333333333333335,경기
2050,e004205,수원시립미술관,5.0,경기
2051,e004205,수원 화성 박물관,5.0,경기
2052,e004205,화성행궁,5.0,경기
2053,e004214,남산골 한옥마을,4.333333333333333,서울
2054,e004219,용산공원,5.0,서울
2055,e004219,국립중앙박물관,5.0,서울
2056,e004219,국립중앙박물관,4.0,서울
2057,e004219,북촌 한옥마을,5.0,서울
2058,e004219,그라운드 시 소 서촌,5.0,서울
2059,e004219,롯데백화점 본점,4.666666666666667,서울
2060,e004222,동대문디자인플라자,4.333333333333333,서울
2061,e004222,동묘시장,3.3333333333333335,서울
2062,e004222,세운 전자상가,3.0,서울
2063,e004230,장안문,4.666666666666667,경기
2064,e004234,소래습지생태공원,4.333333333333333,인천
2065,e004234,소래역사관,5.0,인천
2066,e004234,새우 타워,4.0,인천
2067,e004237,롯데 프리미엄 아울렛 타임 빌라스,3.6666666666666665,경기
2068,e004238,스타필드 안성,5.0,경기
2069,e004238,스타필드 안성,5.0,경기
2070,e004238,농협안성팜랜드,4.333333333333333,경기
2071,e004240,한내 근린공원,5.0,경기
2072,e004240,광명시 소하 도서관,5.0,경기
2073,e004241,명동거리,4.0,서울
2074,e004243,여의도 한강공원,4.666666666666667,서울
2075,e004243,경복궁,4.0,서울
2076,e004243,홈 오브 하이,5.0,서울
2077,e004243,오브젝트 삼청점,4.666666666666667,서울
2078,e004247,북촌 한옥마을,5.0,서울
2079,e004251,계곡,5.0,
2080,e004254,아이파크몰 용산점,4.666666666666667,서울
2081,e004254,아이파크몰 용산점,4.666666666666667,서울
2082,e004254,잠실종합운동장 올림픽 주경기장,5.0,서울
2083,e004256,롯데백화점 강남점,4.0,서울
2084,e004281,수원 KT 소닉붐 아레나,5.0,경기
2085,e004281,수원 KT 소닉붐 아레나,5.0,경기
2086,e004288,동대문디자인플라자,5.0,서울
2087,e004288,광장시장,5.0,서울
2088,e004288,한지문화산업센터,5.0,서울
2089,e004288,통인시장,3.6666666666666665,서울
2090,e004291,이케아 기흥점,5.0,경기
2091,e004295,광화문광장,4.333333333333333,서울
2092,e004300,미사 경정공원 조정 카누경기장,5.0,경기
2093,e004300,미사 호수 공원,5.0,경기
2094,e004304,북촌 한옥마을,4.0,서울
2095,e004310,도그 스포 지움 송추점,5.0,경기
2096,e004313,일산 호수공원,5.0,경기
2097,e004315,반포 한강공원,5.0,서울
2098,e004317,비둘기낭폭포,3.3333333333333335,경기
2099,e004317,산정호수,3.3333333333333335,경기
2100,e004324,현대 프리미엄 아울렛 스페이스 원,4.333333333333333,경기
2101,e004324,묘적사계곡,5.0,경기
2102,e004326,김포한강야생조류생태공원,5.0,경기
2103,e004333,인천도시 역사관,4.333333333333333,인천
2104,e004333,G 타워,5.0,인천
2105,e004336,수원 KT 소닉붐 아레나,3.6666666666666665,경기
2106,e004338,남산 둘레길,5.0,서울
2107,e004338,타임스퀘어,4.0,서울
2108,e004342,상동호수 공원,3.0,경기
2109,e004342,부천아트 벙커 B39,5.0,경기
2110,e004342,현대백화점 유플렉스 중동점,1.6666666666666667,경기
2111,e004342,현대백화점 중동점,4.0,경기
2112,e004342,안중근공원,2.3333333333333335,경기
2113,e004342,한국만화 박물관,5.0,경기
2114,e004342,뉴코아 아울렛 부천점,1.0,경기
2115,e004342,뉴코아 아울렛 부천점,5.0,경기
2116,e004344,수원 화성 박물관,5.0,경기
2117,e004344,화성행궁,5.0,경기
2118,e004344,일월 수목원,4.666666666666667,경기
2119,e004349,아이파크몰 용산점,5.0,서울
2120,e004349,아이파크몰 용산점,5.0,서울
2121,e004349,여의도 한강공원,5.0,서울
2122,e004354,부천중앙공원,4.333333333333333,경기
2123,e004357,남이섬,4.0,강원특별자치도
2124,e004357,자라섬,3.6666666666666665,경기
2125,e004369,트리플 스트리트,5.0,인천
2126,e004369,송도 한옥마을,5.0,인천
2127,e004371,두물머리,4.333333333333333,경기
2128,e004372,한남동 카페거리,3.3333333333333335,서울
2129,e004372,롯데 영 플라자 본점,4.0,서울
2130,e004372,카페다,4.0,서울
2131,e004373,임진각 평화누리,5.0,경기
2132,e004373,프로방스 마을,1.6666666666666667,경기
2133,e004373,운정 호수 공원,4.0,경기
2134,e004373,운정 호수 공원,4.0,경기
2135,e004373,파주 프리미엄 아울렛,4.0,경기
2136,e004373,일산 호수공원,4.0,경기
2137,e004380,송도 달빛축제공원,3.6666666666666665,인천
2138,e004381,장교숙소 5단지(용산공원 반환부지),5.0,서울
2139,e004384,창경궁,5.0,서울
2140,e004391,청와대 본관,4.0,서울
2141,e004392,대한불교조계종 봉은사,4.333333333333333,서울
2142,e004392,스타필드 코엑스몰,5.0,서울
2143,e004392,타임 스트림,3.6666666666666665,서울
2144,e004393,화성행궁,3.6666666666666665,경기
2145,e004395,예술의전당 한가람미술관,4.0,서울
2146,e004395,더 현대 서울,4.0,서울
2147,e004398,롯데월드타워 롯데월드몰,4.0,서울
2148,e004402,청학 밸리 리조트,3.3333333333333335,경기
2149,e004409,신세계 프리미엄 아울렛 여주,5.0,경기
2150,e004415,두 대리 용소 폭포,4.0,경기
2151,e004416,크리스 월드,2.6666666666666665,경기
2152,e004416,크리스 월드 수상 레저,3.0,
2153,e004417,스타필드 고양,5.0,경기
2154,e004417,아시아출판문화 정보 센터 지혜의 숲 1관,5.0,경기
2155,e004423,헤이리 예술마을,3.6666666666666665,경기
2156,e004423,프로방스 마을,4.333333333333333,경기
2157,e004434,수원 월드컵 경기장 보조경기장,5.0,경기
2158,e004443,비둘기낭폭포,4.666666666666667,경기
2159,e004443,한탄강 하늘다리,4.0,경기
2160,e004447,밀리오레,2.3333333333333335,서울
2161,e004447,동대문디자인플라자,4.0,서울
2162,e004447,고투몰,5.0,서울
2163,e004449,아침고요 수목원,5.0,경기
2164,e004451,조계사,4.666666666666667,서울
2165,e004457,ALT.1 더 현대 서울 현대백화점,5.0,
2166,e004457,더 현대 서울,4.0,서울
2167,e004457,여의도 한강공원,5.0,서울
2168,e004459,경복궁,5.0,서울
2169,e004459,국립고궁박물관,5.0,서울
2170,e004463,팔달산,5.0,경기
2171,e004463,수원 화성 서장대,5.0,경기
2172,e004463,수원 화성 화서문,5.0,경기
2173,e004463,수원시립미술관,5.0,경기
2174,e004463,장안문,5.0,경기
2175,e004463,일월 수목원,5.0,경기
2176,e004463,플라잉 수원,5.0,경기
2177,e004463,창룡문,5.0,경기
2178,e004463,카자 구루메,3.0,
2179,e004463,방화수류정,5.0,경기
2180,e004463,수원 화성 화홍문,5.0,경기
2181,e004463,화성행궁,5.0,경기
2182,e004464,롯데월드타워 롯데월드몰,5.0,서울
2183,e004464,석촌호수 서호,5.0,서울
2184,e004464,롯데월드타워 롯데월드몰,5.0,서울
2185,e004466,이촌한강공원,4.333333333333333,서울
2186,e004472,리움미술관,5.0,서울
2187,e004472,블루스퀘어,3.0,서울
2188,e004473,에버랜드,5.0,경기
2189,e004473,못골종합시장,4.0,경기
2190,e004473,수원시립미술관,5.0,경기
2191,e004473,창룡문,5.0,경기
2192,e004479,스타필드 하남,5.0,경기
2193,e004485,인사아트센터,4.333333333333333,서울
2194,e004488,아이파크몰 용산점,4.0,서울
2195,e004488,아이파크몰 용산점,4.0,서울
2196,e004489,정발산,5.0,경기
2197,e004489,일산 호수공원,5.0,경기
2198,e004503,미메시스 아트 뮤지엄,3.0,경기
2199,e004505,롯데시네마 합정,3.6666666666666665,서울
2200,e004505,롯데시네마 합정,3.3333333333333335,서울
2201,e004505,서울월드컵경기장,5.0,서울
2202,e004506,아쿠아 필드 하남,3.0,경기
2203,e004506,남이섬,3.0,강원특별자치도
2204,e004510,롯데 프리미엄 아울렛 이천점,3.0,경기
2205,e004510,현대백화점 판교점,4.0,경기
2206,e004510,현대백화점 판교점,4.0,경기
2207,e004511,봉선사,5.0,경기
2208,e004511,광릉숲길,5.0,경기
2209,e004511,국립수목원,5.0,경기
2210,e004515,현대 프리미엄 아울렛 스페이스 원,4.0,경기
2211,e004520,스타필드 하남,5.0,경기
2212,e004525,봉선사,5.0,경기
2213,e004525,광릉숲길,5.0,경기
2214,e004525,광릉,5.0,경기
2215,e004547,백남준아트센터,4.666666666666667,경기
2216,e004547,백남준아트센터,5.0,경기
2217,e004547,화성행궁,5.0,경기
2218,e004548,서울시립미술관 서소문 본관,4.0,서울
2219,e004548,잠실한강공원,4.0,서울
2220,e004548,여의도 한강공원,5.0,서울
2221,e004548,코엑스,3.3333333333333335,서울
2222,e004549,시흥 오이도 박물관,5.0,경기
2223,e004551,서울 선릉과 정릉,3.3333333333333335,서울
2224,e004551,덕수궁,5.0,서울
2225,e004551,서울시립미술관 서소문 본관,5.0,서울
2226,e004551,현대 프리미엄 아울렛 김포점,5.0,경기
2227,e004552,세라비 한옥 카페,4.333333333333333,경기
2228,e004552,재인폭포,3.0,경기
2229,e004552,수수 카페,4.333333333333333,경기
2230,e004552,두물머리,4.0,경기
2231,e004557,국립중앙박물관,4.333333333333333,서울
2232,e004561,시흥 배곧 한울 공원,4.0,경기
2233,e004563,웨이브 파크,5.0,경기
2234,e004563,오이도 빨강등대,3.6666666666666665,경기
2235,e004565,롯데 프리미엄 아울렛 파주점,5.0,경기
2236,e004565,파주출판 단지 근린공원,3.6666666666666665,경기
2237,e004567,상동호수 공원,4.0,경기
2238,e004567,스타필드 시티 부천,4.0,경기
2239,e004573,광장시장,5.0,서울
2240,e004573,동묘시장,5.0,서울
2241,e004573,동묘공원,3.6666666666666665,서울
2242,e004573,서울시립미술관 서소문 본관,3.0,서울
2243,e004587,현대백화점 중동점,4.666666666666667,경기
2244,e004587,한국만화 박물관,5.0,경기
2245,e004587,상동호수 공원,5.0,경기
2246,e004588,테르메덴,5.0,경기
2247,e004588,롯데 프리미엄 아울렛 이천점,5.0,경기
2248,e004589,롯데월드타워 롯데월드몰,3.6666666666666665,서울
2249,e004592,마장호수 출렁다리,3.6666666666666665,경기
2250,e004596,매헌 시민의 숲,5.0,서울
2251,e004596,양재 꽃 시장,5.0,서울
2252,e004596,서울숲,5.0,서울
2253,e004596,서울숲,5.0,서울
2254,e004602,두물머리,5.0,경기
2255,e004606,정약용 유적지,5.0,경기
2256,e004606,다산 생태공원,5.0,경기
2257,e004612,캐리비안베이,5.0,경기
2258,e004612,에버랜드,5.0,경기
2259,e004614,화성행궁,3.3333333333333335,경기
2260,e004614,팔달산,4.0,경기
2261,e004617,평택국제중앙시장,5.0,경기
2262,e004617,평택국제중앙시장,5.0,경기
2263,e004627,구리한강시민공원,5.0,경기
2264,e004629,마장호수,3.6666666666666665,경기
2265,e004629,마장호수,3.6666666666666665,경기
2266,e004629,마장호수 출렁다리,4.0,경기
2267,e004629,마장호수,3.6666666666666665,경기
2268,e004640,국립중앙박물관,5.0,서울
2269,e004644,농협안성팜랜드,3.3333333333333335,경기
2270,e004645,영흥 수목원,3.3333333333333335,경기
2271,e004651,빛의 시어터,4.333333333333333,서울
2272,e004653,청학 밸리 리조트,3.6666666666666665,경기
2273,e004657,공간 와디즈,4.0,서울
2274,e004657,뚝섬한강공원,4.0,서울
2275,e004657,북촌 한옥마을,4.0,서울
2276,e004658,청계광장,4.666666666666667,서울
2277,e004658,덕수궁,3.6666666666666665,서울
2278,e004658,남산공원 N서울타워,4.0,서울
2279,e004658,세우아트센터,3.3333333333333335,서울
2280,e004668,행리단길,4.0,경기
2281,e004668,트레이더스 홀세일 클럽 수원점,4.0,경기
2282,e004668,롯데몰 수원점,4.0,경기
2283,e004668,롯데몰 수원점,4.0,경기
2284,e004673,안중근 의사 기념관,5.0,서울
2285,e004673,한양도성 유적전시관,5.0,서울
2286,e004673,국립중앙박물관,5.0,서울
2287,e004673,국립중앙박물관,5.0,서울
2288,e004673,창경궁,5.0,서울
2289,e004673,예술의전당,5.0,서울
2290,e004675,연천 전곡리 선사유적지,4.333333333333333,경기
2291,e004675,연천 고랑 포구 역사 공원 역사 문화전시관,5.0,경기
2292,e004678,자라섬 남도,3.3333333333333335,경기
2293,e004681,롯데월드타워 롯데월드몰,1.0,서울
2294,e004681,석촌호수 산책길,5.0,서울
2295,e004681,석촌호수 산책길,5.0,서울
2296,e004681,스타필드 코엑스몰,1.3333333333333333,서울
2297,e004681,아이파크몰 용산점,5.0,서울
2298,e004688,서울 시립 북서울 미술관,4.333333333333333,서울
2299,e004703,광장시장,5.0,서울
2300,e004703,청계천,5.0,서울
2301,e004703,동대문 역사 문화공원 동대문운동장 기념관,5.0,서울
2302,e004703,두타몰,3.3333333333333335,서울
2303,e004703,창경궁,5.0,서울
2304,e004703,청계천,5.0,서울
2305,e004712,김포 장릉,5.0,경기
2306,e004716,명지산,4.0,경기
2307,e004716,가평 잣 고을시장,2.3333333333333335,경기
2308,e004720,강서 둘레길 1코스(개화산 숲길),5.0,서울
2309,e004720,롯데몰 김포공항점,5.0,서울
2310,e004722,더 현대 서울,5.0,서울
2311,e004722,여의도 한강공원,5.0,서울
2312,e004724,선유도공원,5.0,서울
2313,e004729,더 현대 서울,5.0,서울
2314,e004730,PPO,5.0,경기
2315,e004733,국립중앙박물관,4.666666666666667,서울
2316,e004733,서대문자연사박물관,2.6666666666666665,서울
2317,e004733,명동거리,2.6666666666666665,서울
2318,e004772,국립 세계문자 박물관,4.0,인천
2319,e004773,어비산 어비계곡,4.666666666666667,경기
2320,e004773,유명산,5.0,경기
2321,e004774,한성백제 박물관,4.666666666666667,서울
2322,e004774,KSPO DOME 올림픽 체조경기장,4.333333333333333,서울
2323,e004774,롯데월드타워 롯데월드몰,5.0,서울
2324,e004774,KSPO DOME 올림픽 체조경기장,5.0,서울
2325,e004774,KSPO 돔,5.0,서울
2326,e004774,KSPO DOME 올림픽 체조경기장,5.0,서울
2327,e004774,KSPO DOME 올림픽 체조경기장,5.0,서울
2328,e004774,KSPO 돔,5.0,서울
2329,e004774,KSPO DOME 올림픽 체조경기장,5.0,서울
2330,e004774,KSPO 돔,5.0,서울
2331,e004780,신세계백화점 본점,4.0,서울
2332,e004780,신세계백화점 강남점,5.0,서울
2333,e004780,더 현대 서울,5.0,서울
2334,e004782,타임스퀘어,5.0,서울
2335,e004784,전쟁기념관,3.3333333333333335,서울
2336,e004784,서울월드컵경기장,2.6666666666666665,서울
2337,e004784,아이파크몰 용산점,4.0,서울
2338,e004792,여의도 물빛광장,5.0,서울
2339,e004792,IFC 몰,2.0,서울
2340,e004800,석촌호수 동호,5.0,서울
2341,e004800,롯데월드,5.0,서울
2342,e004800,롯데월드타워 롯데월드몰,5.0,서울
2343,e004800,아이파크몰 용산점,5.0,서울
2344,e004818,다산 생태공원,4.666666666666667,경기
2345,e004818,실학박물관,4.666666666666667,경기
2346,e004819,만해기념관,3.0,경기
2347,e004821,광교호수공원,5.0,경기
2348,e004821,수원 화성,5.0,경기
2349,e004830,이촌한강공원,3.0,서울
2350,e004830,오브젝트 성수점,5.0,서울
2351,e004839,동구릉,5.0,경기
2352,e004843,두물머리,4.0,경기
2353,e004845,국립중앙박물관,4.0,서울
2354,e004854,혜화역 4호선,5.0,서울
2355,e004854,세우아트센터,5.0,서울
2356,e004854,현대 시티 아울렛 동대문점,5.0,서울
2357,e004854,청계천,5.0,서울
2358,e004854,흥인지문공원,5.0,서울
2359,e004854,동묘시장,5.0,서울
2360,e004857,국립생물자원관,5.0,인천
2361,e004857,모다 아울렛 인천점,4.0,인천
2362,e004858,남산공원 N서울타워,5.0,서울
2363,e004859,화담숲,5.0,경기
2364,e004860,수원 KT위즈 파크,4.666666666666667,경기
2365,e004860,수원 화성 화홍문,5.0,경기
2366,e004860,효원공원 월화원,3.6666666666666665,경기
2367,e004860,효원공원 월화원,5.0,경기
2368,e004860,수원 KT위즈 파크,5.0,경기
2369,e004860,수원 화성 화홍문,5.0,경기
2370,e004860,방화수류정,5.0,경기
2371,e004860,수원 화성 화홍문,5.0,경기
2372,e004861,자라섬,4.333333333333333,경기
2373,e004864,서울숲,4.666666666666667,서울
2374,e004865,롯데월드타워 롯데월드몰,5.0,서울
2375,e004865,문래동 창작촌,5.0,서울
2376,e004865,광장시장 전 골목,5.0,서울
2377,e004865,타임 스트림,5.0,서울
2378,e004867,대원사,3.6666666666666665,경기
2379,e004868,홍대 패션거리,3.0,
2380,e004878,공간 와디즈,4.333333333333333,서울
2381,e004879,청계천,5.0,서울
2382,e004879,더 현대 서울,5.0,서울
2383,e004879,여의도 한강공원,5.0,서울
2384,e004879,반포 한강공원 달빛광장,5.0,서울
2385,e004879,서울숲,5.0,서울
2386,e004881,신세계백화점 강남점,4.333333333333333,서울
2387,e004881,위글위글 도산 플래그십스토어,4.0,서울
2388,e004881,강남 터미널 경부선 지하상가,4.0,서울
2389,e004882,국립중앙박물관,5.0,서울
2390,e004885,묘적사계곡,5.0,경기
2391,e004899,수원 화성 팔달문,3.3333333333333335,경기
2392,e004899,일월 수목원,4.0,경기
2393,e004899,화성행궁,3.6666666666666665,경기
2394,e004905,서울숲,4.0,서울
2395,e004905,스타필드 코엑스몰,4.0,서울
2396,e004905,스타필드 코엑스몰,4.0,서울
2397,e004905,더 현대 서울,4.333333333333333,서울
2398,e004905,익선동 한옥거리,3.6666666666666665,서울
2399,e004905,서울대공원,4.0,경기
2400,e004905,명동거리,4.0,서울
2401,e004905,국립민속박물관,3.3333333333333335,서울
2402,e004914,마트 킹 평택점,3.6666666666666665,경기
2403,e004914,PPO,5.0,경기
2404,e004914,PPO,4.333333333333333,경기
2405,e004915,낙원악기상가,3.0,서울
2406,e004915,낙원악기상가,2.6666666666666665,서울
2407,e004915,다이소 명동역점,3.0,서울
2408,e004917,메가박스 인천 논현,4.333333333333333,인천
2409,e004919,스타필드 코엑스몰,5.0,서울
2410,e004919,그랜드 하얏트 서울 델리,5.0,서울
2411,e004925,세미원,4.0,경기
2412,e004925,현대 프리미엄 아울렛 스페이스 원,4.0,경기
2413,e004927,아쿠아 필드 하남,5.0,경기
2414,e004931,서울월드컵경기장,5.0,서울
2415,e004941,일산 호수공원,5.0,경기
2416,e004945,캐리비안베이,5.0,경기
2417,e004945,애브뉴 프랑 광교,3.3333333333333335,경기
2418,e004952,국립중앙박물관,5.0,서울
2419,e004952,롯데월드,3.0,서울
2420,e004961,이함 캠퍼스,3.3333333333333335,경기
2421,e004961,용문사,5.0,경기
2422,e004961,두물머리,4.0,경기
2423,e004970,분당중앙공원,4.0,경기
2424,e004970,AK플라자 분당,3.3333333333333335,경기
2425,e004970,현대백화점 판교점,3.3333333333333335,경기
2426,e004970,현대백화점 판교점,3.3333333333333335,경기
2427,e004975,이케아 광명점,5.0,경기
2428,e004976,21아울렛 구로점,5.0,서울
2429,e004976,고척스카이돔,5.0,서울
2430,e004976,고척스카이돔,5.0,서울
2431,e004976,고척스카이돔,5.0,서울
2432,e004977,더 현대 서울,5.0,서울
2433,e004977,여의도공원,3.3333333333333335,서울
2434,e004977,더 현대 서울,5.0,서울
2435,e004977,타임스퀘어,5.0,서울
2436,e004979,광장시장,5.0,서울
2437,e004979,청와대 본관,5.0,서울
2438,e004979,국립민속박물관,5.0,서울
2439,e004979,국립현대미술관 서울관,2.0,서울
2440,e004983,롯데백화점 본점,5.0,서울
2441,e004984,롯데백화점 본점,5.0,서울
2442,e004987,캐리비안베이,4.0,경기
2443,e004987,에버랜드,4.0,경기
2444,e004987,영흥 수목원,5.0,경기
2445,e004989,서울미술관 본관,4.666666666666667,서울
2446,e004989,석파정,3.6666666666666665,서울
2447,e004989,통인시장,3.3333333333333335,서울
2448,e004990,현대백화점 판교점,4.0,경기
2449,e004990,현대백화점 판교점,3.3333333333333335,경기
2450,e004990,하늘정원,3.6666666666666665,
2451,e004990,갤러리아백화점 광교점,4.0,경기
2452,e004990,아쿠아 플라넷 광교,4.0,경기
2453,e004990,광교호수공원,4.0,경기
2454,e005011,다산 생태공원,3.3333333333333335,경기
2455,e005011,실학박물관,3.0,경기
2456,e005011,정약용 유적지 생가,3.0,경기
2457,e005011,정약용 유적지 기념관,3.0,경기
2458,e005014,국립중앙박물관,5.0,서울
2459,e005014,롯데월드타워 롯데월드몰,4.0,서울
2460,e005014,경복궁,4.0,서울
2461,e005014,청계천,3.3333333333333335,서울
2462,e005025,가평 레일파크,4.0,경기
2463,e005026,왕방 계곡,3.3333333333333335,경기
2464,e005026,니지 모리 스튜디오,3.6666666666666665,경기
2465,e005026,놀자 숲,2.6666666666666665,경기
2466,e005028,AK플라자 분당,3.6666666666666665,경기
2467,e005028,롯데 프리미엄 아울렛 기흥점,4.666666666666667,경기
2468,e005102,서울 식물원,4.333333333333333,서울
2469,e005106,행리단길,5.0,경기
2470,e005106,방화수류정,5.0,경기
2471,e005106,팔달문시장,4.0,경기
2472,e005110,용추계곡,5.0,경기
2473,e005110,가평군 농협 하나로마트 본점,5.0,경기
2474,e005116,어메이징 파크,4.0,경기
2475,e005127,경기도 미술관,5.0,경기
2476,e005127,경기도 미술관,5.0,경기
2477,e005127,김홍도 미술관,5.0,경기
2478,e005127,노적봉,5.0,경기
2479,e005127,단원 조각 공원,5.0,경기
2480,e005127,단원 조각 공원,5.0,경기
2481,e005127,단원 조각 공원,5.0,경기
2482,e005154,국립현대미술관 서울관,5.0,서울
2483,e005156,키스톤 스피시즈,4.333333333333333,경기
2484,e005157,국립중앙박물관,5.0,서울
2485,e005157,롯데 아울렛 서울역점,5.0,서울
2486,e005160,워터하우스,5.0,
2487,e005160,워터하우스,5.0,
2488,e005166,아이파크몰 용산점,4.0,서울
2489,e005166,아이파크몰 용산점,3.3333333333333335,서울
2490,e005170,선밸리 호텔 워터파크,5.0,경기
2491,e005172,방화수류정,5.0,경기
2492,e005172,북수원 온천,5.0,경기
2493,e005172,화성행궁,4.0,경기
2494,e005172,행리단길,5.0,경기
2495,e005172,갤러리아백화점 광교점,5.0,경기
2496,e005175,화성행궁,3.6666666666666665,경기
2497,e005175,수원팔색길 화성 성곽길,4.666666666666667,경기
2498,e005185,현대 프리미엄 아울렛 송도점,4.0,인천
2499,e005185,송도센트럴파크,4.666666666666667,인천
2500,e005187,국립민속박물관 파주,4.666666666666667,경기
2501,e005189,안성 3.1운동 기념관,5.0,경기
2502,e005194,캠프마켓,4.0,인천
2503,e005197,스타필드 시티 부천,5.0,경기
2504,e005201,화성행궁,3.3333333333333335,경기
2505,e005201,방화수류정,3.6666666666666665,경기
2506,e005201,아쿠아 플라넷 광교,3.3333333333333335,경기
2507,e005206,세종마을 음식문화거리,4.666666666666667,서울
2508,e005206,통인시장,4.666666666666667,서울
2509,e005217,남산공원 N서울타워,3.3333333333333335,서울
2510,e005219,스타필드 안성,5.0,경기
2511,e005220,계곡,4.0,
2512,e005221,망원한강공원,5.0,서울
2513,e005221,서울월드컵경기장,5.0,서울
2514,e005234,AK플라자 홍대,5.0,서울
2515,e005234,경의선 숲길,5.0,서울
2516,e005234,코엑스,3.6666666666666665,서울
2517,e005235,송도 달빛축제공원,5.0,인천
2518,e005235,송도 달빛축제공원,5.0,인천
2519,e005235,송도 달빛축제공원,5.0,인천
2520,e005235,송도센트럴파크,5.0,인천
2521,e005235,송도 달빛축제공원,5.0,인천
2522,e005235,송도 달빛축제공원,5.0,인천
2523,e005235,송도 달빛축제공원,5.0,인천
2524,e005238,일 피노,3.0,경기
2525,e005238,묘적사계곡,4.0,경기
2526,e005238,두물머리,4.0,경기
2527,e005239,카페 모아이,4.333333333333333,경기
2528,e005240,스타필드 하남,3.6666666666666665,경기
2529,e005240,아쿠아 필드 하남,5.0,경기
2530,e005242,쌈지길,5.0,서울
2531,e005242,북촌 한옥마을,5.0,서울
2532,e005242,청계천,5.0,서울
2533,e005242,코엑스,5.0,서울
2534,e005245,메가박스 인천 논현,3.0,인천
2535,e005245,인천 차이나타운,5.0,인천
2536,e005245,송월동 동화마을,5.0,인천
2537,e005245,트리플 스트리트,5.0,인천
2538,e005245,롯데백화점 인천점,4.0,인천
2539,e005247,더 현대 서울,3.3333333333333335,서울
2540,e005247,IFC 몰,3.0,서울
2541,e005247,더 현대 서울,3.3333333333333335,서울
2542,e005247,여의도 한강공원,4.0,서울
2543,e005247,더 현대 서울,2.6666666666666665,서울
2544,e005247,여의도 한강공원,3.3333333333333335,서울
2545,e005257,더 현대 서울,4.0,서울
2546,e005258,양수리 전통시장,2.0,경기
2547,e005258,두물머리,4.0,경기
2548,e005258,현대 프리미엄 아울렛 스페이스 원,2.6666666666666665,경기
2549,e005263,더 현대 서울,5.0,서울
2550,e005264,인천도시 역사관,3.3333333333333335,
2551,e005264,국립 세계문자 박물관,4.333333333333333,인천
2552,e005264,트리플 스트리트,4.0,인천
2553,e005278,장안문,3.6666666666666665,경기
2554,e005278,롯데몰 수원점,5.0,경기
2555,e005294,워터플레이,2.6666666666666665,경기
2556,e005311,국립과천과학관,4.0,경기
2557,e005314,아이파크몰 용산점,5.0,서울
2558,e005314,국립중앙박물관,5.0,서울
2559,e005314,장교숙소 5단지(용산공원 반환부지),5.0,서울
2560,e005314,서울로 717,4.0,서울
2561,e005318,이마트 남양주점,5.0,경기
2562,e005318,천마산,5.0,경기
2563,e005321,롯데백화점 수원점,5.0,경기
2564,e005321,수원 화성 팔달문,5.0,경기
2565,e005321,화성행궁,5.0,경기
2566,e005321,효원공원 월화원,5.0,경기
2567,e005321,효원공원 월화원,5.0,경기
2568,e005331,소래습지생태공원,3.0,인천
2569,e005331,인천광역시립 박물관,3.0,인천
2570,e005334,세미원,5.0,경기
2571,e005334,두물머리,5.0,경기
2572,e005334,용문사,5.0,경기
2573,e005334,신세계 프리미엄 아울렛 여주,3.0,경기
2574,e005334,스타필드 하남,4.0,경기
2575,e005340,마장호수,3.3333333333333335,경기
2576,e005341,에버랜드,4.666666666666667,경기
2577,e005341,AK& 기흥,3.6666666666666665,경기
2578,e005345,청계천,5.0,
2579,e005345,광장시장,4.0,서울
2580,e005345,서울숲,5.0,서울
2581,e005345,T 팩토리,5.0,서울
2582,e005351,이화원,4.0,경기
2583,e005368,제이드가든 수목원,5.0,
2584,e005370,예술의전당 오페라하우스,5.0,서울
2585,e005391,홍대 예술의 거리,4.0,서울
2586,e005391,홍대 앞 걷고 싶은 거리,3.0,서울
2587,e005391,AK플라자 홍대,5.0,서울
2588,e005395,스타필드 고양,5.0,경기
2589,e005407,롯데월드타워 롯데월드몰,5.0,서울
2590,e005407,석촌호수 산책길,5.0,
2591,e005418,홍대 패션거리,5.0,서울
2592,e005418,더 서울 라이티 움,5.0,서울
2593,e005418,고척스카이돔,5.0,서울
2594,e005418,더 현대 서울,5.0,서울
2595,e005418,서울숲 카페거리,5.0,서울
2596,e005421,열린 송현 녹지 광장,3.3333333333333335,서울
2597,e005421,그라운드 시 소 서촌,5.0,
2598,e005421,경복궁,4.666666666666667,서울
2599,e005423,분당중앙공원,4.0,경기
2600,e005423,탄천,3.6666666666666665,경기
2601,e005423,분당 정자동 카페골목,2.3333333333333335,경기
2602,e005438,웨이브 파크,4.0,경기
2603,e005440,백운호수,4.333333333333333,경기
2604,e005440,롯데 프리미엄 아울렛 타임 빌라스,4.0,경기
2605,e005443,연천 호로 고루,4.666666666666667,경기
2606,e005443,연천 땅 포성,4.0,경기
2607,e005443,임진강 주상절리,5.0,경기
2608,e005443,재인폭포,5.0,경기
2609,e005446,김포 장릉,4.0,경기
2610,e005447,신포국제시장,3.0,인천
2611,e005447,자유 공원,4.333333333333333,인천
2612,e005447,자유 공원 맥아더 장군 동상,3.3333333333333335,인천
2613,e005447,청년 백범 김구 역 사거리,3.0,인천
2614,e005447,송월동 동화마을,3.0,인천
2615,e005447,삼국지 벽화거리,3.0,인천
2616,e005447,일본풍 거리,3.3333333333333335,인천
2617,e005447,월미테마파크,3.6666666666666665,인천
2618,e005447,인천 차이나타운,3.3333333333333335,인천
2619,e005447,신포 닭강정 본점,2.6666666666666665,인천
2620,e005447,한국 근대문학관,4.333333333333333,인천
2621,e005448,더 현대 서울,2.0,서울
2622,e005448,영등포전통시장,5.0,서울
2623,e005448,AK플라자 홍대,3.6666666666666665,서울
2624,e005448,서울역사박물관,5.0,서울
2625,e005448,국립현대미술관 서울관,3.6666666666666665,서울
2626,e005448,남산공원 N서울타워,5.0,서울
2627,e005448,코엑스,5.0,서울
2628,e005448,고투몰,5.0,서울
2629,e005472,더 현대 서울,5.0,서울
2630,e005472,더 현대 서울,5.0,서울
2631,e005472,여의도 한강공원,5.0,서울
2632,e005472,AK플라자 홍대,5.0,서울
2633,e005476,탬버린즈 플래그십스토어 신사점,5.0,서울
2634,e005476,반포 한강공원 달빛광장,5.0,서울
2635,e005476,국립중앙박물관,5.0,서울
2636,e005476,국립중앙박물관,5.0,서울
2637,e005476,안중근 의사 기념관,5.0,서울
2638,e005483,장안문,4.666666666666667,경기
2639,e005483,수원 화성 화서문,4.0,
2640,e005483,수원 화성 북동포루,2.3333333333333335,경기
2641,e005483,방화수류정,3.0,경기
2642,e005483,동북각루,4.0,경기
2643,e005483,수원 화성 박물관,3.0,경기
2644,e005484,이케아 기흥점,3.6666666666666665,경기
2645,e005485,더 서울 라이티 움,5.0,서울
2646,e005485,국립중앙박물관,5.0,서울
2647,e005485,서울로 717,3.0,서울
2648,e005488,서울미술관 본관,4.0,서울
2649,e005488,석파정,5.0,서울
2650,e005488,양화한강공원,3.0,서울
2651,e005495,광화문광장,5.0,서울
2652,e005495,교보문고 광화문점,2.6666666666666665,서울
2653,e005497,석모도 미네랄 온천,4.0,인천
2654,e005504,갤러리아백화점 광교점,4.0,경기
2655,e005504,광교호수공원,4.333333333333333,경기
2656,e005504,롯데 아울렛 광교점,4.0,경기
2657,e005504,아트스페이스 광교,4.0,경기
2658,e005506,카카오 프렌즈 홍대 플래그십스토어,4.0,서울
2659,e005506,AK플라자 홍대,3.3333333333333335,서울
2660,e005506,반포 한강공원,3.3333333333333335,서울
2661,e005506,동묘시장,3.3333333333333335,서울
2662,e005506,동대문디자인플라자,5.0,서울
2663,e005506,인사동 문화의 거리,4.333333333333333,서울
2664,e005506,남산공원 N서울타워,5.0,서울
2665,e005506,북촌 한옥마을,3.3333333333333335,서울
2666,e005506,서울 명예도로 감고 당길,2.3333333333333335,서울
2667,e005506,롯데 아울렛 서울역점,4.0,서울
2668,e005510,이케아 고양점,4.333333333333333,경기
2669,e005510,현대모터 스튜디오 고양,5.0,경기
2670,e005517,서울 생활사 박물관,4.333333333333333,서울
2671,e005527,국립중앙박물관,4.666666666666667,서울
2672,e005528,아시아출판문화 정보 센터 지혜의 숲 1관,5.0,경기
2673,e005528,롯데 프리미엄 아울렛 파주점,5.0,경기
2674,e005528,파주 프리미엄 아울렛,4.0,경기
2675,e005528,문지리 535,5.0,경기
2676,e005528,마장호수,4.666666666666667,경기
2677,e005532,에버랜드 정문,5.0,
2678,e005532,에버랜드 사파리월드,5.0,경기
2679,e005532,에버랜드,5.0,경기
2680,e005532,에버랜드 사파리월드,5.0,경기
2681,e005551,스타필드 고양,5.0,경기
2682,e005553,국립어린이과학관,5.0,서울
2683,e005553,하땅사 극장,5.0,서울
2684,e005570,인천 차이나타운,5.0,인천
2685,e005570,짜장면 박물관,5.0,인천
2686,e005570,자유 공원,5.0,인천
2687,e005570,자유 공원,5.0,인천
2688,e005570,인천개항 박물관,5.0,인천
2689,e005573,에버랜드,4.0,경기
2690,e005575,그라운드 시 소 서촌,4.0,서울
2691,e005575,광화문광장,4.333333333333333,서울
2692,e005577,선셋 74,4.0,경기
2693,e005577,어비산 어비계곡,3.6666666666666665,경기
2694,e005585,현대 프리미엄 아울렛 송도점,5.0,인천
2695,e005590,더 현대 서울,4.666666666666667,서울
2696,e005590,경의선 숲길,4.333333333333333,서울
2697,e005591,중원계곡,3.3333333333333335,경기
2698,e005599,덕수궁,4.333333333333333,서울
2699,e005599,서울 식물원,3.0,서울
2700,e005599,경복궁,3.0,서울
2701,e005602,용추계곡,5.0,경기
2702,e005602,자라섬 남도,1.6666666666666667,경기
2703,e005605,의정부 미술 도서관,3.3333333333333335,경기
2704,e005605,의정부 음악 도서관,5.0,경기
2705,e005617,롯데월드 아쿠아리움,4.333333333333333,
2706,e005617,롯데월드타워,3.0,
2707,e005617,그래픽,4.333333333333333,서울
2708,e005619,일산 호수공원,4.666666666666667,경기
2709,e005619,정발산,4.333333333333333,경기
2710,e005627,테르메덴,5.0,경기
2711,e005642,AK플라자 수원,4.333333333333333,경기
2712,e005642,캐리비안베이,5.0,경기
2713,e005642,에버랜드,5.0,경기
2714,e005645,이케아 광명점,5.0,경기
2715,e005645,광명 전통시장,5.0,경기
2716,e005645,이케아 광명점,5.0,경기
2717,e005645,광명 전통시장,5.0,경기
2718,e005662,성수동 카페거리,4.666666666666667,서울
2719,e005662,서울숲,5.0,서울
2720,e005662,롯데월드타워 롯데월드몰,5.0,서울
2721,e005662,롯데월드타워 롯데월드몰,5.0,서울
2722,e005664,신포국제시장,3.0,인천
2723,e005664,자유 공원,3.0,인천
2724,e005664,인천개항장 근대건축전시관,3.3333333333333335,인천
2725,e005664,한국 근대문학관,4.0,
2726,e005664,인천아트플랫폼,4.333333333333333,인천
2727,e005664,짜장면 박물관,3.6666666666666665,인천
2728,e005664,인천 차이나타운,3.0,인천
2729,e005664,인천 차이나타운 삼국지 벽화거리,2.3333333333333335,인천
2730,e005664,송월동 동화마을,3.0,인천
2731,e005665,혜화문,5.0,서울
2732,e005665,국립중앙박물관,5.0,서울
2733,e005676,롯데월드타워 롯데월드몰,5.0,서울
2734,e005682,신세계백화점 경기점,5.0,경기
2735,e005706,물향기 수목원,4.0,경기
2736,e005711,일산 호수공원,3.6666666666666665,경기
2737,e005713,롯데월드타워 롯데월드몰,4.0,서울
2738,e005716,조인 폴리아 파주 농장,3.6666666666666665,경기
2739,e005716,파주 프리미엄 아울렛,4.0,경기
2740,e005718,익선동 한옥거리,4.333333333333333,서울
2741,e005718,천주교 서울 대교구 주교좌 명동 대성당,3.0,서울
2742,e005718,그라운드 시 소 명동,3.6666666666666665,서울
2743,e005718,홍익대학교 대학로 아트센터,4.0,서울
2744,e005718,용산 어린이 정원(용산공원 반환부지),4.0,서울
2745,e005745,롯데몰 김포공항점,5.0,서울
2746,e005759,청계천,4.666666666666667,서울
2747,e005759,석파정,3.3333333333333335,서울
2748,e005759,낙산공원,3.3333333333333335,서울
2749,e005759,스타필드 코엑스몰,4.333333333333333,서울
2750,e005759,코엑스,4.666666666666667,서울
2751,e005759,반포 한강공원,4.333333333333333,서울
2752,e005759,서울숲,5.0,서울
2753,e005763,현대모터 스튜디오 고양,5.0,경기
2754,e005763,아시아출판문화 정보 센터 지혜의 숲 1관,5.0,경기
2755,e005765,소마미술관,4.0,서울
2756,e005775,송도센트럴파크,5.0,인천
2757,e005775,국립 세계문자 박물관,3.6666666666666665,인천
2758,e005775,G 타워 전망대,4.333333333333333,
2759,e005790,가평군 농협 하나로마트 본점,4.333333333333333,경기
2760,e005790,용추계곡,5.0,경기
2761,e005790,용추계곡,5.0,경기
2762,e005793,강변 테크노마트,4.0,서울
2763,e005803,NC백화점 고잔점,5.0,경기
2764,e005804,국립중앙박물관,3.6666666666666665,서울
2765,e005807,덕수궁,5.0,서울
2766,e005807,롯데월드,5.0,서울
2767,e005807,아이파크몰 용산점,1.0,서울
2768,e005813,서울숲,4.0,서울
2769,e005813,창경궁,3.6666666666666665,서울
2770,e005813,광장시장,3.3333333333333335,서울
2771,e005813,해방촌 오거리,3.6666666666666665,서울
2772,e005822,영천시장,4.0,서울
2773,e005826,백운호수,4.0,경기
2774,e005831,롯데시네마 합정,4.0,서울
2775,e005833,동광 극장,5.0,경기
2776,e005833,니지 모리 스튜디오,2.0,경기
2777,e005840,동대문디자인플라자,5.0,서울
2778,e005840,동대문 역사 문화공원 동대문운동장 기념관,3.6666666666666665,서울
2779,e005860,수원 화성 화홍문,5.0,경기
2780,e005860,화성행궁,5.0,경기
2781,e005860,플라잉 수원,5.0,경기
2782,e005860,에버랜드,5.0,경기
2783,e005863,신세계백화점 강남점,3.3333333333333335,서울
2784,e005876,가평군 농협 하나로마트 북면점,3.0,경기
2785,e005876,화악산계곡,4.0,경기
2786,e005876,두물머리,4.0,경기
2787,e005885,동탄 호수 공원,5.0,경기
2788,e005886,더 현대 서울,5.0,서울
2789,e005886,IFC 몰,5.0,서울
2790,e005891,동광 극장,5.0,경기
2791,e005891,중앙시장,5.0,경기
2792,e005899,에버랜드,5.0,경기
2793,e005915,여의도공원,4.333333333333333,서울
2794,e005922,두물머리,3.6666666666666665,경기
2795,e005922,이마트 진접점,3.0,경기
2796,e005922,가평군 농협 하나로마트 청평점,3.3333333333333335,경기
2797,e005926,롯데 프리미엄 아울렛 이천점,4.0,경기
2798,e005930,수도국산 달동네 박물관,4.666666666666667,인천
2799,e005930,인천 차이나타운,5.0,인천
2800,e005930,월미도,4.666666666666667,인천
2801,e005935,수원 화성 화홍문,3.0,경기
2802,e005935,지동시장,3.3333333333333335,경기
2803,e005940,이천 미란다호텔 스파플러스,5.0,경기
2804,e005965,경의선 숲길,5.0,서울
2805,e005965,더 현대 서울,5.0,서울
2806,e005970,아쿠아 플라넷 일산,5.0,경기
2807,e005973,남이섬,4.0,강원특별자치도
2808,e005978,선셋 74,3.6666666666666665,경기
2809,e005999,올림픽공원,3.6666666666666665,서울
2810,e005999,현대백화점 천호점,4.0,
2811,e006005,헤이리 예술마을,5.0,경기
2812,e006014,앨리웨이 광교,5.0,경기
2813,e006014,광교호수공원,5.0,경기
2814,e006014,수원시립미술관,5.0,경기
2815,e006014,수원 화성 박물관,5.0,경기
2816,e006016,롯데 영 플라자 본점,4.0,서울
2817,e006016,서울 시티투어버스,4.0,서울
2818,e006016,동대문디자인플라자,4.0,서울
2819,e006016,달밤엔 시어터,3.3333333333333335,서울
2820,e006016,마로니에공원,3.3333333333333335,서울
2821,e006022,서울시립미술관 서소문 본관,3.3333333333333335,서울
2822,e006022,더 플라자,5.0,서울
2823,e006022,덕수궁,5.0,서울
2824,e006022,경복궁,5.0,서울
2825,e006025,오이도 빨강등대,5.0,경기
2826,e006029,중원산,3.3333333333333335,경기
2827,e006029,중원계곡,4.333333333333333,경기
2828,e006030,영흥도 하늘 고래공원 전망대,5.0,인천
2829,e006030,해군 영흥도 전적비,5.0,인천
2830,e006030,십리포해수욕장,5.0,인천
2831,e006030,선재 어촌체험마을,5.0,인천
2832,e006030,롯데 프리미엄 아울렛 파주점,5.0,경기
2833,e006032,스타필드 하남,5.0,경기
2834,e006033,공간 와디즈,5.0,서울
2835,e006033,뚝섬한강공원,4.666666666666667,서울
2836,e006042,인천 차이나타운,4.0,인천
2837,e006050,두 대리 용소 폭포,5.0,경기
2838,e006052,계양산,5.0,인천
2839,e006059,동대문디자인플라자,5.0,서울
2840,e006059,청계천,4.0,서울
2841,e006059,천주교 서울 대교구 주교좌 명동 대성당,3.0,서울
2842,e006059,창덕궁,5.0,서울
2843,e006059,롯데몰 김포공항점,3.3333333333333335,서울
2844,e006069,제이드가든 수목원,5.0,강원특별자치도
2845,e006069,두물머리,5.0,경기
2846,e006081,조양 방직,5.0,인천
2847,e006081,동막해수욕장,3.0,인천
2848,e006081,강화 루지,5.0,인천
2849,e006086,송도 달빛축제공원,2.3333333333333335,인천
2850,e006086,송도센트럴파크,3.0,인천
2851,e006086,소찬공원,3.0,인천
2852,e006098,서울시립미술관 서소문 본관,4.333333333333333,서울
2853,e006098,덕수궁,4.666666666666667,서울
2854,e006098,덕수궁,4.0,서울
2855,e006100,송도센트럴파크,4.0,인천
2856,e006100,현대 프리미엄 아울렛 송도점,5.0,인천
2857,e006100,트리플 스트리트,4.0,
2858,e006100,현대 프리미엄 아울렛 송도점,4.333333333333333,인천
2859,e006100,NC 큐브 커넬워크 가을도,4.0,인천
2860,e006128,안터생태공원,3.6666666666666665,경기
2861,e006128,이케아 광명점,4.333333333333333,경기
2862,e006128,광명동굴,4.666666666666667,경기
2863,e006128,광명 업사이클 아트센터,5.0,경기
2864,e006128,광명 전통시장,5.0,경기
2865,e006133,니지 모리 스튜디오,2.6666666666666665,경기
2866,e006136,대한불교조계종 봉은사,4.0,서울
2867,e006136,스타필드 코엑스몰,5.0,서울
2868,e006136,스타필드 코엑스몰,5.0,서울
2869,e006136,AK플라자 홍대,5.0,서울
2870,e006136,여의도 한강공원,5.0,서울
2871,e006136,63스퀘어,5.0,서울
2872,e006136,63스퀘어,5.0,서울
2873,e006151,석촌호수 동호,5.0,서울
2874,e006151,한전아트센터,5.0,서울
2875,e006153,오이도 빨강등대,4.0,경기
2876,e006153,오이도 빨강등대,3.0,경기
2877,e006153,웨이브 파크,3.0,경기
2878,e006157,화성시 우리 꽃식물원,3.0,경기
2879,e006157,롯데 프리미엄 아울렛 기흥점,4.0,경기
2880,e006177,루덴시아,5.0,경기
2881,e006213,동대문디자인플라자,3.0,서울
2882,e006213,국립중앙박물관,5.0,서울
2883,e006213,세종문화회관,5.0,서울
2884,e006214,서울공예 박물관,4.0,서울
2885,e006214,안녕 인사동,3.0,서울
2886,e006214,쌈지길,3.6666666666666665,서울
2887,e006218,다 마치 계곡 유원지,3.3333333333333335,경기
2888,e006221,AW 컨벤션,4.333333333333333,경기
2889,e006221,웨이브 파크,5.0,경기
2890,e006225,트리플 스트리트,4.333333333333333,인천
2891,e006226,안산 어촌민속박물관,3.0,경기
2892,e006251,스타필드 하남,5.0,경기
2893,e006261,더 현대 서울,3.3333333333333335,서울
2894,e006272,수원 월드컵 경기장,5.0,경기
2895,e006291,서울대공원 장미원,3.3333333333333335,경기
2896,e006315,정약용 유적지,3.0,경기
2897,e006315,실학박물관,4.0,경기
2898,e006315,하남 유니언 타워,5.0,경기
2899,e006315,아쿠아 필드 하남,4.0,경기
2900,e006321,수원시립미술관,3.0,경기
2901,e006321,화성행궁,3.3333333333333335,경기
2902,e006321,파닥파닥 클럽,5.0,경기
2903,e006348,아시안 해변,5.0,인천
2904,e006352,킨텍스 제1전시장,4.666666666666667,경기
2905,e006352,일산 호수공원,4.333333333333333,경기
2906,e006352,롯데마트 주엽점,3.3333333333333335,경기
2907,e006355,망원시장,4.0,서울
2908,e006355,홍대 예술의 거리,5.0,서울
2909,e006355,AK플라자 홍대,4.0,서울
2910,e006355,경의선 숲길,5.0,서울
2911,e006406,스타필드 고양,4.333333333333333,경기
2912,e006406,고양시립 별 꿈 도서관,3.3333333333333335,경기
2913,e006406,스타필드 고양,4.333333333333333,경기
2914,e006407,세종문화회관 대극장,2.6666666666666665,서울
2915,e006414,현대 시티 아울렛 가산점,4.333333333333333,서울
2916,e006416,국립중앙박물관,4.0,서울
2917,e006416,아이파크몰 용산점,5.0,서울
2918,e006422,조계사,5.0,서울
2919,e006422,서울 명예도로 감고 당길,4.333333333333333,서울
2920,e006422,북촌 한옥마을,3.3333333333333335,서울
2921,e006423,수원 화성,5.0,경기
2922,e006423,화성행궁,5.0,경기
2923,e006423,수원시립미술관,5.0,경기
2924,e006423,롯데 아울렛 광교점,5.0,경기
2925,e006446,이케아 고양점,4.333333333333333,경기
2926,e006446,스타필드 고양,4.333333333333333,경기
2927,e006447,캐리비안베이,5.0,경기
2928,e006452,일월 수목원,5.0,경기
2929,e006452,AK플라자 수원,5.0,경기
2930,e006452,행리단길,5.0,경기
2931,e006452,창룡문,5.0,경기
2932,e006460,경춘선 숲길,3.6666666666666665,서울
2933,e006463,분당중앙공원,3.6666666666666665,경기
2934,e006463,분당중앙공원,3.0,경기
2935,e006463,분당중앙공원,3.3333333333333335,경기
2936,e006474,국립 산음자연휴양림,5.0,경기
2937,e006474,세미원,5.0,경기
2938,e006483,스타필드 하남,5.0,경기
2939,e006489,서울약령 시장,4.0,서울
2940,e006489,남산공원 N서울타워,5.0,서울
2941,e006489,남산 둘레길,4.666666666666667,서울
2942,e006489,동국대학교 서울캠퍼스 이해랑예술 극장,4.0,서울
2943,e006489,동국대학교 서울캠퍼스 이해랑예술 극장,5.0,서울
2944,e006491,김포함상공원,3.0,경기
2945,e006492,만해기념관,3.6666666666666665,경기
2946,e006495,서울 선릉과 정릉,4.333333333333333,서울
2947,e006495,강남역 지하상가,3.6666666666666665,서울
2948,e006497,현대 시티 아울렛 동대문점,5.0,서울
2949,e006505,코엑스,5.0,서울
2950,e006506,부천 자연 생태공원 자연 생태 박물관,2.6666666666666665,경기
2951,e006506,롯데백화점 중동점,4.666666666666667,경기
2952,e006507,호암미술관,5.0,경기
2953,e006510,경기도 미술관,4.666666666666667,경기
2954,e006513,마장호수,4.0,경기
2955,e006517,서울공예 박물관,3.6666666666666665,서울
2956,e006517,국립현대미술관 서울관,5.0,서울
2957,e006517,서울시립미술관 서소문 본관,5.0,서울
2958,e006517,롯데백화점 본점,5.0,서울
2959,e006517,명동거리,4.0,서울
2960,e006528,블루스퀘어,4.0,서울
2961,e006529,현대백화점 천호점,5.0,서울
2962,e006529,현대백화점 천호점,5.0,서울
2963,e006534,남한산성도립공원,4.0,경기
2964,e006534,롯데시네마 성남중앙,5.0,경기
2965,e006544,코엑스,5.0,서울
2966,e006544,코엑스,5.0,서울
2967,e006544,코엑스,5.0,서울
2968,e006544,현대백화점 무역센터점,5.0,서울
2969,e006546,봉선사,4.333333333333333,경기
2970,e006550,두물머리,4.333333333333333,경기
2971,e006550,수풀로 양수리,4.0,경기
2972,e006552,현대 프리미엄 아울렛 스페이스 원,5.0,경기
2973,e006554,롯데 프리미엄 아울렛 기흥점,4.333333333333333,경기
2974,e006554,동탄 여울 공원,4.333333333333333,경기
2975,e006554,동탄 농수산물종합유통센터,4.0,경기
2976,e006554,동탄 농수산물종합유통센터,4.0,경기
2977,e006555,신세계백화점 본점,3.3333333333333335,서울
2978,e006557,캐리비안베이,4.0,경기
2979,e006557,에버랜드,4.0,경기
2980,e006572,탄도항,3.6666666666666665,경기
2981,e006575,방화수류정,4.333333333333333,경기
2982,e006577,남산공원 N서울타워,4.0,서울
2983,e006577,남산 둘레길,4.333333333333333,서울
2984,e006577,천주교 서울 대교구 주교좌 명동 대성당,5.0,서울
2985,e006585,인천 차이나타운,4.0,인천
2986,e006585,자유 공원,4.0,인천
2987,e006585,월미테마파크,4.333333333333333,인천
2988,e006587,아쿠아 필드 하남,5.0,경기
2989,e006588,한국만화 박물관,4.666666666666667,경기
2990,e006588,부천역 지하상가,5.0,경기
2991,e006588,부천역 지하상가,5.0,경기
2992,e006591,국립중앙박물관,4.0,서울
2993,e006592,효원공원 월화원,4.333333333333333,경기
2994,e006592,일월 수목원,3.6666666666666665,경기
2995,e006593,송추계곡,4.0,경기
2996,e006600,양평 물 맑은 시장,5.0,경기
2997,e006600,더 그림,5.0,경기
2998,e006783,혜화역 4호선,4.0,서울
2999,e006783,플러스 시어터,5.0,서울
3000,e006785,에버랜드,3.6666666666666665,경기
3001,e006788,에버랜드 정문,4.0,경기
3002,e006788,에버랜드 판다 월드,5.0,경기
3003,e006788,에버랜드 사파리월드,4.333333333333333,경기
3004,e006788,에버랜드 로스트 밸리,5.0,경기
3005,e006788,에버랜드,4.333333333333333,경기
3006,e006788,에버랜드 정문,5.0,경기
3007,e006789,플러스 시어터,5.0,서울
3008,e006789,플러스 시어터,5.0,서울
3009,e006793,이상의 집,3.3333333333333335,서울
3010,e006793,통인시장,3.3333333333333335,서울
3011,e006793,종로구립 박노수 미술관,4.333333333333333,서울
3012,e006793,인사동 문화의 거리,3.6666666666666665,서울
3013,e006794,매헌 시민의 숲,4.333333333333333,서울
3014,e006796,AK플라자 분당,3.3333333333333335,경기
3015,e006801,렛츠 런 파크 서울,4.333333333333333,경기
3016,e006804,현대 프리미엄 아울렛 송도점,3.6666666666666665,인천
3017,e006804,송도센트럴파크,5.0,인천
3018,e006804,국립 세계문자 박물관,5.0,인천
3019,e006804,트라이볼,5.0,인천
3020,e006813,동탄 여울 공원,3.0,경기
3021,e006815,의정부 미술 도서관,5.0,경기
3022,e006818,평화랜드,4.666666666666667,경기
3023,e006820,동구릉,4.0,경기
3024,e006823,에버랜드,5.0,경기
3025,e006823,에버랜드,5.0,경기
3026,e006826,에버랜드,4.0,경기
3027,e006828,코엑스,5.0,서울
3028,e006830,내리 문화공원,4.666666666666667,경기
3029,e006830,스타필드 하남,5.0,경기
3030,e006831,안녕 인사동,3.6666666666666665,서울
3031,e006831,조계사,4.0,서울
3032,e006833,하남 유니언 타워,4.333333333333333,경기
3033,e006834,헤이리 예술마을,4.0,경기
3034,e006837,스타필드 고양,2.6666666666666665,경기
3035,e006844,오이도 선사유적공원,5.0,경기
3036,e006846,광장시장,4.0,서울
3037,e006849,석촌호수 동호,4.0,서울
3038,e006849,두물머리,4.333333333333333,경기
3039,e006852,포천아트밸리,4.0,경기
3040,e006853,이함 캠퍼스,5.0,경기
3041,e006854,이케아 기흥점,4.666666666666667,경기
3042,e006855,스타필드 고양,5.0,경기
3043,e006856,현대 프리미엄 아울렛 스페이스 원,4.0,경기
3044,e006861,롯데 프리미엄 아울렛 타임 빌라스,4.333333333333333,경기
3045,e006862,장충체육관,5.0,서울
3046,e006863,롯데월드,4.333333333333333,서울
3047,e006865,보문사,3.6666666666666665,인천
3048,e006867,킨텍스 제1전시장,4.0,경기
3049,e006871,경기북부 어린이 박물관,5.0,경기
3050,e006875,현대백화점 판교점,5.0,경기
3051,e006876,장안문,4.0,경기
3052,e006877,스타필드 하남,5.0,경기
3053,e006879,석촌호수 동호,3.0,서울
3054,e006882,AK& 기흥,4.0,경기
3055,e006882,용인 동백지구 호수 공원,5.0,경기
3056,e006883,비둘기낭폭포,4.333333333333333,경기
3057,e006883,한탄강 하늘다리,2.6666666666666665,경기
3058,e006883,돌담 병원,2.3333333333333335,경기
3059,e006883,산정호수,3.0,경기
3060,e006886,신세계백화점 강남점,3.0,서울
3061,e006887,국립중앙박물관,5.0,서울
3062,e006887,전쟁기념관,5.0,서울
3063,e006887,국립중앙박물관,5.0,서울
3064,e006890,킨텍스 제1전시장,3.6666666666666665,경기
3065,e006890,행주산성,3.0,경기
3066,e006890,이케아 고양점,3.6666666666666665,경기
3067,e006890,스타필드 고양,5.0,경기
3068,e006892,청량리 청과물 시장,2.0,서울
3069,e006893,성남중앙공설시장,4.0,경기
3070,e006894,국립민속박물관 파주,5.0,경기
3071,e006895,두물머리,4.666666666666667,경기
3072,e006895,수풀로 양수리,4.0,경기
3073,e006896,인천대공원,5.0,인천
3074,e006897,스타필드 안성,4.333333333333333,경기
3075,e006899,광명동굴,3.3333333333333335,경기
3076,e006899,광명 전통시장,2.6666666666666665,경기
3077,e006902,블루스퀘어,3.0,서울
3078,e006902,블루스퀘어,4.0,서울
3079,e006906,종로구립 박노수 미술관,3.6666666666666665,서울
3080,e006906,이상의 집,2.6666666666666665,서울
3081,e006906,창성동 실험실,3.0,서울
3082,e006906,Ofr 서울,3.6666666666666665,서울
3083,e006906,보안여관,3.3333333333333335,서울
3084,e006908,진관사계곡,5.0,서울
3085,e006909,행주산성 역사 공원,4.333333333333333,경기
3086,e006909,이케아 고양점,4.333333333333333,경기
3087,e006911,성남 큐브미술관,4.333333333333333,경기
3088,e006913,에버랜드,4.333333333333333,경기
3089,e006913,에버랜드,5.0,경기
3090,e006914,국립중앙박물관,3.6666666666666665,서울
3091,e006914,국립중앙박물관,4.666666666666667,서울
3092,e006915,스타필드 고양,4.0,경기
3093,e006918,이함 캠퍼스,4.333333333333333,경기
3094,e006919,망월천,4.0,경기
3095,e006920,국립중앙박물관,5.0,서울
3096,e006920,국립중앙박물관,5.0,서울
3097,e006922,서울랜드,5.0,경기
3098,e006924,왕송호수,5.0,경기
3099,e006926,동구릉,5.0,경기
3100,e006926,현대 프리미엄 아울렛 스페이스 원,5.0,경기
3101,e006927,스타필드 안성,4.0,경기
3102,e006929,어메이징 파크,4.0,경기
3103,e006930,파라다이스 시티 씨메르,3.0,인천
3104,e006932,남한산성 순교성지,4.333333333333333,경기
3105,e006933,타임스퀘어,4.666666666666667,서울
3106,e006934,수락산,3.6666666666666665,경기
3107,e006937,왕송호수,5.0,경기
3108,e006939,아이파크몰 용산점,4.0,서울
3109,e006941,시흥 프리미엄 아울렛,4.333333333333333,경기
3110,e006941,시흥갯골생태공원,4.333333333333333,경기
3111,e006946,단원 조각 공원,3.3333333333333335,경기
3112,e006946,단원 조각 공원,3.3333333333333335,경기
3113,e006946,단원 조각 공원,4.333333333333333,경기
3114,e006946,김홍도 미술관,4.333333333333333,경기
3115,e006946,경기도 미술관,3.0,경기
3116,e006946,경기도 미술관,5.0,경기
3117,e006947,고양이 역 카페,5.0,인천
3118,e006949,광장시장 전 골목,4.333333333333333,서울
3119,e006949,동대문종합시장,3.6666666666666665,서울
3120,e006951,송도컨벤시아,4.333333333333333,인천
3121,e006951,올림픽공원,4.0,서울
3122,e006952,현대모터 스튜디오 고양,5.0,경기
3123,e006952,이케아 고양점,3.0,경기
3124,e006953,왕송호수,5.0,경기
3125,e006953,철도박물관,3.6666666666666665,경기
3126,e006954,에버랜드,4.333333333333333,경기
3127,e006955,트레이더스 홀세일 클럽 안산점,3.0,경기
3128,e007132,이케아 기흥점,4.0,경기
3129,e007139,일산 호수공원,5.0,경기
3130,e007145,올림픽공원,3.0,서울
3131,e007155,캠프통포레스트,4.0,
3132,e007166,의정부 미술 도서관,5.0,경기
3133,e007166,신세계백화점 의정부점,4.0,경기
3134,e007169,예술의전당,5.0,서울
3135,e007170,국립중앙박물관,5.0,서울
3136,e007170,동대문디자인플라자,4.0,서울
3137,e007170,광장시장,3.3333333333333335,서울
3138,e007170,아이파크몰 용산점,4.0,서울
3139,e007170,국립중앙박물관,5.0,서울
3140,e007172,농협안성팜랜드,4.0,경기
3141,e007175,물왕 호수,3.3333333333333335,경기
3142,e007196,난지한강공원,5.0,서울
3143,e007198,국립민속박물관,4.0,서울
3144,e007198,청와대 본관,4.0,서울
3145,e007198,광장시장,4.0,서울
3146,e007198,청계천,4.0,서울
3147,e007198,광화문광장,4.0,서울
3148,e007200,화성행궁,4.333333333333333,경기
3149,e007200,수원시립미술관,4.0,경기
3150,e007200,행궁동 벽화마을,4.333333333333333,경기
3151,e007200,수원 화성 화홍문,4.333333333333333,경기
3152,e007203,연꽃테마파크,3.3333333333333335,경기
3153,e007203,시흥 오이도 박물관,4.333333333333333,경기
3154,e007203,오이도 빨강등대,3.0,경기
3155,e007203,시흥갯골생태공원,4.666666666666667,경기
3156,e007205,현대백화점 판교점,5.0,경기
3157,e007213,대한불교조계종 봉은사,4.0,서울
3158,e007213,현대백화점 무역센터점,4.333333333333333,서울
3159,e007213,스타필드 코엑스몰,3.3333333333333335,서울
3160,e007213,스타필드 코엑스몰,4.333333333333333,서울
3161,e007214,한강공원 삼패지구,5.0,경기
3162,e007216,난지한강공원,5.0,
3163,e007217,강화 루지,5.0,인천
3164,e007217,대룡시장,1.6666666666666667,인천
3165,e007218,더 현대 서울,4.666666666666667,서울
3166,e007218,더 현대 서울,3.3333333333333335,서울
3167,e007219,백남준아트센터,5.0,경기
3168,e007221,광명 스피돔 경륜본장,3.6666666666666665,경기
3169,e007227,롯데월드타워 롯데월드몰,5.0,서울
3170,e007227,롯데월드타워 롯데월드몰,3.6666666666666665,서울
3171,e007231,고척스카이돔,4.0,서울
3172,e007245,팔달문시장,5.0,경기
3173,e007255,빛의 시어터,5.0,서울
3174,e007255,뚝섬한강공원,4.666666666666667,서울
3175,e007270,국립현대미술관 과천관,4.0,경기
3176,e007272,하땅사 극장,4.0,
3177,e007272,망원시장,3.3333333333333335,서울
3178,e007289,방아머리 해변,4.0,경기
3179,e007289,탄도항,5.0,경기
3180,e007294,킨텍스 중앙공원,3.0,경기
3181,e007294,킨텍스 제1전시장,3.6666666666666665,경기
3182,e007296,롯데월드타워 롯데월드몰,4.0,서울
3183,e007296,석촌호수 산책길,4.666666666666667,서울
3184,e007301,백운계곡,4.0,경기
3185,e007301,청운 쉼터,4.0,경기
3186,e007306,에버랜드,5.0,경기
3187,e007310,서대문형무소 역사관,3.3333333333333335,서울
3188,e007311,양수리 전통시장,1.3333333333333333,경기
3189,e007311,세미원,4.333333333333333,경기
3190,e007312,현대모터 스튜디오 고양,5.0,경기
3191,e007315,테르메덴,5.0,경기
3192,e007316,코엑스,4.0,서울
3193,e007328,캐리비안베이,5.0,
3194,e007328,에버랜드,5.0,경기
3195,e007332,창덕궁,4.0,서울
3196,e007332,조계사,3.3333333333333335,서울
3197,e007332,동대문디자인플라자,4.0,서울
3198,e007332,두타몰,4.0,서울
3199,e007334,롯데 프리미엄 아울렛 타임 빌라스,3.0,경기
3200,e007338,고기리계곡,2.6666666666666665,경기
3201,e007339,스타필드 안성,5.0,경기
3202,e007341,롯데월드타워 롯데월드몰,4.0,서울
3203,e007354,백운호수,4.0,경기
3204,e007354,롯데 프리미엄 아울렛 타임 빌라스,4.0,경기
3205,e007362,현대모터 스튜디오 고양,4.0,경기
3206,e007379,국립 세계문자 박물관,3.6666666666666665,인천
3207,e007379,G 타워,4.333333333333333,인천
3208,e007385,부천중앙공원,5.0,경기
3209,e007388,캐리비안베이,4.0,경기
3210,e007388,에버랜드,3.0,경기
3211,e007391,서울시립미술관 서소문 본관,5.0,서울
3212,e007391,덕수궁,5.0,서울
3213,e007394,남산공원 N서울타워,3.6666666666666665,서울
3214,e007394,장충체육관,4.0,서울
3215,e007399,CGV 피카디리 1958,5.0,서울
3216,e007409,묘적사계곡,5.0,경기
3217,e007421,수원 화성 팔달문,4.0,경기
3218,e007421,행리단길,5.0,경기
3219,e007425,고모저수지,4.666666666666667,경기
3220,e007430,어둠 속의 대화,5.0,서울
3221,e007431,고척스카이돔,4.0,서울
3222,e007431,고척스카이돔,5.0,서울
3223,e007437,아이파크몰 용산점,3.0,서울
3224,e007437,이촌한강공원,4.0,서울
3225,e007441,화성행궁,4.0,경기
3226,e007450,석촌호수 동호,4.0,서울
3227,e007450,KSPO 돔,5.0,서울
3228,e007452,롯데월드타워 롯데월드몰,5.0,서울
3229,e007452,석촌호수 동호,5.0,서울
3230,e007452,석촌호수 산책길,5.0,서울
3231,e007460,서울랜드,3.6666666666666665,경기
3232,e007474,캐리비안베이,3.6666666666666665,경기
3233,e007480,서울대공원,5.0,경기
3234,e007482,부천 자연 생태공원,4.0,경기
3235,e007482,부천 자연 생태공원 자연 생태 박물관,3.6666666666666665,경기
3236,e007484,청계산,5.0,경기
3237,e007488,화성행궁,4.333333333333333,경기
3238,e007488,수원 화성 팔달문,3.0,경기
3239,e007488,수원 화성 박물관,2.3333333333333335,경기
3240,e007488,창룡문,4.0,경기
3241,e007488,수원 화성 화홍문,4.666666666666667,경기
3242,e007488,방화수류정,5.0,경기
3243,e007488,장안문,3.6666666666666665,경기
3244,e007488,수원 화성 서장대,2.6666666666666665,경기
3245,e007488,행리단길,5.0,경기
3246,e007488,무니 버스,4.666666666666667,경기
3247,e007497,대룡시장,5.0,인천
3248,e007497,대룡시장,5.0,인천
3249,e007504,뮤지엄 29,5.0,서울
3250,e007504,석촌호수 동호,5.0,서울
3251,e007504,롯데월드타워 롯데월드몰,5.0,서울
3252,e007504,반포 한강공원 달빛광장,5.0,서울
3253,e007509,에버랜드,4.333333333333333,경기
3254,e007512,캐리비안베이,5.0,경기
3255,e007512,광교호수공원,5.0,경기
3256,e007515,동대문디자인플라자,5.0,서울
3257,e007515,달밤엔 시어터,3.0,서울
3258,e007515,마로니에공원,4.0,서울
3259,e007518,블루스퀘어,5.0,서울
3260,e007527,팔달공원,5.0,경기
3261,e007527,화성행궁,5.0,경기
3262,e007533,국립수목원,4.666666666666667,경기
3263,e007534,더 현대 서울,4.0,서울
3264,e007534,국립중앙박물관,5.0,서울
3265,e007534,서울시립미술관 서소문 본관,5.0,서울
3266,e007534,덕수궁,4.0,서울
3267,e007538,신세계백화점 강남점,5.0,서울
3268,e007548,두물머리,5.0,경기
3269,e007548,더 그림,5.0,경기
3270,e007552,산정호수,4.0,경기
3271,e007562,월미테마파크,4.0,
3272,e007562,월미공원,4.0,인천
3273,e007562,월미문화로,4.666666666666667,
3274,e007562,마이랜드,4.0,인천
3275,e007562,월미문화로,5.0,
3276,e007562,월미테마파크,3.6666666666666665,인천
3277,e007562,월미공원,4.0,인천
3278,e007567,두물머리,2.6666666666666665,경기
3279,e007572,서오릉,5.0,경기
3280,e007573,더 현대 서울,4.666666666666667,서울
3281,e007573,여의도 한강공원,3.3333333333333335,
3282,e007574,스타필드 하남,4.0,경기
3283,e007575,명지산,2.6666666666666665,경기
3284,e007581,세미원,5.0,경기
3285,e007581,두물머리,5.0,경기
3286,e007583,아이파크몰 용산점,5.0,서울
3287,e007584,의정부 제일시장,5.0,경기
3288,e007584,의정부 음악 도서관,5.0,경기
3289,e007585,신세계 프리미엄 아울렛 여주,5.0,경기
3290,e007591,장흥 폭포수 식당,4.333333333333333,경기
3291,e007593,더 현대 서울,5.0,서울
3292,e007593,IFC 몰,5.0,서울
3293,e007593,선유도공원,4.0,서울
3294,e007597,화성 융릉과 건릉,4.333333333333333,경기
3295,e007603,부평공원,3.0,인천
3296,e007603,캠프마켓,3.0,인천
3297,e007606,행주산성,3.0,경기
3298,e007606,이케아 고양점,3.3333333333333335,경기
3299,e007607,올림픽공원,5.0,서울
3300,e007607,KSPO 돔,5.0,서울
3301,e007610,시흥 프리미엄 아울렛,4.666666666666667,경기
3302,e007621,평택호 관광단지,4.666666666666667,경기
3303,e007625,월미문화의 거리,5.0,인천
3304,e007625,월미테마파크,5.0,인천
3305,e007625,월미문화의 거리,5.0,인천
3306,e007631,국립과천과학관,4.333333333333333,경기
3307,e007631,렛츠 런 파크 서울,3.0,경기
3308,e007634,마이아트 뮤지엄,5.0,서울
3309,e007637,양평어린이 건강 놀이터,5.0,경기
3310,e007643,인천 차이나타운,4.0,인천
3311,e007643,한중 원,3.0,
3312,e007643,자유 공원,3.6666666666666665,인천
3313,e007643,자유 공원,3.3333333333333335,인천
3314,e007643,인천 차이나타운 삼국지 벽화거리,3.3333333333333335,인천
3315,e007643,짜장면 박물관,2.6666666666666665,인천
3316,e007643,월미테마파크,4.0,인천
3317,e007643,월미문화의 거리,3.6666666666666665,인천
3318,e007643,월미공원,3.0,인천
3319,e007643,신포국제시장,4.333333333333333,인천
3320,e007647,마장호수 출렁다리,2.6666666666666665,경기
3321,e007647,프로방스 마을,2.0,경기
3322,e007653,분당중앙공원,3.6666666666666665,경기
3323,e007653,AK플라자 분당,4.0,경기
3324,e007653,분당 정자동 카페골목,4.0,경기
3325,e007656,갤러리아백화점 광교점,4.0,경기
3326,e007656,효원공원 월화원,4.0,경기
3327,e007660,아쿠아 필드 하남,5.0,경기
3328,e007660,아쿠아 필드 하남,5.0,경기
3329,e007660,스타필드 하남,5.0,경기
3330,e007673,한국민속촌,4.0,경기
3331,e007677,서대문자연사박물관,5.0,서울
3332,e007678,현대 프리미엄 아울렛 스페이스 원,5.0,경기
3333,e007678,미호,4.333333333333333,경기
3334,e007679,강남역 지하상가,5.0,서울
3335,e007682,설봉공원,1.0,경기
3336,e007682,롯데 프리미엄 아울렛 이천점,3.3333333333333335,경기
3337,e007682,별빛정원 우주,5.0,경기
3338,e007690,렛츠 런 파크 서울,4.666666666666667,경기
3339,e007690,서울랜드,4.0,경기
3340,e007693,예스24 스테이지,5.0,서울
3341,e007704,장안문,5.0,경기
3342,e007704,방화수류정,5.0,경기
3343,e007743,웨이브 파크,4.0,경기
3344,e007745,렛츠 런 파크 서울,5.0,경기
3345,e007746,아이파크몰 용산점,4.0,서울
3346,e007746,코엑스 아쿠아리움,4.0,
3347,e007746,서울특별시 교육청 남산도서관,4.0,서울
3348,e007748,창덕궁,5.0,서울
3349,e007748,남산골 한옥마을,3.6666666666666665,서울
3350,e007749,킨텍스 제1전시장,2.3333333333333335,경기
3351,e007749,킨텍스 제1전시장,1.6666666666666667,경기
3352,e007753,현대백화점 킨텍스점,5.0,경기
3353,e007757,운현궁,5.0,서울
3354,e007759,하늘문화센터,4.0,인천
3355,e007760,AK플라자 수원,4.0,경기
3356,e007760,롯데몰 수원점,5.0,경기
3357,e007761,서울대공원,4.0,경기
3358,e007764,화성행궁,4.333333333333333,경기
3359,e007765,농협안성팜랜드,3.0,경기
3360,e007766,현대 프리미엄 아울렛 김포점,5.0,경기
3361,e007767,롯데몰 김포공항점,3.3333333333333335,서울
3362,e007770,국립민속박물관,5.0,서울
3363,e007770,봄날 아트홀,5.0,서울
3364,e007772,임진각 평화누리,4.0,경기
3365,e007772,임진각 관광지,4.666666666666667,경기
3366,e007775,신세계백화점 강남점,4.0,서울
3367,e007779,롯데몰 수원점,4.333333333333333,경기
3368,e007781,국립 농업박물관,3.6666666666666665,경기
3369,e007781,롯데몰 수원점,5.0,경기
3370,e007788,웅진플레이도시 워터파크 온천스파,4.0,경기
3371,e007789,한국민속촌,4.333333333333333,경기
3372,e007791,하나개해수욕장,5.0,인천
3373,e007791,하나개해수욕장,5.0,인천
3374,e007792,인천 차이나타운,4.0,인천
3375,e007792,월미도 공영주차장,4.0,인천
3376,e007792,행주산성,4.0,경기
3377,e007793,낙조 전망대,4.666666666666667,경기
3378,e007793,시화 나래 휴게소,5.0,경기
3379,e007793,선녀바위,4.333333333333333,인천
3380,e007796,파크 프리 베,4.0,경기
3381,e007797,운정 호수 공원,4.666666666666667,경기
3382,e007802,행주산성 역사 공원,4.0,경기
3383,e007803,금성당,2.3333333333333335,서울
3384,e007803,청운 문학도서관,4.666666666666667,서울
3385,e007807,숭례문,4.0,서울
3386,e007807,낙산공원,4.0,
3387,e007807,인사동 문화의 거리,4.0,서울
3388,e007809,전쟁기념관,3.6666666666666665,서울
3389,e007809,아이파크몰 용산점,5.0,서울
3390,e007812,석촌호수 산책길,5.0,서울
3391,e007812,롯데월드타워 롯데월드몰,5.0,서울
3392,e007812,롯데월드타워 롯데월드몰,5.0,서울
3393,e007815,에버랜드,5.0,경기
3394,e007816,현대백화점 중동점,5.0,경기
3395,e007816,현대백화점 유플렉스 중동점,5.0,경기
3396,e007817,롯데 프리미엄 아울렛 기흥점,4.0,경기
3397,e007818,롯데 프리미엄 아울렛 타임 빌라스,4.0,경기
3398,e007819,현대 시티 아울렛 동대문점,4.0,서울
3399,e007819,종로 신진시장,2.0,서울
3400,e007819,익선동 한옥거리,4.0,서울
3401,e007821,자유 공원,4.666666666666667,인천
3402,e007825,현대 프리미엄 아울렛 스페이스 원,3.3333333333333335,경기
3403,e007829,안양중앙시장,4.333333333333333,경기
3404,e007831,롯데월드타워 롯데월드몰,2.6666666666666665,서울
3405,e007831,롯데월드타워 롯데월드몰,4.0,서울
3406,e007831,롯데월드타워 롯데월드몰,3.0,서울
3407,e007832,마장호수 출렁다리,5.0,경기
3408,e007833,국립생물자원관,5.0,인천
3409,e007834,광명동굴,4.0,경기
3410,e007835,인천 차이나타운,5.0,인천
3411,e007835,신포국제시장,5.0,인천
3412,e007836,롯데 프리미엄 아울렛 이천점,4.0,경기
3413,e007837,국립고궁박물관,3.3333333333333335,서울
3414,e007837,국립민속박물관,3.6666666666666665,서울
3415,e007837,반포 한강공원,3.3333333333333335,서울
3416,e007838,국립중앙박물관,5.0,서울
3417,e007847,중앙시장,5.0,경기
3418,e007848,송월동 동화마을,3.6666666666666665,인천
3419,e007848,인천 차이나타운,3.6666666666666665,인천
3420,e007848,일본풍 거리,4.0,인천
3421,e007852,하남 유니언 타워,4.0,경기
3422,e007856,여주 한글 시장,2.0,경기
3423,e007856,신세계 프리미엄 아울렛 여주,3.3333333333333335,경기
3424,e007862,짜장면 박물관,3.6666666666666665,인천
3425,e007862,누들 플랫폼,4.0,인천
3426,e007862,신포국제시장,4.0,인천
3427,e007862,인천개항장 근대건축전시관,3.6666666666666665,인천
3428,e007862,대불호텔 전시관,4.0,인천
3429,e007863,광명 전통시장,4.0,경기
3430,e007866,롯데몰 김포공항점,5.0,서울
3431,e007868,양재천 자전거길,5.0,경기
3432,e007869,국립현대미술관 과천관,4.0,경기
3433,e007870,고모저수지,4.0,경기
3434,e007870,봉선사,4.666666666666667,경기
3435,e007871,서울역사박물관,5.0,서울
3436,e007871,서대문형무소 역사관,5.0,서울
3437,e007871,국립 대한민국임시정부기념관,5.0,서울
3438,e007872,한성백제 박물관,4.0,서울
3439,e007875,롯데마트 청량리점,5.0,서울
3440,e007878,에버랜드,5.0,경기
3441,e007879,짱 오락실 강남 2호점,3.3333333333333335,서울
3442,e007882,광명 스피돔 경륜본장,4.0,경기
3443,e007883,스타필드 고양,4.333333333333333,경기
3444,e007885,백남준아트센터,2.6666666666666665,경기
3445,e007895,에버랜드,4.0,경기
3446,e007914,이케아 광명점,4.0,경기
3447,e007914,광명동굴,4.333333333333333,경기
3448,e007914,광명 업사이클 아트센터,4.0,경기
3449,e007925,화성 융릉과 건릉,4.333333333333333,경기
3450,e007925,용주사,5.0,경기
3451,e007937,에버랜드,3.3333333333333335,경기
3452,e007976,킨텍스 제2전시장,4.0,경기
3453,e007977,상동호수 공원,3.3333333333333335,경기
3454,e007977,상동호수 공원,4.0,경기
3455,e007979,롯데 프리미엄 아울렛 타임 빌라스,3.6666666666666665,경기
3456,e007979,백운호수,5.0,경기
3457,e008007,롯데 프리미엄 아울렛 기흥점,5.0,경기
3458,e008007,한국민속촌,5.0,경기
3459,e008027,인천 차이나타운,5.0,인천
3460,e008027,월미테마파크,5.0,인천
3461,e008027,인천 차이나타운,5.0,인천
3462,e008030,스타필드 코엑스몰,5.0,서울
3463,e008030,스타필드 코엑스몰,4.0,서울
3464,e008030,스타필드 코엑스몰,5.0,서울
3465,e008030,대한불교조계종 봉은사,5.0,서울
3466,e008053,롯데월드타워 롯데월드몰,4.0,서울
3467,e008056,현대 프리미엄 아울렛 스페이스 원,4.666666666666667,경기
3468,e008057,국립중앙박물관,5.0,서울
3469,e008069,캠프통포레스트,2.6666666666666665,경기
3470,e008076,율동 공원,4.0,
3471,e008079,국립민속박물관,4.0,서울
3472,e008079,청와대 본관,4.0,서울
3473,e008079,광화문광장,4.0,서울
3474,e008079,명동거리,4.0,서울
3475,e008089,의정부 미술 도서관,5.0,경기
3476,e008089,봉선사,4.333333333333333,경기
3477,e008098,스타필드 하남,3.6666666666666665,경기
3478,e008113,국립민속박물관 파주,3.6666666666666665,경기
3479,e008119,신세계 프리미엄 아울렛 여주,5.0,경기
3480,e008124,애브뉴 프랑 광교,4.0,경기
3481,e008124,수원 월드컵 경기장,5.0,경기
3482,e008124,광교호수공원,5.0,경기
3483,e008133,마장호수 출렁다리,4.0,경기
3484,e008133,롯데 프리미엄 아울렛 파주점,3.0,경기
3485,e008165,동대문디자인플라자,4.666666666666667,서울
3486,e008165,롯데월드,5.0,서울
3487,e008170,SETEC,4.0,서울
3488,e008170,강남 터미널 경부선 지하상가,5.0,서울
3489,e008170,신세계백화점 강남점,5.0,서울
3490,e008178,에버랜드 정문,4.666666666666667,경기
3491,e008178,에버랜드 판다 월드,5.0,경기
3492,e008178,에버랜드 로스트 밸리,4.666666666666667,경기
3493,e008178,에버랜드,5.0,경기
3494,e008181,동묘공원,3.6666666666666665,서울
3495,e008181,청계천,3.6666666666666665,서울
3496,e008181,동대문디자인플라자,5.0,서울
3497,e008181,두타몰,3.6666666666666665,서울
3498,e008211,선녀바위,3.6666666666666665,인천
3499,e008214,아쿠아 필드 하남,5.0,경기
3500,e008218,롯데 프리미엄 아울렛 이천점,5.0,경기
3501,e008231,송도컨벤시아,4.333333333333333,인천
3502,e008231,트리플 스트리트,3.3333333333333335,인천
3503,e008231,현대 프리미엄 아울렛 송도점,3.6666666666666665,인천
3504,e008231,송도센트럴파크,3.3333333333333335,인천
3505,e008243,예술의전당,4.333333333333333,서울
3506,e008245,더 현대 서울,5.0,서울
3507,e008245,남산공원 N서울타워,1.0,서울
3508,e008247,KSPO 돔,5.0,서울
3509,e008250,수원 화성,5.0,경기
3510,e008258,국립현대미술관 서울관,3.6666666666666665,서울
3511,e008283,이케아 고양점,4.0,경기
3512,e008283,서오릉,3.6666666666666665,경기
3513,e008283,스타필드 고양,4.0,경기
3514,e008286,어둠 속의 대화,4.333333333333333,서울
3515,e008290,베이커리 시어터,4.0,경기
3516,e008292,왕산해수욕장,4.0,인천
3517,e008293,미호,4.0,경기
3518,e008293,한강공원 삼패지구,5.0,경기
3519,e008294,더 현대 서울,5.0,
3520,e008295,석촌호수 서호,5.0,서울
3521,e008295,롯데월드타워 롯데월드몰,5.0,서울
3522,e008295,롯데월드타워 롯데월드몰,5.0,서울
3523,e008296,AK플라자 수원,5.0,경기
3524,e008297,광장시장,5.0,서울
3525,e008297,양화한강공원,4.666666666666667,서울
3526,e008298,AK플라자 분당,3.3333333333333335,경기
3527,e008298,분당중앙공원,3.3333333333333335,경기
3528,e008300,테르메덴,2.3333333333333335,경기
3529,e008301,송추계곡,4.666666666666667,경기
3530,e008302,의정부 제일시장,4.333333333333333,경기
3531,e008303,롯데백화점 강남점,5.0,서울
3532,e008304,킨텍스 제2전시장,3.0,경기
3533,e008304,헤이리 예술마을,2.6666666666666665,경기
3534,e008305,롯데몰 김포공항점,4.0,서울
3535,e008309,행주산성,5.0,경기
3536,e008310,수원 화성 화홍문,4.666666666666667,경기
3537,e008310,방화수류정,3.6666666666666665,경기
3538,e008313,임진각 평화누리,4.333333333333333,경기
3539,e008320,성남 큐브미술관,3.3333333333333335,경기
3540,e008320,성남중앙공설시장,4.666666666666667,경기
3541,e008321,용인자연휴양림,4.333333333333333,경기
3542,e008321,롯데 프리미엄 아울렛 기흥점,4.333333333333333,경기
3543,e008324,갤러리아백화점 광교점,4.0,경기
3544,e008324,광교호수공원,3.3333333333333335,경기
3545,e008328,국립과천과학관,5.0,경기
3546,e008329,스타필드 하남,5.0,경기
3547,e008330,더 현대 서울,3.0,서울
3548,e008332,에버랜드,5.0,경기
3549,e008334,서울약령 시장,3.0,서울
3550,e008334,청량리 청과물 시장,3.0,서울
3551,e008334,롯데마트 청량리점,3.0,서울
3552,e008341,묵리 459,5.0,경기
3553,e008342,송도센트럴파크,4.0,인천
3554,e008344,국립수목원,4.0,경기
3555,e008346,한국민속촌,4.333333333333333,경기
3556,e008347,이케아 광명점,4.0,경기
3557,e008347,광명동굴,2.6666666666666665,경기
3558,e008354,서울 식물원,3.6666666666666665,서울
3559,e008355,남이섬,3.0,강원특별자치도
3560,e008369,에버랜드 판다 월드,5.0,경기
3561,e008369,에버랜드,5.0,경기
3562,e008390,화성행궁,4.0,경기
3563,e008390,수원 화성 화서문,4.0,경기
3564,e008404,블루스퀘어,5.0,서울
3565,e008407,더 현대 서울,4.0,서울
3566,e008407,스타필드 코엑스몰,4.333333333333333,서울
3567,e008478,현대백화점 킨텍스점,4.0,경기
3568,e008478,트레이더스 홀세일 클럽 킨텍스점,5.0,경기
3569,e008478,킨텍스 제1전시장,5.0,경기
3570,e008478,트레이더스 홀세일 클럽 킨텍스점,5.0,경기
3571,e008483,고척스카이돔,4.0,서울
3572,e008510,북촌 한옥마을,3.6666666666666665,서울
3573,e008510,어둠 속의 대화,5.0,서울
3574,e008514,이케아 광명점,5.0,경기
3575,e008514,이케아 광명점,5.0,경기
3576,e008520,광장시장,3.0,서울
3577,e008520,청계천,4.666666666666667,
3578,e008520,동대문디자인플라자,5.0,서울
3579,e008520,장충단공원,5.0,서울
3580,e008530,방화수류정,5.0,경기
3581,e008534,롯데 프리미엄 아울렛 파주점,3.3333333333333335,경기
3582,e008545,SETEC,4.0,서울
3583,e008545,코엑스,4.666666666666667,서울
3584,e008547,송월동 동화마을,2.3333333333333335,인천
3585,e008547,인천 차이나타운,3.0,인천
3586,e008547,인천개항 박물관,4.0,인천
3587,e008547,인천개항장 근대건축전시관,4.666666666666667,인천
3588,e008547,대불호텔 전시관,4.0,인천
3589,e008547,신포국제시장,4.0,인천
3590,e008560,못골종합시장,4.666666666666667,경기
3591,e008560,수원 공방거리,3.0,경기
3592,e008560,화성행궁,3.0,경기
3593,e008562,롯데백화점 인천점,4.333333333333333,인천
3594,e008562,인천대공원,4.0,인천
3595,e008565,탄도항,5.0,경기
3596,e008577,고척스카이돔,4.0,서울
3597,e008583,마장호수 출렁다리,5.0,경기
3598,e008606,킨텍스 제1전시장,5.0,경기
3599,e008606,현대백화점 킨텍스점,4.666666666666667,경기
3600,e008648,현대백화점 킨텍스점,5.0,경기
3601,e008650,남이섬,3.3333333333333335,강원특별자치도
3602,e008656,광화문,4.333333333333333,서울
3603,e008656,국립고궁박물관,5.0,서울
3604,e008656,국립민속박물관,4.0,서울
3605,e008656,국립민속박물관,5.0,서울
3606,e008656,안녕 인사동,3.3333333333333335,서울
3607,e008658,롯데백화점 인천점,4.0,인천
3608,e008664,화성 관광열차 안내소 연무대 매표소,4.0,경기
3609,e008664,수원 화성 화홍문,5.0,경기
3610,e008664,행리단길,5.0,경기
3611,e008666,코엑스,4.666666666666667,서울
3612,e008672,아침 고요 가족 동물원,4.666666666666667,경기
3613,e008672,자라섬,3.3333333333333335,경기
3614,e008677,제부도,3.3333333333333335,경기
3615,e008677,궁평항,5.0,경기
3616,e008677,궁평항,5.0,경기
3617,e008686,파크 프리 베,3.0,경기
3618,e008686,망원한강공원,4.0,서울
3619,e008695,롯데월드타워 롯데월드몰,2.6666666666666665,서울
3620,e008711,에버랜드,5.0,
3621,e008722,방화수류정,4.0,경기
3622,e008722,일월 수목원,2.3333333333333335,경기
3623,e008736,효원공원 월화원,4.333333333333333,경기
3624,e008736,방화수류정,3.3333333333333335,경기
3625,e008736,수원 화성 화홍문,3.3333333333333335,경기
3626,e008736,수원 화성 북동포루,2.0,경기
3627,e008736,장안문,4.0,경기
3628,e008736,화성행궁,3.6666666666666665,경기
3629,e008736,화성행궁,3.6666666666666665,경기
3630,e008736,행리단길,3.0,경기
3631,e008746,북촌 한옥마을,3.0,서울
3632,e008771,세종문화회관,5.0,서울
3633,e008771,광화문,5.0,서울
3634,e008771,인사동 문화의 거리,5.0,서울
3635,e008785,신세계 프리미엄 아울렛 여주,4.0,경기
3636,e008790,석촌호수 동호,3.6666666666666665,서울
3637,e008790,롯데월드,4.666666666666667,서울
3638,e008798,용산 어린이 정원(용산공원 반환부지),3.6666666666666665,서울
3639,e008798,LCDC 서울,1.6666666666666667,서울
3640,e008803,인천항 연안 부두,3.6666666666666665,인천
3641,e008803,인천종합어시장,2.3333333333333335,인천
3642,e008803,인천항 연안 부두,3.6666666666666665,인천
3643,e008809,익선동 한옥거리,3.3333333333333335,서울
3644,e008809,북촌 한옥마을,5.0,서울
3645,e008810,화성행궁,5.0,경기
3646,e008881,에버랜드 정문,2.6666666666666665,경기
3647,e008897,일월 수목원,3.6666666666666665,경기
3648,e008908,킨텍스 제1전시장,4.333333333333333,경기
3649,e008911,여의도 한강공원,5.0,서울
3650,e008918,망원한강공원,2.6666666666666665,서울
3651,e008918,롯데시네마 합정,3.3333333333333335,서울
3652,e008918,드림홀,3.6666666666666665,서울
3653,e008918,드림홀,4.333333333333333,서울
3654,e008954,마로니에공원,4.333333333333333,서울
3655,e008957,코엑스,3.6666666666666665,서울
3656,e008957,코엑스,4.0,서울
3657,e008970,영흥 수목원,3.6666666666666665,경기
3658,e008970,화성행궁,5.0,경기
3659,e008982,에버랜드,5.0,경기
3660,e008982,에버랜드,5.0,경기
3661,e008999,예술의전당 오페라하우스,5.0,서울
3662,e008999,예술의전당,5.0,서울
3663,e008999,예술의전당 오페라하우스,5.0,서울
3664,e009006,인천개항 박물관,3.6666666666666665,인천
3665,e009043,에버랜드,4.333333333333333,경기
3666,e009055,마이 알레 과천 빌리지 카페,4.333333333333333,경기
3667,e009056,에버랜드,5.0,경기
3668,e009078,동대문디자인플라자,4.0,서울
3669,e009078,두타몰,4.0,서울
3670,e009081,아이파크몰 용산점,5.0,서울
3671,e009081,롯데월드타워 롯데월드몰,5.0,서울
3672,e009102,AK플라자 수원,4.333333333333333,경기
3673,e009102,AK플라자 수원,4.0,경기
3674,e009106,율동 공원,4.333333333333333,경기
3675,e009106,탄천,3.0,경기
3676,e009112,리움미술관,4.0,서울
3677,e009112,한남동 카페거리,3.6666666666666665,서울
3678,e009147,AK플라자 홍대,4.666666666666667,서울
3679,e009156,롯데마트 송도점,4.0,
3680,e009168,에버랜드,4.333333333333333,경기
3681,e009181,인천 차이나타운,5.0,인천
3682,e009181,송월동 동화마을,3.6666666666666665,인천
3683,e009181,월미 바다역,5.0,인천
3684,e009181,월미도,3.6666666666666665,인천
3685,e009181,월미도,5.0,인천
3686,e009186,롯데백화점 인천점,5.0,인천
3687,e009194,빅트리,4.333333333333333,경기
3688,e009194,시흥 프리미엄 아울렛,5.0,경기
3689,e009194,시흥 오이도 박물관,3.0,경기
3690,e009224,천마산,1.0,
3691,e009224,모다 아울렛 인천점,1.6666666666666667,인천
3692,e009260,SETEC,3.6666666666666665,
3693,e009260,롯데월드타워 롯데월드몰,4.0,서울
3694,e009260,잠실종합운동장,4.333333333333333,서울
3695,e009305,현대백화점 판교점,3.6666666666666665,경기
3696,e009305,광명 업사이클 아트센터,4.333333333333333,경기
3697,e009305,광명동굴,4.333333333333333,경기
3698,e009339,조계사,5.0,서울
3699,e009343,국립현대미술관 서울관,5.0,서울
3700,e009343,창성동 실험실,4.333333333333333,서울
3701,e009343,Ofr 서울,5.0,서울
3702,e009343,홈 오브 하이,5.0,서울
3703,e009343,보안여관,5.0,서울
3704,e009343,그라운드 시 소 서촌,5.0,서울
3705,e009361,창덕궁,4.666666666666667,서울
3706,e009361,현대카드 디자인 라이브러리,5.0,서울
3707,e009361,오브젝트 삼청점,5.0,서울
3708,e009361,놀러와,4.0,
3709,e009366,농협안성팜랜드,5.0,경기
3710,e009374,광장시장,2.3333333333333335,서울
3711,e009380,미메시스 아트 뮤지엄,5.0,경기
3712,e009380,파주 프리미엄 아울렛,3.0,경기
3713,e009382,화성행궁,4.0,경기
3714,e009382,수원시립미술관,4.333333333333333,경기
3715,e009397,영월루,3.3333333333333335,경기
3716,e009397,대한불교조계종 신륵사,3.3333333333333335,경기
3717,e009397,신세계 프리미엄 아울렛 여주,4.0,경기
3718,e009412,서울숲,4.666666666666667,서울
3719,e009419,연천 호로 고루,5.0,경기
3720,e009457,홍대 패션거리,3.0,서울
3721,e009457,홍대 패션거리,3.0,서울
3722,e009465,국립어린이과학관,5.0,서울
3723,e009465,국립어린이과학관,5.0,서울
3724,e009465,현대백화점 신촌점,4.666666666666667,서울
3725,e009496,위글위글 도산 플래그십스토어,2.6666666666666665,서울
3726,e009496,코엑스,5.0,서울
3727,e009505,브루다 양주,4.0,
3728,e009513,에버랜드,5.0,경기
3729,e009536,국립민속박물관,5.0,서울
3730,e009539,서울어린이대공원,5.0,서울
3731,e009539,서울어린이대공원,5.0,서울
3732,e009550,니지 모리 스튜디오,5.0,경기
3733,e009556,수원 화성 화서문,4.0,경기
3734,e009556,화성행궁,4.333333333333333,경기
3735,e009566,롯데월드타워 롯데월드몰,4.666666666666667,서울
3736,e009566,롯데월드,5.0,서울
3737,e009567,화성행궁,3.6666666666666665,경기
3738,e009567,행궁에뜨왈,3.0,경기
3739,e009572,화성행궁,3.6666666666666665,경기
3740,e009572,AK플라자 수원,4.0,경기
3741,e009572,행리단길,5.0,경기
3742,e009575,킨텍스 제1전시장,4.666666666666667,경기
3743,e009590,루덴시아,5.0,경기
3744,e009590,대한불교조계종 신륵사,3.3333333333333335,경기
3745,e009592,현대 프리미엄 아울렛 스페이스 원,4.666666666666667,경기
3746,e009592,구리한강시민공원,4.333333333333333,경기
3747,e009593,마장호수,5.0,경기
3748,e009622,월미도,5.0,인천
3749,e009622,마이랜드,4.666666666666667,인천
3750,e009627,화성행궁,4.333333333333333,경기
3751,e009627,수원 화성 팔달문,3.3333333333333335,경기
3752,e009627,수원 화성 화서문,4.333333333333333,경기
3753,e009627,장안문,4.333333333333333,경기
3754,e009627,수원팔색길 화성 성곽길,4.666666666666667,경기
3755,e009629,광장시장,4.333333333333333,서울
3756,e009629,종묘,4.333333333333333,서울
3757,e009632,이마트 남양주점,5.0,경기
3758,e009634,브로콜리 숲,5.0,경기
3759,e009634,장안문,5.0,경기
3760,e009636,에버랜드,4.0,경기
3761,e009655,상동호수 공원,3.0,경기
3762,e009675,송도센트럴파크,2.6666666666666665,인천
3763,e009675,송도센트럴파크,4.0,인천
3764,e009675,국립 세계문자 박물관,4.0,인천
3765,e009675,트리플 스트리트,5.0,인천
3766,e009684,띠아트,3.0,서울
3767,e009686,코엑스,4.666666666666667,서울
3768,e009686,코엑스,4.333333333333333,서울
3769,e009686,코엑스,4.0,서울
3770,e009695,킨텍스 제1전시장,2.3333333333333335,경기
3771,e009702,앨리웨이 광교,3.3333333333333335,경기
3772,e009702,앨리웨이 광교,5.0,경기
3773,e009702,스타벅스 광교 SK 뷰 레이크 41F 점,5.0,경기
3774,e009738,AK플라자 홍대,5.0,서울
3775,e009738,AK플라자 홍대,5.0,서울
3776,e009740,에버랜드,5.0,경기
3777,e009752,엔터식스 안양역점,5.0,경기
3778,e009752,안양예술공원,5.0,경기
3779,e009762,신세계 프리미엄 아울렛 여주,5.0,경기
3780,e009762,루덴시아,3.0,경기
3781,e009770,스타필드 하남,5.0,경기
3782,e009771,국립현대미술관 서울관,3.3333333333333335,서울
3783,e009800,국립중앙박물관,4.333333333333333,서울
3784,e009800,아이파크몰 용산점,4.333333333333333,서울
3785,e009806,영종진공원,4.0,인천
3786,e009806,구읍뱃터,4.333333333333333,인천
3787,e009814,롯데월드타워 롯데월드몰,5.0,서울
3788,e009814,서울숲,5.0,서울
3789,e009814,강남역 지하상가,5.0,서울
3790,e009845,고척스카이돔,4.666666666666667,서울
3791,e009845,AK플라자 금정,4.0,경기
3792,e009857,전쟁기념관,4.333333333333333,서울
3793,e009857,아이파크몰 용산점,4.666666666666667,서울
3794,e009857,국립중앙박물관,5.0,서울
3795,e009858,송월동 동화마을,4.333333333333333,인천
3796,e009858,월미도,5.0,인천
3797,e009858,신포국제시장,5.0,인천
3798,e009895,트레이더스 홀세일 클럽 수원점,4.333333333333333,경기
3799,e009895,수원 프리미엄 아울렛,3.6666666666666665,경기
3800,e009909,방화수류정,4.666666666666667,경기
3801,e009909,수원 전통문화관 예절교육관,3.0,경기
3802,e009909,장안문,4.333333333333333,경기
3803,e009910,수종사,5.0,경기
3804,e009925,KTG 상상마당 홍대,4.0,서울
3805,e009925,홍대 패션거리,4.333333333333333,서울
3806,e009940,궁평항,5.0,경기
3807,e009943,에버랜드,3.3333333333333335,경기
3808,e009951,광명동굴,3.3333333333333335,경기
3809,e009951,광명 업사이클 아트센터,2.3333333333333335,경기
3810,e009951,코스트코 광명점,4.0,경기
3811,e009951,이케아 광명점,3.0,경기
3812,e009957,이케아 기흥점,4.0,경기
3813,e009957,한국민속촌,3.0,경기
3814,e009968,소찬공원,4.333333333333333,인천
3815,e009968,트리플 스트리트,4.666666666666667,인천
3816,e009968,현대 프리미엄 아울렛 송도점,3.3333333333333335,인천
3817,e010014,여의도공원,3.3333333333333335,서울
3818,e010014,IFC 몰,5.0,서울
3819,e010014,더 현대 서울,5.0,서울
3820,e010017,백남준아트센터,4.0,경기
3821,e010028,송도 달빛축제공원,4.0,인천
3822,e010037,에버랜드,4.0,경기
3823,e010043,에버랜드,4.666666666666667,경기
3824,e010049,수원 화성 화홍문,4.0,경기
3825,e010055,인천 차이나타운,5.0,인천
3826,e010055,월미테마파크,5.0,인천
3827,e010064,AK플라자 홍대,5.0,서울
3828,e010076,마장호수 출렁다리,5.0,경기
3829,e010097,주파크,5.0,경기
3830,e010097,청학동 계곡,4.0,경기
3831,e010106,마장호수,4.0,경기
3832,e010125,에버랜드,3.6666666666666665,경기
3833,e010129,화성행궁,4.333333333333333,경기
3834,e010150,파주 프리미엄 아울렛,5.0,경기
3835,e010160,스타필드 하남,5.0,경기
3836,e010160,안양중앙시장,5.0,경기
3837,e010164,서울숲,5.0,서울
3838,e010164,오브젝트 성수점,5.0,서울
3839,e010174,SETEC,3.6666666666666665,서울
3840,e010198,다이소 명동역점,5.0,서울
3841,e010199,봉선사,4.0,경기
3842,e010199,광릉숲길,4.333333333333333,경기
3843,e010199,광릉,3.3333333333333335,경기
3844,e010200,농협안성팜랜드,5.0,경기
3845,e010205,드림파크 야생화 단지,4.666666666666667,인천
3846,e010205,경인아라뱃길,5.0,인천
3847,e010220,킨텍스 제1전시장,3.6666666666666665,경기
3848,e010221,테르메덴,4.0,경기
3849,e010222,국립민속박물관,5.0,서울
3850,e010230,뚝섬한강공원,5.0,서울
3851,e010231,마장호수,4.0,경기
3852,e010231,마장호수 출렁다리,5.0,경기
3853,e010233,국립수목원,5.0,경기
3854,e010233,전통술 박물관 산파원 본원,5.0,경기
3855,e010237,남이섬,4.0,강원특별자치도
3856,e010240,인천 차이나타운,3.0,인천
3857,e010240,신포국제시장,3.0,인천
3858,e010243,덕수궁,4.0,서울
3859,e010247,못골종합시장,4.0,경기
3860,e010247,팔달문시장,4.0,경기
3861,e010247,지동시장,4.0,경기
3862,e010247,수원 영 동 시장,4.0,경기
3863,e010247,수원시립미술관,5.0,경기
3864,e010247,화성행궁,4.666666666666667,경기
3865,e010247,수원 공방거리,3.3333333333333335,경기
3866,e010249,인천개항 박물관,5.0,인천
3867,e010249,한국 근대문학관,4.666666666666667,인천
3868,e010249,인천 중구청 본관,5.0,인천
3869,e010249,인천 중구청 본관,5.0,인천
3870,e010252,오두산 통일전망대,5.0,경기
3871,e010254,한옥기술 전시관,3.3333333333333335,경기
3872,e010254,장안문,4.0,경기
3873,e010254,수원 화성 화서문,5.0,경기
3874,e010254,무니 버스,5.0,경기
3875,e010254,수원시립미술관,5.0,경기
3876,e010254,화성행궁,5.0,경기
3877,e010254,방화수류정,5.0,경기
3878,e010255,세미원,3.6666666666666665,경기
3879,e010256,두물머리,4.666666666666667,경기
3880,e010256,용문사,5.0,경기
3881,e010259,아쿠아 필드 하남,4.0,경기
3882,e010259,롯데월드,4.666666666666667,서울
3883,e010261,시흥 오이도 박물관,5.0,경기
3884,e010263,국립수목원,5.0,경기
3885,e010263,봉선사,5.0,경기
3886,e010268,장안문,5.0,경기
3887,e010270,AK플라자 수원,4.0,경기
3888,e010271,롯데 프리미엄 아울렛 기흥점,5.0,경기
3889,e010272,서대문자연사박물관,4.0,서울
3890,e010274,이케아 광명점,5.0,경기
3891,e010274,이케아 광명점,5.0,경기
3892,e010274,이케아 광명점,5.0,경기
3893,e010277,스타필드 하남,5.0,경기
3894,e010281,잠실한강공원,4.0,서울
3895,e010302,자라섬,3.3333333333333335,경기
3896,e010313,인천 차이나타운,4.0,인천
3897,e010313,월미도 공영주차장,4.333333333333333,인천
3898,e010316,아이파크몰 용산점,4.0,서울
3899,e010325,더 현대 서울,4.333333333333333,서울
3900,e010325,카페 뭔지,2.3333333333333335,
3901,e010336,아쿠아 필드 하남,5.0,경기
3902,e010343,두물머리,5.0,경기
3903,e010343,세미원,5.0,경기
3904,e010355,캠프통포레스트,4.0,경기
3905,e010365,인천 차이나타운,3.6666666666666665,인천
3906,e010365,신포국제시장,3.3333333333333335,인천
3907,e010366,현대 프리미엄 아울렛 김포점,4.0,경기
3908,e010370,웨이브 파크,3.3333333333333335,경기
3909,e010371,한국민속촌,3.0,경기
3910,e010372,스타필드 하남,3.0,경기
3911,e010372,아쿠아 필드 하남,3.0,경기
3912,e010375,효원공원 월화원,4.666666666666667,경기
3913,e010375,수원 화성,4.0,경기
3914,e010375,화성행궁,4.0,경기
3915,e010377,웅진플레이도시 워터파크 온천스파,3.6666666666666665,경기
3916,e010386,물향기 수목원,4.0,
3917,e010387,국립중앙박물관,5.0,서울
3918,e010390,NC 큐브 커넬워크 가을도,4.0,인천
3919,e010390,송도센트럴파크,5.0,인천
3920,e010390,트리플 스트리트,5.0,인천
3921,e010390,경인아라뱃길,2.0,인천
3922,e010404,하늘정원 주차장,5.0,인천
3923,e010404,선녀바위해수욕장,5.0,인천
3924,e010415,수원 전통문화관 예절교육관,5.0,경기
3925,e010434,능내역 (폐역),3.6666666666666665,경기
3926,e010434,실학박물관,5.0,경기
3927,e010434,다산 생태공원,4.0,경기
3928,e010442,스타필드 고양,3.6666666666666665,경기
3929,e010442,스타필드 고양,3.6666666666666665,경기
3930,e010462,쌈지길,5.0,서울
3931,e010462,안녕 인사동,5.0,서울
3932,e010462,쌈지길,5.0,서울
3933,e010517,시흥 프리미엄 아울렛,3.3333333333333335,경기
3934,e010517,시흥 오이도 박물관,4.0,경기
3935,e010517,배곧 생명공원,4.0,경기
3936,e010539,자라섬,5.0,경기
3937,e010553,롯데 프리미엄 아울렛 타임 빌라스,5.0,경기
3938,e010560,국립중앙박물관,4.333333333333333,서울
3939,e010560,스타필드 코엑스몰,3.3333333333333335,서울
3940,e010578,에버랜드,5.0,경기
3941,e010598,리움미술관,4.666666666666667,서울
3942,e010608,스타필드 하남,4.666666666666667,경기
3943,e010608,정약용 유적지 기념관,3.6666666666666665,경기
3944,e010608,한강공원 삼패지구,4.333333333333333,경기
3945,e010608,능내역 (폐역),2.3333333333333335,경기
3946,e010659,시흥 프리미엄 아울렛,4.0,경기
3947,e010659,푸른 수목원,4.0,서울
3948,e010660,롯데백화점 평촌점,5.0,경기
3949,e010673,벽초지 수목원,3.6666666666666665,경기
3950,e010673,롯데 프리미엄 아울렛 파주점,4.0,경기
3951,e010673,운정 호수 공원,4.0,경기
3952,e010678,월미문화의 거리,3.3333333333333335,인천
3953,e010678,마이랜드,3.6666666666666665,인천
3954,e010683,현대 프리미엄 아울렛 송도점,4.666666666666667,인천
3955,e010683,송도 달빛축제공원,4.0,인천
3956,e010689,롯데월드타워 롯데월드몰,5.0,서울
3957,e010700,신세계백화점 의정부점,5.0,경기
3958,e010712,독산성,5.0,경기
3959,e010712,고인돌공원,5.0,경기
3960,e010713,망원시장,4.0,서울
3961,e010715,백운계곡,4.333333333333333,경기
3962,e010715,청운 쉼터,4.666666666666667,경기
3963,e010715,산정호수,3.3333333333333335,경기
3964,e010720,갤러리아백화점 광교점,3.0,경기
3965,e010720,수원 KT위즈 파크,5.0,경기
3966,e010722,장교숙소 5단지(용산공원 반환부지),4.666666666666667,서울
3967,e010722,국립중앙박물관,4.333333333333333,서울
3968,e010722,이촌한강공원,4.666666666666667,서울
3969,e010724,현대 프리미엄 아울렛 스페이스 원,5.0,경기
3970,e010734,스타필드 하남,5.0,경기
3971,e010735,모나미 스토어 성수점,3.0,서울
3972,e010735,서울숲,5.0,서울
3973,e010736,물향기 수목원,3.0,경기
3974,e010736,화성 융릉과 건릉,5.0,경기
3975,e010740,한지문화산업센터,5.0,서울
3976,e010744,물향기 수목원,4.666666666666667,경기
3977,e010744,독산성,5.0,경기
3978,e010747,과천향교,4.0,경기
3979,e010755,경기도 미술관,5.0,경기
3980,e010755,노적봉폭포공원 노적봉폭포,4.0,경기
3981,e010759,AK플라자 수원,3.6666666666666665,경기
3982,e010759,여민 각,4.0,경기
3983,e010759,파닥파닥 클럽,5.0,경기
3984,e010763,스타필드 고양,5.0,경기
3985,e010765,국립중앙박물관,4.0,서울
3986,e010766,서울랜드,5.0,경기
3987,e010769,팔달문시장,3.3333333333333335,경기
3988,e010769,화성행궁,5.0,경기
3989,e010769,수원 화성,5.0,경기
3990,e010769,화성행궁,4.666666666666667,경기
3991,e010773,아시아출판문화 정보 센터 지혜의 숲 1관,5.0,경기
3992,e010773,미메시스 아트 뮤지엄,5.0,경기
3993,e010773,롯데 프리미엄 아울렛 파주점,5.0,경기
3994,e010775,T 팩토리,5.0,서울
3995,e010779,월미도,3.0,인천
3996,e010779,월미테마파크,4.0,
3997,e010779,인천 차이나타운,4.333333333333333,인천
3998,e010782,하늘정원 주차장,3.0,인천
3999,e010782,파라다이스 시티 씨메르,5.0,인천
4000,e010782,선녀바위,3.0,인천
4001,e010798,화성행궁,3.3333333333333335,경기
4002,e010803,농협안성팜랜드,4.0,경기
4003,e010803,스타필드 안성,3.6666666666666665,경기
4004,e010812,일산 호수공원,5.0,경기
4005,e010812,스타필드 고양,5.0,경기
4006,e010814,스타필드 하남,4.666666666666667,경기
4007,e010838,롯데몰 수원점,3.0,경기
4008,e010838,화성행궁,5.0,경기
4009,e010850,니지 모리 스튜디오,3.3333333333333335,경기
4010,e010863,킨텍스 제1전시장,5.0,경기
4011,e010884,호암미술관,5.0,경기
4012,e010884,호암미술관 전통정원 희원,5.0,경기
4013,e010884,코엑스,5.0,서울
4014,e010893,파주 프리미엄 아울렛,5.0,경기
4015,e010900,스타필드 고양,4.0,경기
4016,e010900,스타필드 고양,4.0,경기
4017,e010915,루덴시아,4.0,경기
4018,e010935,그래픽,5.0,서울
4019,e010937,양주시립 장욱진미술관,3.3333333333333335,경기
4020,e010939,에버랜드,5.0,경기
4021,e010948,에버랜드,5.0,경기
4022,e010955,방화수류정,4.333333333333333,경기
4023,e010955,코지 프로젝트,5.0,경기
4024,e010978,남한산성도립공원,5.0,경기
4025,e010978,다산 생태공원,5.0,경기
4026,e010978,정약용 유적지,5.0,경기
4027,e010984,신세계백화점 강남점,3.6666666666666665,서울
4028,e010984,잠원한강공원,3.0,서울
4029,e010984,탬버린즈 플래그십스토어 신사점,4.0,서울
4030,e010991,두물머리,4.0,경기
4031,e011029,롯데 프리미엄 아울렛 기흥점,5.0,경기
4032,e011037,미사 호수 공원,5.0,경기
4033,e011039,방아머리 해변,4.333333333333333,경기
4034,e011046,Apple 가로수길,3.3333333333333335,서울
4035,e011058,시흥갯골생태공원,5.0,경기
4036,e011070,스타필드 고양,4.333333333333333,경기
4037,e011095,브로콜리 숲,5.0,경기
4038,e011095,무니 버스,4.0,경기
4039,e011095,행리단길,4.666666666666667,경기
4040,e011095,수원 화성 화홍문,4.666666666666667,경기
4041,e011095,화성행궁,2.6666666666666665,경기
4042,e011100,국립중앙박물관,4.333333333333333,서울
4043,e011125,현대 프리미엄 아울렛 김포점,5.0,경기
4044,e011128,미래 항공스포츠,5.0,경기
4045,e011132,이케아 기흥점,3.6666666666666665,경기
4046,e011150,에버랜드,5.0,경기
4047,e011151,스타필드 고양,4.0,경기
4048,e011167,안양예술공원,4.333333333333333,경기
4049,e011187,도산 근린공원,4.0,서울
4050,e011208,국립민속박물관,3.3333333333333335,서울
4051,e011215,광명동굴,5.0,경기
4052,e011215,이케아 광명점,5.0,경기
4053,e011218,월미 바다역,5.0,인천
4054,e011218,인천 차이나타운,3.6666666666666665,인천
4055,e011218,신포 닭강정 본점,5.0,인천
4056,e011239,G 타워,5.0,인천
4057,e011239,현대 프리미엄 아울렛 송도점,5.0,인천
4058,e011239,트리플 스트리트,5.0,인천
4059,e011246,인왕산 둘레길,4.0,서울
4060,e011247,IFC 몰,5.0,서울
4061,e011247,더 현대 서울,4.0,서울
4062,e011252,코엑스,5.0,
4063,e011252,롯데월드타워 롯데월드몰,5.0,서울
4064,e011254,현대 프리미엄 아울렛 스페이스 원,4.0,경기
4065,e011360,백남준아트센터,4.666666666666667,경기
4066,e011360,AK& 기흥,5.0,경기
4067,e011360,에버랜드,4.0,경기
4068,e011389,송추계곡,3.6666666666666665,경기
4069,e011389,마장호수,4.0,경기
4070,e011396,현대백화점 판교점,4.0,경기
4071,e011399,자라섬,4.0,경기
4072,e011405,루덴시아,3.3333333333333335,경기
4073,e011408,테르메덴,5.0,경기
4074,e011417,리스펙트 페스티벌 (올림픽공원 88잔디마당),4.0,
4075,e011417,리스펙트 페스티벌 (올림픽공원 88잔디마당),4.333333333333333,
4076,e011421,하늘정원 주차장,4.333333333333333,인천
4077,e011422,도그 스포 지움 송추점,5.0,경기
4078,e011429,두 대리 용소 폭포,4.666666666666667,경기
4079,e011429,조몰락 계곡,5.0,경기
4080,e011429,자라섬,4.333333333333333,경기
4081,e011430,장안문,5.0,경기
4082,e011430,행리단길,3.0,경기
4083,e011431,에버랜드,3.0,경기
4084,e011432,안성 3.1운동 기념관,4.0,경기
4085,e011432,스타필드 안성,4.0,경기
4086,e011433,이화원,3.0,경기
4087,e011433,자라섬,5.0,경기
4088,e011435,롯데 프리미엄 아울렛 파주점,4.666666666666667,경기
4089,e011438,수원 KT위즈 파크,3.3333333333333335,경기
4090,e011446,은평 한옥마을,4.333333333333333,서울
4091,e011466,SBA 서울 애니메이션 센터,4.0,서울
4092,e011473,방아머리 해변,5.0,경기
4093,e011473,대부바다 향기테마파크,5.0,경기
4094,e011483,그라운드 시 소 성수,3.3333333333333335,서울
4095,e011483,공간 와디즈,4.0,서울
4096,e011486,코엑스,4.0,서울
4097,e011486,빛의 시어터,3.6666666666666665,서울
4098,e011488,SETEC,2.0,서울
4099,e011488,렛츠 런 파크 서울,3.6666666666666665,경기
4100,e011489,바다 앞 테라스,4.0,인천
4101,e011489,송도 달빛축제공원,4.0,인천
4102,e011490,국립중앙박물관,4.0,서울
4103,e011498,스타필드 하남,5.0,경기
4104,e011505,현대 프리미엄 아울렛 스페이스 원,3.3333333333333335,경기
4105,e011552,신세계백화점 본점,2.6666666666666665,서울
4106,e011552,명동거리,4.333333333333333,서울
4107,e011552,운현궁,4.666666666666667,서울
4108,e011567,청라 호수 공원,5.0,인천
4109,e011570,송도센트럴파크,5.0,인천
4110,e011575,을왕리 해수욕장,4.333333333333333,인천
4111,e011575,바다 앞 테라스,5.0,인천
4112,e011576,AK플라자 수원,4.0,경기
4113,e011576,화성행궁,3.3333333333333335,경기
4114,e011576,AK플라자 수원,5.0,경기
4115,e011576,여민 각,3.3333333333333335,경기
4116,e011581,킨텍스 제1전시장,3.0,경기
4117,e011582,현대 프리미엄 아울렛 스페이스 원,5.0,경기
4118,e011588,일산 호수공원,3.3333333333333335,경기
4119,e011592,롯데몰 김포공항점,5.0,서울
4120,e011592,탄도항,5.0,경기
4121,e011596,송월동 동화마을,4.0,인천
4122,e011596,인천 차이나타운,4.0,인천
4123,e011596,짜장면 박물관,3.3333333333333335,인천
4124,e011596,한중문화관,3.0,인천
4125,e011596,마이랜드,5.0,인천
4126,e011596,월미테마파크,3.3333333333333335,인천
4127,e011596,월미도,5.0,인천
4128,e011627,용주사,4.333333333333333,경기
4129,e011627,동탄 호수 공원,4.333333333333333,
4130,e011630,자라섬,5.0,경기
4131,e011632,국립중앙박물관,4.333333333333333,서울
4132,e011632,아이파크몰 용산점,3.6666666666666665,서울
4133,e011632,KSPO 돔,5.0,서울
4134,e011637,파주 신세계 프리미엄 아울렛,5.0,
4135,e011715,신세계백화점 강남점,4.0,서울
4136,e011742,아이파크몰 용산점,4.0,서울
4137,e011756,G 타워,4.0,인천
4138,e011756,국립 세계문자 박물관,4.666666666666667,인천
4139,e011756,인천도시 역사관,3.6666666666666665,인천
4140,e011756,송도 달빛축제공원,4.0,인천
4141,e011758,인천 차이나타운,3.3333333333333335,인천
4142,e011758,월미공원,5.0,인천
4143,e011758,월미테마파크,4.333333333333333,인천
4144,e011758,월미테마파크,5.0,인천
4145,e011779,일산 호수공원,4.0,경기
4146,e011779,현대모터 스튜디오 고양,4.666666666666667,경기
4147,e011783,AK플라자 홍대,4.666666666666667,서울
4148,e011787,산정호수,4.333333333333333,경기
4149,e011787,산정 랜드,5.0,경기
4150,e011803,국립현대미술관 과천관,5.0,경기
4151,e011858,현대백화점 판교점,4.666666666666667,경기
4152,e011866,을왕리 해수욕장,4.666666666666667,인천
4153,e011869,에버랜드,2.6666666666666665,경기
4154,e011873,장안문,5.0,경기
4155,e011885,안양 워터랜드,3.0,
4156,e011903,이케아 광명점,3.3333333333333335,경기
4157,e011903,안터생태공원,5.0,경기
4158,e011941,AK플라자 홍대,5.0,서울
4159,e011956,평택국제중앙시장,3.6666666666666665,경기
4160,e012047,인천 차이나타운,4.0,인천
4161,e012047,월미공원,4.0,인천
4162,e012047,파라다이스 시티 원더 박스,4.0,인천
4163,e012049,수원 화성,3.6666666666666665,경기
4164,e012049,행궁동 벽화마을,3.6666666666666665,경기
4165,e012049,수원시립미술관,4.333333333333333,경기
4166,e012049,화성행궁,4.333333333333333,경기
4167,e012063,정샘물 플롭스,4.333333333333333,서울
4168,e012063,남산공원 N서울타워,5.0,서울
4169,e012074,바다 향기수목원,5.0,경기
4170,e012107,의정부 미술 도서관,3.3333333333333335,경기
4171,e012107,의정부 제일시장,4.0,경기
4172,e012132,신세계백화점 본점,4.0,서울
4173,e012137,창덕궁,4.666666666666667,서울
4174,e012137,창경궁,4.666666666666667,서울
4175,e012137,청계천,5.0,서울
4176,e012137,덕수궁,4.0,서울
4177,e012144,남산공원 N서울타워,5.0,서울
4178,e012180,쌈지길,3.6666666666666665,서울
4179,e012180,인사아트센터,4.666666666666667,서울
4180,e012180,종묘,5.0,서울
4181,e012192,루덴시아,2.6666666666666665,경기
4182,e012194,AK플라자 광명,4.0,경기
4183,e012221,두물머리,5.0,경기
4184,e012240,에버랜드,4.333333333333333,경기
4185,e012246,송도 타임스페이스,5.0,인천
4186,e012264,철도박물관,4.0,경기
4187,e012264,롯데 프리미엄 아울렛 타임 빌라스,5.0,경기
4188,e012264,백운호수,5.0,경기
4189,e012268,가평 레일파크,5.0,경기
4190,e012268,아침고요 수목원,4.666666666666667,경기
4191,e012344,롯데 프리미엄 아울렛 타임 빌라스,4.0,경기
4192,e012344,백운호수,4.333333333333333,경기
4193,e012346,블루스퀘어,5.0,서울
4194,e012349,수원 화성 박물관,3.6666666666666665,경기
4195,e012349,행리단길,5.0,경기
4196,e012357,탄천,5.0,경기
4197,e012389,이케아 광명점,5.0,경기
4198,e012389,시흥 배곧 한울 공원,3.3333333333333335,경기
4199,e012389,송도센트럴파크,4.333333333333333,인천
4200,e012487,팔달문시장,3.6666666666666665,경기
4201,e012487,화성행궁,4.333333333333333,경기
4202,e012487,행리단길,5.0,경기
4203,e012488,코엑스,5.0,서울
4204,e012514,서대문형무소 역사관,5.0,서울
4205,e012514,영천시장,5.0,서울
4206,e012514,국립 대한민국임시정부기념관,5.0,서울
4207,e012514,수봉공원,4.333333333333333,인천
4208,e012554,에버랜드,4.0,경기
4209,e012554,에버랜드 사파리월드,5.0,경기
4210,e012554,에버랜드 판다 월드,4.666666666666667,경기
4211,e012554,에버랜드 로스트 밸리,3.3333333333333335,경기
4212,e012554,에버랜드,4.0,경기
4213,e012583,방화수류정,5.0,경기
4214,e012583,행리단길,4.0,경기
4215,e012583,화성행궁,5.0,경기
4216,e012636,SETEC,2.0,서울
4217,e012636,양재 꽃 시장,5.0,서울
4218,e012682,미리내 성지,5.0,경기
4219,e012694,에버랜드,5.0,경기
4220,e012748,수원 화성 팔달문,4.333333333333333,경기
4221,e012748,화성행궁,4.333333333333333,경기
4222,e012748,장안문,4.0,경기
4223,e012748,수원 KT위즈 파크,4.333333333333333,경기
4224,e012760,잠실종합운동장,4.333333333333333,서울
4225,e012761,백남준아트센터,3.0,경기
4226,e012761,한국민속촌,5.0,경기
4227,e012805,에버랜드,3.3333333333333335,경기
4228,e013029,방아머리 해변,5.0,경기
4229,e013029,21아울렛 구로점,4.0,서울
4230,e013063,충무아트센터,4.333333333333333,서울
4231,e013063,충무아트센터,4.0,서울
4232,e013094,방아머리 해변,1.6666666666666667,경기
4233,e013094,대부바다 향기테마파크,2.3333333333333335,경기
4234,e013094,바다 향기수목원,4.0,경기
4235,e013131,에버랜드,5.0,경기
4236,e013131,스타필드 안성,5.0,경기
4237,f000038,롯데백화점 동탄점,4.0,경기
4238,f000038,동탄 호수 공원,5.0,경기
4239,f000038,신세계백화점 경기점,4.0,경기
4240,f000458,북한강,4.0,경기
4241,f000458,북한강,5.0,경기
4242,g000018,AK플라자 수원,3.3333333333333335,경기
4243,g000018,AK플라자 수원,3.0,경기
4244,g003294,카카오 프렌즈 전주한옥마을점,4.0,전북
4245,g003294,전주한옥마을,4.0,전북
4246,g005600,국립과천과학관,5.0,경기
4247,g010556,방아머리 해변,3.3333333333333335,경기
4248,g010556,오이도 빨강등대,5.0,경기
4249,e000340,한탄강 하늘다리,5.0,경기
4250,e000340,비둘기낭폭포,5.0,경기
4251,e000515,무진장,3.0,경남
4252,e000515,광암해수욕장,4.0,경남
4253,e000571,고석정 꽃밭,4.666666666666667,강원
4254,e000571,익선동 한옥거리,5.0,서울
4255,e000571,천주교 서울 대교구 주교좌 명동 대성당,5.0,서울
4256,e001062,러키 할인마트 대부점,5.0,경기
4257,e001062,러키 할인마트 대부점,5.0,경기
4258,e001062,노산공원,5.0,경남
4259,e004690,가평 잣 고을시장,3.0,경기
4260,e004690,용추계곡,4.0,경기
4261,e004690,롯데 프리미엄 아울렛 파주점,4.0,경기
4262,e004690,이마트 파주 운정점,3.0,경기
4263,e004785,르푸앵 수상 레저,2.6666666666666665,경기
4264,e004785,제이드가든 수목원,5.0,강원특별자치도
4265,e004785,남이섬,5.0,강원특별자치도
4266,e004785,자라섬,5.0,경기
4267,e006945,국립춘천 박물관,5.0,강원특별자치도
4268,f000007,회동수원지,5.0,부산
4269,f000007,범어사,4.0,부산
4270,f000007,슬도,4.333333333333333,울산
4271,f000007,대왕암공원,4.0,울산
4272,f000007,일산해수욕장,5.0,울산
4273,f000012,경포해수욕장,5.0,강원
4274,f000012,아들바위공원,4.333333333333333,강원
4275,f000012,주문진 방사제,3.3333333333333335,강원
4276,f000014,철원 한탄강 주상절리길 드르니 매표소,4.666666666666667,강원
4277,f000014,철원 한탄강 주상절리길 순담 매표소,4.666666666666667,강원
4278,f000014,고석정,4.666666666666667,강원
4279,f000014,포천아트밸리,4.666666666666667,경기
4280,f000014,명동거리,2.6666666666666665,서울
4281,f000019,회동수원지,5.0,부산
4282,f000021,백담사,5.0,
4283,f000021,오색약수,5.0,강원
4284,f000022,아홉 살 숲,5.0,부산
4285,f000022,롯데 프리미엄 아웃렛 동부산점,5.0,부산
4286,f000028,대관령,5.0,강원
4287,f000031,청초 호수공원,5.0,강원
4288,f000032,피닉스 평창 블루캐니언,5.0,강원
4289,f000032,피닉스 평창 키즈플레이 라운지,4.0,강원
4290,f000032,피닉스 평창 곤돌라,3.0,강원
4291,f000034,카페 감자밭 본점,5.0,강원
4292,f000034,소양강 처녀상,5.0,강원
4293,f000039,비발디파크 오션월드,4.0,강원
4294,f000039,김유정역 경춘선,4.0,강원
4295,f000039,의암호 스카이워크,4.0,강원
4296,f000039,춘천 삼악산 호수 케이블카,5.0,강원
4297,f000044,황령산 봉수대,3.6666666666666665,부산
4298,f000265,악양 생태공원,4.0,경남
4299,f000265,무진장,2.3333333333333335,경남
4300,f000269,김유정역 (폐역),4.666666666666667,강원
4301,f000269,김유정문학촌,2.3333333333333335,강원
4302,f000269,육림 고개,1.0,강원
4303,f000269,명동 닭갈비 골목,3.0,강원
4304,f000269,춘천 낭만시장,1.0,강원
4305,f000272,부산 시립미술관,5.0,부산
4306,f000272,밀란 더 마켓,5.0,부산
4307,f000272,광안리해수욕장,5.0,부산
4308,f000272,광안리해수욕장,5.0,부산
4309,f000272,용두산공원,4.0,부산
4310,f000272,광복로 패션거리,4.0,부산
4311,f000272,부산 근현대 역사관 별관,4.0,부산
4312,f000272,보수동 책방 골목,4.0,부산
4313,f000272,부평 깡통시장,4.0,부산
4314,f000272,BIFF 거리,4.0,부산
4315,f000272,해동용궁사,4.333333333333333,부산
4316,f000272,해운대해수욕장,4.0,부산
4317,f000272,광안리해수욕장,5.0,부산
4318,f000273,대왕암공원,5.0,울산
4319,f000273,일산해수욕장,5.0,울산
4320,f000273,장생포 고래 박물관,5.0,울산
4321,f000273,장생포 고래문화마을,5.0,울산
4322,f000274,다랭이마을,2.3333333333333335,경남
4323,f000274,장항 해수풀장,4.0,경남
4324,f000274,상주은모래비치,2.3333333333333335,경남
4325,f000274,설리해수욕장,5.0,경남
4326,f000275,금진 해변,4.0,강원
4327,f000275,금진 해변,4.0,강원
4328,f000275,무릉 계곡 관광지,5.0,강원
4329,f000275,추암 촛대바위,3.6666666666666665,강원
4330,f000275,미인폭포,4.666666666666667,강원
4331,f000278,강문해변,5.0,강원
4332,f000278,경포해수욕장,5.0,강원
4333,f000278,경포호,5.0,강원
4334,f000278,허균 허난설헌 기념관,3.0,강원
4335,f000278,런닝맨 강릉점,5.0,강원
4336,f000278,강릉 중앙시장,5.0,강원
4337,f000279,태화강 국가정원 십리대숲,4.333333333333333,울산
4338,f000279,태화강 국가 정원,5.0,울산
4339,f000279,슬도,3.6666666666666665,전남
4340,f000280,해운대해수욕장,4.666666666666667,부산
4341,f000280,국제시장,4.0,부산
4342,f000280,흰 여울 문화마을,5.0,부산
4343,f000280,광복로 패션거리,4.0,부산
4344,f000281,하회 세계 탈 박물관,3.3333333333333335,경북
4345,f000281,안동 하회마을,5.0,경북
4346,f000281,부용대,5.0,경북
4347,f000281,웅부공원,5.0,경북
4348,f000281,전통문화콘텐츠 박물관,1.6666666666666667,경북
4349,f000281,홈플러스 안동점,2.3333333333333335,경북
4350,f000281,모디 684,5.0,경북
4351,f000281,안동문화의 거리,5.0,경북
4352,f000281,안동 중앙 신시장,5.0,경북
4353,f000282,아야진해수욕장,5.0,강원
4354,f000282,속초관광수산시장,5.0,강원
4355,f000282,대포항 수산시장,5.0,강원
4356,f000282,낙산사,5.0,강원
4357,f000282,경포해수욕장,5.0,강원
4358,f000282,월정사,5.0,강원
4359,f000293,신세계백화점 대구점,4.666666666666667,대구
4360,f000293,대구근대역사관,4.0,대구
4361,f000296,국립경주박물관,5.0,경북
4362,f000296,황련단길,3.6666666666666665,경북
4363,f000296,대릉원,2.6666666666666665,경북
4364,f000296,불국사,5.0,경북
4365,f000296,신라역사과학관,4.333333333333333,경북
4366,f000296,경주 보문관광단지,3.3333333333333335,경북
4367,f000296,황련단길,3.3333333333333335,경북
4368,f000296,동궁과 월지,5.0,경북
4369,f000296,황련단길,3.3333333333333335,경북
4370,f000297,경주 문무대왕릉,5.0,경북
4371,f000297,경주월드,5.0,경북
4372,f000297,경주 황룡사 역사문화관,4.333333333333333,경북
4373,f000297,천마총,5.0,경북
4374,f000297,국립경주박물관,5.0,경북
4375,f000297,분황사,5.0,경북
4376,f000298,속초해수욕장,5.0,강원
4377,f000298,서피 비치,5.0,강원
4378,f000298,하조대 전망대,5.0,강원
4379,f000298,청초호유원지,5.0,강원
4380,f000298,속초관광수산시장,5.0,강원
4381,f000298,속초관광수산시장,5.0,강원
4382,f000298,아바이마을,5.0,강원
4383,f000301,신세계백화점 센텀시티점,5.0,부산
4384,f000301,해운대해수욕장,4.0,부산
4385,f000304,고성시장,5.0,경남
4386,f000311,의림지,4.666666666666667,충북
4387,f000317,흰 여울 문화마을,4.333333333333333,부산
4388,f000318,아리랑 박물관,5.0,강원
4389,f000319,무진장,2.6666666666666665,경남
4390,f000320,별주부전테마파크,3.0,경남
4391,f000323,대릉원,5.0,경북
4392,f000323,동궁과 월지,3.3333333333333335,경북
4393,f000323,국립경주박물관,5.0,경북
4394,f000323,대릉원,4.666666666666667,경북
4395,f000323,불국사,5.0,경북
4396,f000323,한국 대중음악 박물관,4.0,경북
4397,f000323,바니 베어뮤지엄,5.0,경북
4398,f000324,롯데월드 어드벤처 부산,3.0,부산
4399,f000324,기장시장,2.6666666666666665,부산
4400,f000324,해운대해수욕장,3.6666666666666665,부산
4401,f000324,해운대해수욕장,2.6666666666666665,부산
4402,f000324,해운대해수욕장,5.0,부산
4403,f000324,아난티 힐튼 부산,3.0,부산
4404,f000326,기사문해수욕장,3.0,강원
4405,f000326,양양전통시장,5.0,강원
4406,f000328,경주읍성,3.0,경북
4407,f000328,금관총,5.0,경북
4408,f000328,황련단길,5.0,경북
4409,f000328,경주역사유적지구,5.0,경북
4410,f000328,국립경주박물관,5.0,경북
4411,f000328,오류고아라 해변,5.0,경북
4412,f000328,경주 보문관광단지,5.0,경북
4413,f000328,표충사,2.0,경북
4414,f000328,칠포해수욕장,5.0,경북
4415,f000328,포토피아,5.0,경북
4416,f000328,이가리 닻 전망대,5.0,경북
4417,f000332,주문진 방사제,4.0,강원
4418,f000332,곳,4.0,강원
4419,f000332,원주 자유시장,4.666666666666667,강원
4420,f000333,해운대 모래축제,3.6666666666666665,부산
4421,f000333,동백 섬,5.0,부산
4422,f000334,통영 해상택시,4.333333333333333,경남
4423,f000334,통영중앙전통시장,3.0,경남
4424,f000334,통영 케이블카,4.0,경남
4425,f000334,조선 군선,4.0,
4426,f000334,충렬사,3.6666666666666665,
4427,f000334,통영 삼도수군통제영,5.0,
4428,f000334,바람의 언덕,5.0,
4429,f000336,초량 차이나타운,5.0,부산
4430,f000336,해운대해수욕장,5.0,부산
4431,f000336,해운대해수욕장,5.0,부산
4432,f000336,씨라 이르 부산아쿠아리움,4.0,부산
4433,f000337,대릉원,3.6666666666666665,경북
4434,f000337,첨성대,4.0,경북
4435,f000337,동궁과 월지,4.0,경북
4436,f000337,분황사,4.0,경북
4437,f000340,대릉원,4.666666666666667,경북
4438,f000340,일산해수욕장,5.0,울산
4439,f000340,울산대교 전망대,5.0,울산
4440,f000340,슬도,5.0,울산
4441,f000340,일산해수욕장,5.0,울산
4442,f000342,안목 해변,3.0,강원
4443,f000342,강릉 월화 거리,4.0,강원
4444,f000342,강릉 중앙시장,4.0,강원
4445,f000342,시흥 프리미엄 아울렛,5.0,경기
4446,f000344,경포대,5.0,강원
4447,f000344,경포호,5.0,강원
4448,f000344,순두부 젤라또 1호점,5.0,강원
4449,f000344,경포해수욕장,5.0,강원
4450,f000344,순두부 젤라또 1호점,5.0,강원
4451,f000344,강문해변,5.0,강원
4452,f000348,강릉 중앙시장,4.0,강원
4453,f000348,사천해변,4.0,강원
4454,f000354,합천영상테마파크,4.0,경남
4455,f000354,해인사,5.0,경남
4456,f000355,매미성,3.6666666666666665,경남
4457,f000356,성심당 대전역점,5.0,대전
4458,f000356,해동용궁사,5.0,부산
4459,f000356,롯데몰 메종 동부산,5.0,부산
4460,f000356,롯데월드 어드벤처 부산,5.0,부산
4461,f000356,해운대 블루라인파크 청사포 정거장,4.0,부산
4462,f000357,아르떼 뮤지엄 강릉,3.0,강원
4463,f000357,허균 허난설헌 기념관,5.0,강원
4464,f000357,강문해변,5.0,강원
4465,f000362,소양강댐 정상 주차장,4.0,강원
4466,f000366,대릉원,4.0,경북
4467,f000366,국립경주박물관,4.0,경북
4468,f000368,동성로,5.0,
4469,f000368,스파크 랜드,4.333333333333333,대구
4470,f000368,말랑캣,5.0,대구
4471,f000368,경북대학교 대구캠퍼스,4.0,대구
4472,f000368,수성못,5.0,대구
4473,f000368,서문시장,5.0,대구
4474,f000368,서문시장,4.333333333333333,대구
4475,f000369,속초관광수산시장,4.0,강원
4476,f000369,뮤지엄 산,3.6666666666666665,강원
4477,f000370,통영시립 박물관,5.0,경남
4478,f000370,서호 시장,4.333333333333333,경남
4479,f000370,서프랑,3.3333333333333335,경남
4480,f000370,충렬사,5.0,경남
4481,f000370,통영 삼도수군통제영,5.0,경남
4482,f000370,통영중앙전통시장,3.0,경남
4483,f000370,동피랑 벽화마을,3.0,경남
4484,f000370,조선 군선,2.0,경남
4485,f000370,순천만 국가정원,5.0,전남
4486,f000371,자갈치시장,4.333333333333333,부산
4487,f000371,해운대해수욕장,4.666666666666667,부산
4488,f000374,횡성 전통시장,4.0,강원
4489,f000374,횡성호수길,4.0,강원
4490,f000376,흰 여울 문화마을,5.0,부산
4491,f000376,광안리해수욕장,5.0,부산
4492,f000376,해운대해수욕장,5.0,부산
4493,f000376,수영만 요트경기장,5.0,부산
4494,f000379,주산 저수지,3.6666666666666665,경북
4495,f000380,해운대 모래축제,5.0,부산
4496,f000381,영도대교,3.0,부산
4497,f000381,전포 카페거리,3.0,부산
4498,f000381,원각사,3.0,부산
4499,f000383,중동교,5.0,대구
4500,f000383,중동교,5.0,대구
4501,f000387,영일대해수욕장,3.3333333333333335,경북
4502,f000392,부석사,5.0,경북
4503,f000392,코어 세계 과학관,5.0,경북
4504,f000392,소수서원,5.0,경북
4505,f000392,선비촌,5.0,경북
4506,f000392,천지인 전통사상 체험관,4.333333333333333,경북
4507,f000392,무섬마을,5.0,경북
4508,f000392,삼판 세고 택,5.0,경북
4509,f000393,황련단길,4.666666666666667,경북
4510,f000393,전촌용 굴,5.0,경북
4511,f000393,경주 문무대왕릉,2.3333333333333335,경북
4512,f000393,국립경주박물관,5.0,경북
4513,f000393,황련단길,4.0,경북
4514,f000393,석굴암,5.0,경북
4515,f000393,불국사,5.0,경북
4516,f000394,통영 삼도수군통제영,5.0,경남
4517,f000394,통영 해상택시,5.0,경남
4518,f000394,디피랑,4.666666666666667,경남
4519,f000394,통영 케이블카,5.0,경남
4520,f000398,부평 깡통시장,5.0,부산
4521,f000398,보수동 책방 골목,5.0,부산
4522,f000398,국제시장,5.0,부산
4523,f000398,용두산공원,5.0,부산
4524,f000399,설악 산책,5.0,강원
4525,f000399,영랑호,5.0,강원
4526,f000399,청초호,5.0,강원
4527,f000399,등대해수욕장,5.0,강원
4528,f000400,주문진 방사제,5.0,강원
4529,f000405,강변체육공원,5.0,경북
4530,f000407,영주 문화시장,3.6666666666666665,경북
4531,f000407,소수서원,4.0,경북
4532,f000407,선비촌,3.3333333333333335,경북
4533,f000407,영주 문화시장,4.333333333333333,경북
4534,f000409,속초 아이,5.0,강원
4535,f000409,청초호유원지,5.0,강원
4536,f000409,속초관광수산시장,5.0,강원
4537,f000411,델피노 오션 플레이,5.0,강원
4538,f000411,낙산사 홍련암,4.333333333333333,강원
4539,f000411,속초관광수산시장,3.6666666666666665,강원
4540,f000411,뮤지엄 산,5.0,강원
4541,f000412,경주월드,5.0,경북
4542,f000412,황련단길,4.0,경북
4543,f000412,대릉원,3.6666666666666665,경북
4544,f000412,황련단길,3.0,경북
4545,f000413,더베이 11,3.0,부산
4546,f000413,해운대 블루라인파크 청사포 정거장,3.6666666666666665,부산
4547,f000413,해운대해수욕장,5.0,부산
4548,f000416,경주국립공원 남산지구,5.0,경북
4549,f000416,대릉원,5.0,경북
4550,f000416,황련단길,5.0,경북
4551,f000416,첨성대,5.0,경북
4552,f000417,외옹치해변,5.0,강원
4553,f000417,등대해수욕장,4.0,강원특별자치도
4554,f000419,속초관광수산시장,3.6666666666666665,강원
4555,f000419,속초해수욕장,4.0,강원
4556,f000422,태화강 국가 정원,5.0,울산
4557,f000422,대왕암공원,5.0,울산
4558,f000422,경주월드,5.0,경북
4559,f000423,바람의 언덕,4.0,경남
4560,f000423,외도 보타니아,3.3333333333333335,경남
4561,f000423,매미성,3.3333333333333335,경남
4562,f000424,대포항,4.0,강원
4563,f000424,속초관광수산시장,3.0,강원
4564,f000424,금강산 화암사,5.0,강원
4565,f000424,속초 아이,4.0,강원
4566,f000424,속초해수욕장,5.0,강원
4567,f000424,영랑호,5.0,강원
4568,f000424,속초관광수산시장,5.0,강원
4569,f000424,아야진해수욕장,5.0,강원
4570,f000424,바다정원,3.6666666666666665,강원
4571,f000426,서면 데시앙 스튜디오 오피스텔,5.0,부산
4572,f000426,서면 데시앙 스튜디오 오피스텔,5.0,부산
4573,f000426,서면 1번가,3.3333333333333335,부산
4574,f000426,국립 해양 박물관,5.0,부산
4575,f000428,촛대바위,3.3333333333333335,경북
4576,f000430,통영 케이블카,5.0,경남
4577,f000430,이순신공원,4.333333333333333,경남
4578,f000430,디피랑,4.0,경남
4579,f000430,강구안,4.0,경남
4580,f000430,서프랑,4.0,경남
4581,f000430,통영 삼도수군통제영,4.0,경남
4582,f000430,통영중앙전통시장,2.0,경남
4583,f000430,욕지도 제1출렁 다리,5.0,경남
4584,f000430,해저터널,4.0,경남
4585,f000430,통영시립 박물관,3.6666666666666665,경남
4586,f000430,충렬사,5.0,경남
4587,f000430,동피랑 벽화마을,5.0,경남
4588,f000430,통 연달아 공원 달에 전망대,3.3333333333333335,경남
4589,f000430,거제도 현 시장,3.0,경남
4590,f000430,환호공원 스페이스 워크,5.0,경북
4591,f000430,환호공원 포항시립미술관,5.0,경북
4592,f000430,영일대해수욕장,5.0,경북
4593,f000430,강변체육공원,5.0,
4594,f000430,구룡포 일본인 가옥거리,5.0,경북
4595,f000430,구룡포 근대역사관,5.0,경북
4596,f000430,영일대해수욕장,5.0,경북
4597,f000432,아야진해수욕장,4.0,강원
4598,f000432,속초관광수산시장,4.0,강원
4599,f000432,속초해수욕장,3.3333333333333335,강원
4600,f000432,속초관광수산시장,4.0,강원
4601,f000432,외옹치해변,3.0,강원
4602,f000434,속초관광수산시장,5.0,강원
4603,f000434,무량사,3.0,강원
4604,f000440,수승대관광지,4.666666666666667,경남
4605,f000440,수승대 출렁다리,4.0,경남
4606,f000440,거창 창포원,5.0,경남
4607,f000441,첨성대,5.0,
4608,f000442,임고서원,3.0,경북
4609,f000442,불국사,5.0,경북
4610,f000442,경주 동궁원,3.0,경북
4611,f000444,오죽헌,5.0,강원
4612,f000444,경포해수욕장,4.0,강원
4613,f000445,경포해수욕장,5.0,강원
4614,f000445,경포해수욕장,5.0,강원
4615,f000445,CGV 강릉,5.0,강원
4616,f000445,강릉 중앙시장,5.0,강원
4617,f000447,국립 충주 기상과학관,3.6666666666666665,충북
4618,f000447,선돌 관광지,3.0,강원
4619,f000447,영월 서부시장,4.0,강원
4620,f000448,속초 아이,5.0,강원
4621,f000448,속초해수욕장,5.0,강원
4622,f000448,속초관광수산시장,5.0,강원
4623,f000448,낙산사,5.0,강원
4624,f000448,파리에 스테이션,5.0,서울
4625,f000452,레고랜드 코리아리조트,5.0,강원
4626,f000452,애니메이션박물관,5.0,강원
4627,f000453,속초 아이,3.6666666666666665,강원
4628,f000453,속초해수욕장,5.0,강원
4629,f000453,외옹치 바다 향기로,5.0,강원
4630,f000453,속초해수욕장,5.0,강원
4631,f000453,설악산,4.666666666666667,강원
4632,f000453,신흥사,3.3333333333333335,강원
4633,f000453,영랑호,5.0,강원
4634,f000453,등대해수욕장,4.0,강원
4635,f000453,영금정,4.0,강원
4636,f000453,동명동 성당,4.0,강원
4637,f000453,개배 st 속초청년몰,2.6666666666666665,강원
4638,f000456,무진장,1.6666666666666667,경남
4639,f000459,영월 관광센터,5.0,강원
4640,f000459,청령포 단종 유배지,5.0,강원
4641,f000459,법흥사,4.333333333333333,
4642,f000460,경주 문무대왕릉,3.3333333333333335,경북
4643,f000460,감은사지삼층석탑,3.3333333333333335,경북
4644,f000460,바람의 언덕,4.0,경남
4645,f000460,불국사,4.0,경북
4646,f000460,경주 동궁원,4.0,경북
4647,f000463,국립산림치유원 문필 마을 문드래미길,5.0,
4648,f000463,국립산림치유원 문필 마을 문드래미길,5.0,
4649,f000463,소수서원,5.0,경상북도
4650,f000464,경포해수욕장,3.6666666666666665,강원
4651,f000464,이마트 강릉점,2.0,강원
4652,f000464,강릉 월화 거리,2.3333333333333335,강원
4653,f000464,한 섬 해변,3.6666666666666665,강원
4654,f000464,고 불개 해 변,4.0,강원
4655,f000464,해파랑길 33코스,2.6666666666666665,
4656,f000464,논골담길,3.6666666666666665,강원
4657,f000467,레고랜드 코리아리조트,5.0,강원
4658,f000467,구곡폭포,5.0,강원
4659,f000474,미국마을,2.6666666666666665,경남
4660,f000474,카페톨,4.333333333333333,경남
4661,f000474,남해 독일마을,2.6666666666666665,경남
4662,f000474,사촌해수욕장,3.3333333333333335,경남
4663,f000476,남원시립 김병종 미술관,3.3333333333333335,전북
4664,f000486,대릉원,5.0,경북
4665,f000486,첨성대,5.0,경북
4666,f000486,동궁과 월지,5.0,경북
4667,f000486,석굴암,5.0,경북
4668,f000486,불국사,5.0,경북
4669,f000486,경주 양남 주상절리,5.0,경북
4670,f000486,경주 문무대왕릉,3.0,경북
4671,f000486,상생의 손,5.0,경북
4672,f000488,안동 하회마을,5.0,경북
4673,f000488,도산서원,5.0,경북
4674,f000495,수암 한 우야 시장,4.0,울산
4675,f000495,태화강 국가 정원,5.0,울산
4676,f000495,태화강 국가정원 십리대숲,5.0,울산
4677,f000495,간절곶,4.666666666666667,울산
4678,f000497,해동용궁사,5.0,부산
4679,f000497,부산 시립 박물관,4.333333333333333,부산
4680,f000499,설악산,4.666666666666667,강원
4681,f000502,동성로,2.0,
4682,f000502,대구근대역사관,2.6666666666666665,대구
4683,f000503,주전몽돌해변,3.3333333333333335,울산
4684,f000503,장생포 고래 박물관,5.0,울산
4685,f000503,장생포 고래 박물관,5.0,울산
4686,f000503,대왕암공원,2.3333333333333335,울산
4687,f000504,장미공원,1.6666666666666667,경남
4688,f000504,영남루,5.0,경남
4689,f000505,연필 뮤지엄,2.6666666666666665,강원
4690,f000505,동쪽 바다 중앙시장,1.3333333333333333,강원
4691,f000505,한 섬 해변,5.0,강원
4692,f000505,어달항,2.6666666666666665,강원
4693,f000505,도째비골해랑전망대,3.0,강원
4694,f000505,도째비골해랑전망대,3.0,강원
4695,f000505,허균 허난설헌 기념관,4.0,강원
4696,f000505,아르떼 뮤지엄 강릉,5.0,강원
4697,f000505,유리알 유희,5.0,강원
4698,f000505,강문해변,3.0,강원
4699,f000505,강릉 중앙시장,5.0,강원
4700,f000505,강릉 월화 거리,5.0,강원
4701,f000507,창녕교동고분군,4.0,경남
4702,f000509,KTG 상상마당 부산,4.0,부산
4703,f000509,크레이지 서퍼스,5.0,부산
4704,f000509,밀란 더 마켓,3.6666666666666665,부산
4705,f000509,밀란 더 마켓,3.6666666666666665,부산
4706,f000509,해동용궁사,3.0,부산
4707,f000509,이케아 동부산점,5.0,부산
4708,f000515,동피랑 벽화마을,4.0,경남
4709,f000517,해운대해수욕장,4.0,부산
4710,f000517,해운대해수욕장,3.3333333333333335,부산
4711,f000517,해운대해수욕장,3.0,부산
4712,f000519,남매지,5.0,경북
4713,f000519,남매지,5.0,경북
4714,f000523,대릉원,5.0,경북
4715,f000523,첨성대,5.0,경북
4716,f000523,월정교,5.0,경북
4717,f000523,동궁과 월지,5.0,경북
4718,f000523,불국사,5.0,경북
4719,f000523,경주 보문관광단지,4.0,경북
4720,f000523,황련단길,1.3333333333333333,경북
4721,f000526,함안박물관,4.0,경남
4722,f000526,고려동 유적지,3.3333333333333335,경남
4723,f000526,악양 독방,2.3333333333333335,경남
4724,f000526,함지공원,4.0,경남
4725,f000529,국제시장,3.0,부산
4726,f000529,신세계백화점 센텀시티점,5.0,부산
4727,f000529,밀란 더 마켓,5.0,부산
4728,f000529,광안리해수욕장,5.0,부산
4729,f000531,해운대해수욕장,5.0,부산
4730,f000531,해동용궁사,5.0,부산
4731,f000531,송정해수욕장,5.0,
4732,f000531,광안리해수욕장,3.3333333333333335,부산
4733,f000531,광안리해수욕장,4.0,부산
4734,f000531,동백공원,5.0,
4735,f000540,무진장,2.3333333333333335,경남
4736,f000545,수승대관광지,5.0,경남
4737,f000545,거창박물관,4.0,경남
4738,f000557,이마트 안동점,5.0,경북
4739,f000560,국제시장,5.0,부산
4740,f000560,스타필드 시티 명지,4.0,부산
4741,f000565,대관령 양떼목장,5.0,강원
4742,f000565,경포대,4.333333333333333,강원
4743,f000565,강릉 중앙시장,5.0,강원
4744,f000565,삼척 해양레일바이크 궁촌정거장,5.0,강원
4745,f000565,정동 심곡 바다부채길,5.0,강원
4746,f000565,강릉 카페거리,3.0,강원
4747,f000565,오죽헌,3.3333333333333335,강원
4748,f000566,무섬마을,5.0,경북
4749,f000566,천지인 전통사상 체험관,4.666666666666667,경북
4750,f000566,홈플러스 영주점,5.0,경북
4751,f000567,고래불해수욕장,5.0,경북
4752,f000570,동명항,5.0,강원
4753,f000573,금강산 화암사,4.0,강원
4754,f000573,천진해변,5.0,강원
4755,f000575,강문해변,5.0,강원
4756,f000575,허균 허난설헌 기념관,4.0,강원
4757,f000575,경포호,5.0,강원
4758,f000575,경포해수욕장,5.0,강원
4759,f000575,경포해수욕장,5.0,강원
4760,f000576,영랑호,3.6666666666666665,강원
4761,f000576,속초관광수산시장,5.0,강원
4762,f000576,낙산사,5.0,강원
4763,f000576,휴휴암,5.0,강원
4764,f000576,속초관광수산시장,5.0,강원
4765,f000578,고성공룡 박물관,5.0,경남
4766,f000578,남해 독일마을,3.0,경남
4767,f000578,다랭이마을,2.6666666666666665,경남
4768,f000578,다랭이마을,3.0,경남
4769,f000582,롯데백화점 부산본점,4.0,부산
4770,f000582,트레이더스 홀세일 클럽 서면점,5.0,부산
4771,f000582,부산 시민공원,2.0,부산
4772,f000582,흰 여울 문화마을,4.0,부산
4773,f000582,광안리해수욕장,4.0,부산
4774,f000583,낙산사,5.0,강원
4775,f000583,영금정,5.0,강원
4776,f000583,속초관광수산시장,3.3333333333333335,강원
4777,f000587,경포해수욕장,5.0,강원
4778,f000587,바이크 스토리,3.3333333333333335,강원
4779,f000587,경포대,5.0,강원
4780,f000587,경포해수욕장,5.0,강원
4781,f000587,강릉 중앙시장,4.0,강원
4782,f000592,발왕산 관광 케이블카,5.0,강원
4783,f000592,계촌 클래식 공원,5.0,강원
4784,f000595,용대리 황태축제,3.0,
4785,f000595,속초관광수산시장,5.0,강원
4786,f000595,설악워터피아,5.0,강원
4787,f000595,금강산 화암사,5.0,강원
4788,f000595,아야진해수욕장,5.0,강원
4789,f000595,하늬 라벤더 팜,4.0,강원
4790,f000595,속초관광수산시장,2.3333333333333335,강원
4791,f000599,사근 진해 중공원 전망대,5.0,강원
4792,f000599,안목 해변,5.0,강원
4793,f000599,바루 서프,4.666666666666667,강원
4794,f000599,서피 비치,3.0,강원
4795,f000599,아르떼 뮤지엄 강릉,4.0,강원
4796,f000599,강릉 중앙시장,3.6666666666666665,강원
4797,f000600,속초관광수산시장,3.3333333333333335,강원
4798,f000600,어민 수산시장,4.333333333333333,강원
4799,f000600,아르떼 뮤지엄 강릉,2.6666666666666665,강원
4800,f000600,아르떼 뮤지엄 강릉,3.3333333333333335,강원
4801,f000600,하평해변,2.0,강원
4802,f000601,월정교,4.0,경북
4803,f000601,황련단길,3.6666666666666665,경북
4804,f000601,첨성대,4.0,경북
4805,f000601,국립경주박물관,4.0,경북
4806,f000601,동궁과 월지,4.333333333333333,경북
4807,f000601,대릉원,3.0,경북
4808,f000603,구조라성,4.0,경남
4809,f000603,지세 포성,4.333333333333333,경남
4810,f000603,매미성,4.0,경남
4811,f000603,거창 항노화 힐링랜드,4.666666666666667,경남
4812,f000604,임당동 성당,3.0,강원
4813,f000604,강릉 월화 거리,3.0,강원
4814,f000604,허균 허난설헌 기념관,4.0,강원
4815,f000604,아들바위공원,3.0,강원
4816,f000604,BTS 버스정류장,3.6666666666666665,강원
4817,f000604,경포호,3.0,강원
4818,f000604,경포해수욕장,4.0,강원
4819,f000604,사근 긴 해변,3.3333333333333335,강원
4820,f000604,경포해수욕장,3.3333333333333335,강원
4821,f000604,아르떼 뮤지엄 강릉,3.6666666666666665,강원
4822,f000604,임당동 성당,4.0,강원
4823,f000604,오죽헌,3.6666666666666665,강원
4824,f000604,강릉 선교장,4.0,강원
4825,f000605,황련단길,3.0,경북
4826,f000605,국립경주박물관,4.0,경북
4827,f000605,첨성대,5.0,경북
4828,f000605,동궁과 월지,4.0,경북
4829,f000605,대릉원,4.0,경북
4830,f000605,분황사,4.0,경북
4831,f000605,석굴암,5.0,경북
4832,f000605,불국사,5.0,경북
4833,f000605,첨성대,5.0,경북
4834,f000608,밀란 더 마켓,3.0,부산
4835,f000608,광안리해수욕장,5.0,부산
4836,f000608,해운대 블루라인파크 미포 정거장,5.0,부산
4837,f000608,행리단길,5.0,부산
4838,f000608,해운대 모래축제,5.0,부산
4839,f000608,흰 여울 문화마을,5.0,부산
4840,f000608,전포 카페거리,5.0,부산
4841,f000610,아르떼 뮤지엄 강릉,5.0,강원
4842,f000610,강문해변,4.333333333333333,강원
4843,f000610,논골마을,5.0,강원
4844,f000610,도째비골해랑전망대,5.0,강원
4845,f000610,어달항,3.6666666666666665,강원
4846,f000610,안목 해변,5.0,강원
4847,f000610,강릉 중앙시장,3.0,강원
4848,f000612,국립 해양과학관,5.0,경북
4849,f000612,강릉 중앙시장,5.0,강원
4850,f000612,강릉 월화 거리,5.0,강원
4851,f000612,오죽헌,5.0,강원
4852,f000612,경포 생태 저류지,5.0,강원
4853,f000612,하슬라아트월드,5.0,강원
4854,f000613,어달해변,3.6666666666666665,강원
4855,f000613,바람의 언덕,3.3333333333333335,강원
4856,f000613,어달해변,4.0,강원
4857,f000613,해파랑길 33코스,5.0,강원
4858,f000613,한 섬 해변,5.0,강원
4859,f000613,동쪽 바다 중앙시장,4.0,강원
4860,f000614,통인시장,5.0,서울
4861,f000614,광화문,5.0,서울
4862,f000614,교보문고 광화문점,5.0,서울
4863,f000614,청계광장,5.0,서울
4864,f000616,국립김해 박물관,5.0,경남
4865,f000616,봉황대공원,4.0,경남
4866,f000616,봉리단길,4.333333333333333,경남
4867,f000616,수로왕릉,5.0,경남
4868,f000616,대성동 고분군,5.0,경남
4869,f000618,영일대해수욕장,4.0,경북
4870,f000618,환호공원 스페이스 워크,4.0,경북
4871,f000618,포항 해상 스카이워크,4.0,경북
4872,f000621,사근 긴 해변,3.3333333333333335,강원
4873,f000621,강문해변,5.0,강원
4874,f000621,강릉 월화 거리,5.0,강원
4875,f000621,정동진 해변,4.0,강원
4876,f000621,정동 심곡 바다부채길,4.666666666666667,강원
4877,f000622,해인사,5.0,경남
4878,f000622,합천영상테마파크,3.3333333333333335,경남
4879,f000622,합천영상테마파크,5.0,경남
4880,f000622,해인사,5.0,경남
4881,f000622,대장경테마파크,5.0,경남
4882,f000623,강문해변,5.0,강원
4883,f000624,평창올림픽시장,4.0,강원
4884,f000625,수로왕릉,4.0,경남
4885,f000625,롯데 프리미엄 아웃렛 김해점,4.0,경남
4886,f000626,속초관광수산시장,4.666666666666667,강원
4887,f000626,설악 산책,5.0,강원
4888,f000633,강릉 중앙시장,4.333333333333333,
4889,f000633,경포 생태 저류지,4.333333333333333,강원
4890,f000633,강문해변,3.0,강원
4891,f000634,삼척 장밋공원,4.666666666666667,강원
4892,f000634,삼척 해상 케이블카 용화역,5.0,강원
4893,f000634,삼척 중앙시장,5.0,강원
4894,f000634,맹방해수욕장,4.333333333333333,강원
4895,f000634,삼척 중앙시장,5.0,강원
4896,f000634,초곡용굴촛대바위길,5.0,강원
4897,f000634,한 섬 해변,5.0,강원
4898,f000642,홈플러스 영주점,3.3333333333333335,경북
4899,f000643,서문시장,4.666666666666667,
4900,f000645,영도 해녀문화전시관,4.666666666666667,부산
4901,f000645,해운대해수욕장,4.0,부산
4902,f000645,자갈치시장,3.0,부산
4903,f000645,BIFF 거리,3.0,부산
4904,f000646,안동 하회마을,5.0,경북
4905,f000646,왜가리 생태관,5.0,경북
4906,f000646,안동 하회마을 만송정 숲,5.0,경북
4907,f000646,왜가리 생태관,5.0,경북
4908,f000654,도산서원,4.0,경북
4909,f000654,안동소주 전통음식 박물관,3.3333333333333335,경북
4910,f000654,낙강 물길 공원,3.0,경북
4911,f000654,월영교,4.666666666666667,경북
4912,f000654,안동 하회마을,4.0,경북
4913,f000654,부용대,4.0,경북
4914,f000654,문보트,4.666666666666667,경북
4915,f000654,부석사,4.666666666666667,경북
4916,f000658,호미곶,5.0,경북
4917,f000658,구룡포 일본인 가옥거리,3.0,경북
4918,f000658,황련단길,3.6666666666666665,경북
4919,f000658,불국사,4.0,경북
4920,f000658,석굴암,5.0,경북
4921,f000658,첨성대,5.0,경북
4922,f000658,동궁과 월지,4.0,경북
4923,f000658,자수정 동굴나라,5.0,울산
4924,f000662,광안리해수욕장,5.0,부산
4925,f000662,태화강 국가 정원,5.0,
4926,f000663,태화강,4.0,울산
4927,f000663,대왕암공원,5.0,울산
4928,f000663,홈플러스 울산점,4.0,울산
4929,f000663,주전몽돌해변,4.333333333333333,울산
4930,f000663,태화강 국가 정원,4.333333333333333,울산
4931,f000663,진하해수욕장,4.333333333333333,울산
4932,f000663,간절곶,5.0,울산
4933,f000667,속초해수욕장,4.333333333333333,강원
4934,f000667,등대해수욕장,4.666666666666667,강원
4935,f000667,영랑 호수공원,3.0,강원
4936,f000668,거창 전통시장,5.0,경남
4937,f000668,거창 근대 의료 박물관,5.0,경남
4938,f000668,거창박물관,5.0,경남
4939,f000675,해운대해수욕장,5.0,부산
4940,f000675,신세계백화점 센텀시티점,5.0,부산
4941,f000675,광안리해수욕장,5.0,부산
4942,f000675,전포 카페거리,5.0,부산
4943,f000677,설악워터피아,4.333333333333333,강원
4944,f000679,부산 시립미술관,5.0,부산
4945,f000679,신세계 센텀시티몰,5.0,부산
4946,f000679,광안리해수욕장,5.0,부산
4947,f000679,밀란 더 마켓,2.0,부산
4948,f000679,송림공원,5.0,부산
4949,f000679,해운대해수욕장,5.0,부산
4950,f000679,전포 카페거리,5.0,부산
4951,f000680,한계령 휴게소,5.0,강원
4952,f000680,하조대 전망대,4.333333333333333,강원
4953,f000680,비치 얼스 서프,4.333333333333333,강원
4954,f000684,첨성대,5.0,경북
4955,f000684,대릉원,5.0,경북
4956,f000684,황련단길,5.0,경북
4957,f000684,월정교,5.0,경북
4958,f000684,동궁과 월지,4.333333333333333,경북
4959,f000684,대릉원,5.0,경북
4960,f000684,경주 황룡사지,3.6666666666666665,경북
4961,f000684,국립경주박물관,5.0,경북
4962,f000684,황련단길,5.0,경북
4963,f000686,철원 한탄강 주상절리길 순담 매표소,3.3333333333333335,강원
4964,f000692,해운대해수욕장,4.0,부산
4965,f000692,동백 섬,3.3333333333333335,부산
4966,f000692,해동용궁사,4.0,부산
4967,f000693,부산 현대미술관,4.0,부산
4968,f000695,초량 차이나타운,4.0,부산
4969,f000695,BIFF 광장,3.3333333333333335,부산
4970,f000696,강문해변,5.0,강원
4971,f000696,아르떼 뮤지엄 강릉,5.0,강원
4972,f000697,묵호항 수변공원,4.0,강원
4973,f000697,논골담길,5.0,강원
4974,f000697,도째비골해랑전망대,3.3333333333333335,강원
4975,f000697,월정사,2.3333333333333335,강원
4976,f000697,강릉 중앙시장,1.6666666666666667,강원
4977,f000697,정동진 해변,3.0,강원
4978,f000697,망상 해변,5.0,강원
4979,f000697,천곡 황금박쥐동굴,5.0,강원
4980,f000697,한 섬 해변,5.0,강원
4981,f000697,감축사,4.333333333333333,강원
4982,f000699,오대산 월정사 전나무 숲길,5.0,강원
4983,f000699,월정사,4.0,강원
4984,f000701,묵호항 수변공원,4.0,강원
4985,f000701,논골담길,4.333333333333333,강원
4986,f000701,도째비골해랑전망대,4.0,강원
4987,f000701,망상 해변,4.333333333333333,강원
4988,f000701,연필 뮤지엄,3.3333333333333335,강원
4989,f000703,삼포해수욕장,5.0,강원
4990,f000703,청간해변,5.0,강원
4991,f000703,청간정,3.0,강원
4992,f000703,천진해변,3.0,강원
4993,f000704,태화산 고씨동굴,5.0,강원
4994,f000704,영월 서부시장,1.3333333333333333,강원
4995,f000704,한반도 지형 전망대,5.0,강원
4996,f000707,이중섭거리,3.0,부산
4997,f000707,더베이 11,4.0,부산
4998,f000707,죽성 드림세트장,3.0,부산
4999,f000708,해운대해수욕장,4.333333333333333,부산
5000,f000708,더베이 11,4.0,부산
5001,f000708,송정해수욕장,3.3333333333333335,부산
5002,f000709,공지천,2.6666666666666665,강원
5003,f000711,오죽헌,3.0,강원
5004,f000711,강릉 선교장,4.0,강원
5005,f000711,경포대,3.3333333333333335,강원
5006,f000713,해운대해수욕장,3.6666666666666665,부산
5007,f000713,광안리해수욕장,4.0,부산
5008,f000713,동백 섬,4.0,부산
5009,f000713,해운대 전통시장,3.3333333333333335,부산
5010,f000717,경상감영공원,4.666666666666667,대구
5011,f000717,대구근대역사관,5.0,대구
5012,f000717,대구약령시 한의약 박물관,5.0,대구
5013,f000717,주교좌 계산 대성당,4.0,대구
5014,f000717,대구 중구 골목투어 근대문화골목(2코스),5.0,대구
5015,f000717,시인 이상화 고택,5.0,대구
5016,f000717,삼송 빵집 본점,5.0,대구
5017,f000717,주산 저수지,5.0,경북
5018,f000717,김광석 다시 그리기 길,5.0,대구
5019,f000720,미로 예술 원주 중앙시장,5.0,강원
5020,f000720,오크밸리 스키빌리지 수영장,5.0,강원
5021,f000720,소금산 그랜드밸리,5.0,강원
5022,f000720,미로 예술 원주 중앙시장,5.0,강원
5023,f000721,낙산사,5.0,강원
5024,f000721,성인데,5.0,강원
5025,f000721,운대리 자작나무 숲,5.0,강원
5026,f000724,외도 보타니아,5.0,경남
5027,f000726,악양 독방,4.0,경남
5028,f000726,무진장,2.3333333333333335,경남
5029,f000726,무진장,3.0,경남
5030,f000726,의령전통시장,3.6666666666666665,경남
5031,f000728,광안리해수욕장,5.0,부산
5032,f000728,흰 여울 문화마을,5.0,부산
5033,f000731,아델스코트CC,3.3333333333333335,경남
5034,f000731,아델스코트CC,4.0,경남
5035,f000731,해인사,4.0,경남
5036,f000733,삼광사,5.0,부산
5037,f000734,동궁과 월지,5.0,경북
5038,f000734,월정교,5.0,경북
5039,f000734,보문호,4.0,경북
5040,f000734,불국사,4.0,경북
5041,f000734,황련단길,5.0,경북
5042,f000734,황련단길,5.0,경북
5043,f000735,통영중앙전통시장,3.3333333333333335,경남
5044,f000735,동피랑 벽화마을,5.0,경남
5045,f000735,이순신공원,5.0,경남
5046,f000736,국립경주박물관,4.333333333333333,경북
5047,f000736,황련단길,4.666666666666667,경북
5048,f000736,대릉원,4.666666666666667,경북
5049,f000736,전촌용 굴,4.0,경북
5050,f000738,초곡용굴촛대바위길,3.3333333333333335,강원
5051,f000738,추암 촛대바위,4.333333333333333,강원
5052,f000738,동해해 암정,4.0,강원
5053,f000738,추암 촛대바위 출렁다리,4.0,강원
5054,f000738,묵호등대 해양문화공간,5.0,강원
5055,f000738,도째비골해랑전망대,4.0,강원
5056,f000738,묵호항 수산물 위판장,4.0,강원
5057,f000738,망상 해변,5.0,강원
5058,f000738,강릉 중앙시장,5.0,강원
5059,f000739,장항 해수풀장,4.0,경남
5060,f000741,노산공원,3.6666666666666665,경남
5061,f000741,아래 마루 아쿠아리움 본관,5.0,경남
5062,f000741,사천 미술관,5.0,경남
5063,f000744,오죽헌,4.0,강원
5064,f000744,경포대,4.0,강원
5065,f000744,강릉 선교장,4.333333333333333,강원
5066,f000746,무진장,3.6666666666666665,경남
5067,f000747,육백마지기,5.0,강원
5068,f000747,계촌 클래식 공원,3.3333333333333335,강원
5069,f000748,중앙시장,5.0,경북
5070,f000749,다대포해수욕장,5.0,부산
5071,f000749,다대포 해변공원,5.0,부산
5072,f000749,해동용궁사,4.666666666666667,부산
5073,f000749,송정해수욕장,5.0,부산
5074,f000751,허브나라농원,4.0,강원
5075,f000754,개배 st 속초청년몰,4.333333333333333,강원
5076,f000754,조개탕 계곡,4.666666666666667,강원
5077,f000755,조개탕 계곡,3.6666666666666665,강원
5078,f000755,비밀의 정원,3.6666666666666665,강원
5079,f000755,용대리 황태축제,1.6666666666666667,강원
5080,f000755,델피노 오션 플레이,3.3333333333333335,강원
5081,f000757,합강정,4.0,강원
5082,f000757,조개탕 계곡,5.0,강원
5083,f000757,청초 호수공원,4.0,강원
5084,f000757,속초관광수산시장,4.0,강원
5085,f000761,구룡포 일본인 가옥거리,5.0,경북
5086,f000761,구룡포 과메기 문화관,5.0,경북
5087,f000761,구룡포해수욕장,5.0,경북
5088,f000761,호미곶 해맞이 광장,5.0,경북
5089,f000762,죽성 드림세트장,5.0,부산
5090,f000762,기장해녀촌 공영주차장,5.0,부산
5091,f000762,송정해수욕장,5.0,부산
5092,f000762,밀란 더 마켓,2.6666666666666665,부산
5093,f000762,해운대해수욕장,5.0,부산
5094,f000762,흰 여울 문화마을,2.6666666666666665,부산
5095,f000762,클럽 디 오아시스,1.6666666666666667,부산
5096,f000764,자갈치시장,5.0,부산
5097,f000764,태종대 다 노비 열차,1.0,부산
5098,f000764,송도 구름 산책로,4.0,부산
5099,f000764,광안리해수욕장,5.0,부산
5100,f000764,해운대 모래축제,2.0,부산
5101,f000764,수영만 요트경기장,4.0,부산
5102,f000769,낙산사,4.0,강원
5103,f000769,양양전통시장,2.0,강원
5104,f000769,낙산 해변,5.0,강원
5105,f000770,장미공원,4.333333333333333,경남
5106,f000770,롯데백화점 창원점,4.0,경남
5107,f000773,영일고,2.6666666666666665,경북
5108,f000773,포항 해상 스카이워크,3.6666666666666665,경북
5109,f000773,롯데백화점 포항점,4.0,경북
5110,f000776,대릉원,5.0,경북
5111,f000776,월정교,5.0,경북
5112,f000776,경주월드,5.0,경북
5113,f000776,동궁과 월지,5.0,경북
5114,f000778,원주 강원감영,5.0,강원
5115,f000779,국립경주박물관,3.3333333333333335,경북
5116,f000779,경주역사유적지구,5.0,경북
5117,f000779,월정교,4.333333333333333,경북
5118,f000779,황련단길,5.0,경북
5119,f000779,대릉원,3.0,경북
5120,f000783,무릉 별유천지,5.0,강원
5121,f000783,도째비골스카이밸리,4.666666666666667,강원
5122,f000783,강원종합 박물관,1.0,강원
5123,f000783,덕봉산 해안생태탐방로,5.0,강원
5124,f000783,초곡용굴촛대바위길,5.0,강원
5125,f000783,미인폭포,5.0,강원
5126,f000785,오죽헌,4.666666666666667,강원
5127,f000785,경포해수욕장,4.666666666666667,강원
5128,f000785,강릉 중앙시장,4.333333333333333,강원
5129,f000787,병방치 스카이워크,3.6666666666666665,강원
5130,f000788,직지사,4.333333333333333,경북
5131,f000788,새만금 종합수산시장,3.0,전북
5132,f000788,이성당 본점,4.0,전북
5133,f000789,삼천포 용궁 수산시장,5.0,
5134,f000789,별주부전테마파크,3.0,경남
5135,f000792,하동송림공원,4.666666666666667,경남
5136,f000792,쌍계사,5.0,경남
5137,f000792,최 참판 댁,3.0,경남
5138,f000792,동정호,3.6666666666666665,경남
5139,f000797,해운대해수욕장,5.0,부산
5140,f000797,신세계백화점 센텀시티점,4.0,부산
5141,f000798,용두산공원,3.3333333333333335,부산
5142,f000799,서호 시장,3.6666666666666665,경남
5143,f000799,통영시립 박물관,4.0,경남
5144,f000799,통영 삼도수군통제영,4.0,경남
5145,f000799,해저터널,3.0,경남
5146,f000799,충렬사,4.333333333333333,경남
5147,f000799,조선 군선,4.0,경남
5148,f000801,춘천 풍물시장,5.0,강원
5149,f000801,의암공원,5.0,강원
5150,f000802,조선해양문화관,3.0,경남
5151,f000802,통 연달아 공원 달에 전망대,4.0,경남
5152,f000802,조선 군선,5.0,경남
5153,f000802,충렬사,3.3333333333333335,경남
5154,f000802,통영 삼도수군통제영,5.0,경남
5155,f000805,대진 해변,4.0,
5156,f000805,화진포,5.0,강원
5157,f000806,속초관광수산시장,3.0,강원
5158,f000806,봉포 해변,4.333333333333333,강원
5159,f000807,해운대해수욕장,5.0,부산
5160,f000807,행리단길,3.6666666666666665,부산
5161,f000807,해운대 전통시장,3.6666666666666665,부산
5162,f000809,해운대해수욕장,5.0,부산
5163,f000809,라이언 홀리데이 인 부산,1.6666666666666667,부산
5164,f000809,F1963,3.6666666666666665,부산
5165,f000809,해운대해수욕장,5.0,부산
5166,f000809,광안리해수욕장,5.0,부산
5167,f000809,청사포 어항 북 방파제 등 대,5.0,부산
5168,f000809,황령산 전망쉼터,5.0,부산
5169,f000809,송정해수욕장,5.0,부산
5170,f000809,포셋 전포점,4.0,부산
5171,f000809,브래킷 테이블,5.0,부산
5172,f000809,광안리해수욕장,5.0,부산
5173,f000813,소금산 그랜드밸리,5.0,강원
5174,f000813,스톤 크릭,5.0,강원
5175,f000813,뮤지엄 산,5.0,강원
5176,f000815,대구약령시 한의약 박물관,2.6666666666666665,대구
5177,f000815,서문시장,3.3333333333333335,대구
5178,f000815,수성못,3.0,대구
5179,f000816,삼정 타워,5.0,부산
5180,f000816,해운대해수욕장,5.0,부산
5181,f000816,민락수변공원,5.0,부산
5182,f000816,광안리해수욕장,5.0,부산
5183,f000817,아야진해수욕장,5.0,강원
5184,f000817,속초해수욕장,5.0,강원
5185,f000818,밀양강,5.0,경남
5186,f000820,경주 양남 주상절리,5.0,경북
5187,f000820,경주 문무대왕릉,5.0,경북
5188,f000820,첨성대,5.0,경북
5189,f000820,불국사,5.0,경북
5190,f000820,국립경주박물관,5.0,경북
5191,f000820,국립경주박물관,5.0,경북
5192,f000820,대릉원,5.0,경북
5193,f000820,경주 중앙시장,3.6666666666666665,경북
5194,f000820,경주엑스포 대공원,5.0,경북
5195,f000822,망치몽돌해수욕장,5.0,경남
5196,f000822,조선해양문화관,5.0,경남
5197,f000822,근포 땅굴,5.0,경남
5198,f000822,외도 보타니아,3.6666666666666665,경남
5199,f000822,바람의 언덕,5.0,경남
5200,f000822,매미성,4.0,경남
5201,f000825,문경오미자 테마 터널,4.0,
5202,f000825,더베이 11,4.666666666666667,
5203,f000825,송정해수욕장,5.0,
5204,f000826,아야진해수욕장,4.0,강원
5205,f000826,속초 아이,4.0,강원
5206,f000826,외옹치 바다 향기로,3.3333333333333335,강원
5207,f000826,속초관광수산시장,4.0,강원
5208,f000826,속초관광수산시장,4.0,강원
5209,f000826,휴휴암,4.0,강원
5210,f000826,피노 디아 엑스포타워,3.3333333333333335,강원
5211,f000826,속초관광수산시장,4.0,강원
5212,f000828,영남루,5.0,경남
5213,f000832,보현사,3.6666666666666665,강원
5214,f000832,안목 해변,3.3333333333333335,강원
5215,f000832,경포호,4.333333333333333,강원
5216,f000832,경포호,4.333333333333333,강원
5217,f000832,대관령 양떼목장,3.6666666666666665,강원
5218,f000834,화명 장미공원,5.0,부산
5219,f000834,해운대 모래축제,5.0,부산
5220,f000834,신세계백화점 센텀시티점,5.0,부산
5221,f000839,사근 진해 중공원 전망대,3.6666666666666665,강원
5222,f000839,경포해수욕장,4.0,강원
5223,f000839,강릉 중앙시장,3.0,강원
5224,f000839,아르떼 뮤지엄 강릉,3.3333333333333335,강원
5225,f000842,국립김해 박물관,4.0,경남
5226,f000843,운문사,3.0,경북
5227,f000843,청도읍 선,4.333333333333333,경북
5228,f000843,주왕산,3.0,경북
5229,f000843,주산 저수지,4.333333333333333,경북
5230,f000845,이마트 속초점,4.0,강원
5231,f000845,속초관광수산시장,5.0,강원
5232,f000845,청초 호수공원,5.0,강원
5233,f000848,롯데 프리미엄 아웃렛 동부산점,3.0,부산
5234,f000848,이케아 동부산점,3.6666666666666665,부산
5235,f000849,소양강,2.6666666666666665,강원
5236,f000851,허난설헌 생가 터,5.0,강원
5237,f000851,경포해수욕장,4.0,강원
5238,f000851,강문해변,5.0,강원
5239,f000851,바람의 언덕,4.0,경남
5240,f000851,하평해변,4.0,강원
5241,f000851,고 불개 해 변,5.0,강원
5242,f000851,한 섬 해변,5.0,강원
5243,f000851,해파랑길 33코스,4.0,강원
5244,f000851,안목 해변,4.0,강원
5245,f000851,오죽헌,5.0,강원
5246,f000855,강문해변,4.0,강원
5247,f000855,주문진 수산시장,5.0,강원
5248,f000855,수긋해 변,3.3333333333333335,강원
5249,f000855,하조대 전망대,5.0,강원
5250,f000859,연화지,4.333333333333333,경북
5251,f000859,직지사,5.0,경북
5252,f000864,송정해수욕장,4.333333333333333,부산
5253,f000864,송정해수욕장,4.333333333333333,부산
5254,f000864,해운대해수욕장,4.0,부산
5255,f000864,송정해수욕장,4.0,부산
5256,f000867,수릉원,3.0,경남
5257,f000867,대성동 고분군,3.3333333333333335,경남
5258,f000873,화명 장미공원,3.3333333333333335,부산
5259,f000873,해동용궁사,4.0,부산
5260,f000874,남이섬,4.0,강원
5261,f000875,부산 시립 박물관,5.0,부산
5262,f000875,광안리해수욕장,5.0,부산
5263,f000875,부평 깡통시장,5.0,부산
5264,f000875,광안리해수욕장,5.0,부산
5265,f000876,도째비골스카이밸리,4.333333333333333,
5266,f000876,연필 뮤지엄,4.0,강원
5267,f000876,천곡 황금박쥐동굴,5.0,강원
5268,f000876,추암 촛대바위,4.666666666666667,강원
5269,f000876,한 섬 해변,5.0,강원
5270,f000876,무릉 계곡 관광지,5.0,강원
5271,f000876,무릉 별유천지,4.0,강원
5272,f000876,고 불개 해 변,5.0,강원
5273,f000876,묵호항 수산물 위판장,4.0,강원
5274,f000876,망상 해변,5.0,강원
5275,f000880,외도 보타니아,5.0,경남
5276,f000880,통영 활어시장,5.0,경남
5277,f000880,디피랑,5.0,경남
5278,f000880,매미성,5.0,경남
5279,f000881,한 섬 해변,4.666666666666667,강원
5280,f000881,가마솥 옛 강정,4.0,강원
5281,f000887,경포해수욕장,5.0,강원
5282,f000887,허균 허난설헌 기념관,5.0,강원
5283,f000887,낙산사,5.0,강원
5284,f000887,하조대,5.0,강원
5285,f000888,거제 식물원 정글돔,4.0,경남
5286,f000888,방파제,4.0,
5287,f000888,해금강 유람선,3.0,경남
5288,f000888,일운농협 하나로마트 본점,3.0,경남
5289,f000888,조선해양문화관,4.0,경남
5290,f000890,무진장,4.666666666666667,경남
5291,f000890,남해 독일마을,3.0,경남
5292,f000890,상주은모래비치,3.3333333333333335,경남
5293,f000893,드라마 도깨비 촬영지,4.0,
5294,f000893,BTS 버스정류장,4.0,강원
5295,f000893,주문진해변,5.0,강원
5296,f000893,강릉 중앙시장,5.0,강원
5297,f000893,강릉 월화 거리,5.0,강원
5298,f000893,하슬라아트월드,4.666666666666667,강원
5299,f000894,광안리해수욕장,4.666666666666667,부산
5300,f000894,광안 해변공원,2.6666666666666665,부산
5301,f000894,밀란 더 마켓,4.666666666666667,부산
5302,f000894,부평 깡통시장,4.333333333333333,부산
5303,f000896,스카이라인 루지 부산,5.0,부산
5304,f000896,청사포 어항 북 방파제 등 대,3.3333333333333335,부산
5305,f000896,왕매미 오락실,3.0,부산
5306,f000896,왕매미 오락실,3.0,부산
5307,f000897,대구 중구 골목투어 근대문화골목(2코스),2.3333333333333335,대구
5308,f000897,더 현대 대구,3.0,대구
5309,f000897,두류 공원,2.6666666666666665,대구
5310,f000900,낙산사 홍련암,4.666666666666667,강원
5311,f000900,롯데리조트 속초,4.0,강원
5312,f000900,외옹치 바다 향기로,5.0,강원
5313,f000900,속초 아이,4.333333333333333,강원
5314,f000900,속초해수욕장,4.333333333333333,강원
5315,f000903,김유정문학촌,5.0,
5316,f000903,강촌레일파크 김유정역,5.0,강원특별자치도
5317,f000903,소양강 스카이워크,5.0,강원특별자치도
5318,f000903,남이섬,3.0,강원특별자치도
5319,f000905,추암 촛대바위,3.6666666666666665,강원
5320,f000905,추암 촛대바위 출렁다리,4.0,강원
5321,f000905,묵호항 수변공원,2.6666666666666665,강원
5322,f000905,논골담길,5.0,강원
5323,f000905,하평해변,3.0,강원
5324,f000908,대릉원,4.0,경북
5325,f000912,델피노 오션 플레이,2.6666666666666665,강원
5326,f000912,속초농협 하나로마트 엑스포점,5.0,강원
5327,f000912,속초시립 박물관,5.0,강원
5328,f000912,속초관광수산시장,4.0,강원
5329,f000912,속초농협 하나로마트 엑스포점,5.0,강원
5330,f000913,석굴암,3.6666666666666665,경북
5331,f000913,불국사,4.333333333333333,경북
5332,f000913,황련단길,5.0,경북
5333,f000913,대릉원,2.3333333333333335,경북
5334,f000913,동궁과 월지,5.0,경북
5335,f000913,황련단길,5.0,경북
5336,f000913,첨성대,5.0,경북
5337,f000913,황련단길,5.0,경북
5338,f000914,진주성,4.0,경남
5339,f000916,환호공원 스페이스 워크,4.0,경북
5340,f000916,환호공원 포항시립미술관,3.0,경북
5341,f000916,강변체육공원,4.666666666666667,경북
5342,f000926,법흥사,5.0,강원
5343,f000928,신 전 뮤지엄,3.3333333333333335,대구
5344,f000928,국립대구 박물관,5.0,대구
5345,f000931,모산공원,3.0,경남
5346,f000931,김해 목재문화 박물관,3.3333333333333335,경남
5347,f000932,장호항,5.0,강원
5348,f000933,대구 삼성 라이온즈 파크,3.6666666666666665,대구
5349,f000933,DGB 대구은행 파크,5.0,대구
5350,f000933,신세계백화점 대구점,4.0,대구
5351,f000936,환호공원 포항시립미술관,5.0,경북
5352,f000936,강변체육공원,5.0,경북
5353,f000942,부산 현대미술관,5.0,부산광역시
5354,f000942,롯데 프리미엄 아웃렛 김해점,4.0,경남
5355,f000943,창원 진동리 유적,4.0,경남
5356,f000943,의림사,4.0,경남
5357,f000943,의림사,5.0,경남
5358,f000943,광암해수욕장,5.0,경남
5359,f000943,창원 진동리 유적,4.333333333333333,경남
5360,f000943,옥천사,5.0,경남
5361,f000943,진동 시장,3.0,경남
5362,f000944,서문시장,5.0,
5363,f000944,더 현대 대구,3.6666666666666665,대구
5364,f000944,청라언덕,4.0,대구
5365,f000945,영금정,3.0,강원
5366,f000945,속초해수욕장,3.3333333333333335,강원
5367,f000945,설악워터피아,5.0,강원
5368,f000947,속초관광수산시장,5.0,강원
5369,f000947,설악워터피아,4.0,강원
5370,f000947,낙산사,3.3333333333333335,강원
5371,f000951,무섬마을,5.0,경북
5372,f000953,신세계백화점 대구점,5.0,대구
5373,f000954,영화의 전당,5.0,부산
5374,f000956,구룡포 근대역사관,2.3333333333333335,경북
5375,f000956,구룡포 과메기 문화관,5.0,경북
5376,f000956,호미곶,3.3333333333333335,경북
5377,f000956,포항 운하,5.0,경북
5378,f000956,영일고,4.333333333333333,경북
5379,f000956,포항함체험관,5.0,경북
5380,f000956,포항 해상 스카이워크,5.0,경북
5381,f000958,롯데월드 어드벤처 부산,5.0,부산
5382,f000960,강릉 중앙시장,4.333333333333333,강원
5383,f000960,안목 해변,5.0,강원
5384,f000960,추암 촛대바위,5.0,강원
5385,f000960,도째비골해랑전망대,5.0,강원
5386,f000960,도째비골스카이밸리,5.0,강원
5387,f000960,무릉 계곡 관광지,5.0,강원
5388,f000963,수암 한 우야 시장,5.0,울산
5389,f000963,태화강 국가 정원,5.0,울산
5390,f000963,슬도,5.0,울산
5391,f000970,하동 케이블카,5.0,경남
5392,f000971,월포해수욕장,3.0,경북
5393,f000971,이가리 닻 전망대,3.6666666666666665,경북
5394,f000971,환호공원 스페이스 워크,3.0,경북
5395,f000971,환호공원 포항시립미술관,4.0,경북
5396,f000971,영일 대전 망대,4.0,경북
5397,f000971,죽도 시장,3.0,경북
5398,f000972,바다정원,4.666666666666667,강원
5399,f000972,영금정,5.0,강원
5400,f000972,속초해수욕장,5.0,강원
5401,f000972,속초해수욕장,5.0,강원
5402,f000972,속초관광수산시장,4.666666666666667,강원
5403,f000975,광안리해수욕장,5.0,부산
5404,f000975,민락수변공원,3.3333333333333335,부산
5405,f000975,롯데 프리미엄 아웃렛 동부산점,3.0,부산
5406,f000975,해동용궁사,4.333333333333333,부산
5407,f000976,국립 해양 박물관,5.0,부산
5408,f000976,부평 깡통시장,1.6666666666666667,부산
5409,f000976,국제시장,3.6666666666666665,부산
5410,f000976,부산 근현대 역사관 별관,4.0,부산
5411,f000977,런닝맨 강릉점,5.0,
5412,f000977,원더 스카이,5.0,강원
5413,f000981,국립 해양과학관,5.0,경북
5414,f000994,묵호등대,4.0,강원
5415,f000994,논골 카페,5.0,강원
5416,f000994,도째비골해랑전망대,5.0,강원
5417,f000994,모래시계공원,5.0,강원
5418,f000994,속초관광수산시장,3.0,강원
5419,f000994,영금정,5.0,강원
5420,f000994,델피노 오션 플레이,5.0,강원
5421,f000995,석굴암,5.0,경북
5422,f000995,월정교,5.0,경북
5423,f000995,히어로 플레이파크 경주 본점,5.0,경북
5424,f000997,진주성,5.0,경남
5425,f000998,영랑호,4.0,강원
5426,f000998,중앙시장 입구 삼거리,4.0,강원
5427,f000998,중앙시장 입구 삼거리,4.0,강원
5428,f000998,주문진해변,4.0,강원
5429,f000998,장호해변,4.0,강원
5430,f001000,속초해수욕장,5.0,강원
5431,f001000,영금정,5.0,강원
5432,f001000,동명항,3.0,강원
5433,f001000,영랑 호수공원,5.0,강원
5434,f001000,속초관광수산시장,5.0,강원
5435,f001004,경포해수욕장,5.0,강원
5436,f001004,아르떼 뮤지엄 강릉,5.0,강원
5437,f001004,안목 해변,5.0,강원
5438,f001004,정동진 레일바이크,4.0,강원
5439,f001004,강릉 중앙시장,3.6666666666666665,강원
5440,f001004,오죽헌,5.0,강원
5441,f001004,안목 해변,5.0,강원
5442,f001004,낙산사,5.0,강원
5443,f001004,양양농협 하나로마트 본점,5.0,강원
5444,f001011,주왕산국립공원,5.0,경북
5445,f001011,소노벨 청송 솔샘 온천,5.0,경북
5446,f001011,주산 저수지,4.0,경북
5447,f001011,고래불해수욕장,5.0,경북
5448,f001011,영덕해맞이공원,3.3333333333333335,경북
5449,f001012,통도사,5.0,경남
5450,f001012,황산공원,4.333333333333333,경남
5451,f001013,악양 독방,4.0,경남
5452,f001013,함안 연꽃테마파크,2.0,경남
5453,f001015,죽도공원,5.0,
5454,f001015,광안리해수욕장,5.0,부산
5455,f001015,광안리해수욕장,5.0,부산
5456,f001015,민락수변공원,2.6666666666666665,부산
5457,f001015,밀란 더 마켓,2.3333333333333335,부산
5458,f001015,해운대 전통시장,4.0,부산
5459,f001015,해운대해수욕장,3.3333333333333335,부산
5460,f001015,NC백화점 해운대점,3.0,부산
5461,f001019,군파 클루지,4.0,경북
5462,f001019,청도 소싸움 미디어 체험관,3.0,경북
5463,f001020,홍천강,5.0,강원
5464,f001024,오죽헌,5.0,강원
5465,f001024,강문해변,5.0,강원
5466,f001024,강릉 중앙시장,5.0,강원
5467,f001024,경포호,4.0,강원
5468,f001024,주문진해변,4.0,강원
5469,f001024,정동 심곡 바다부채길,5.0,강원
5470,f001024,경포해수욕장,4.0,강원
5471,f001027,운대리 자작나무 숲,5.0,강원
5472,f001028,대구 삼성 라이온즈 파크,5.0,대구
5473,f001028,서문시장,5.0,대구
5474,f001028,수성못,5.0,대구
5475,f001031,해운대 블루라인파크 청사포 정거장,5.0,부산
5476,f001031,주전몽돌해변,5.0,울산
5477,f001033,석굴암,3.0,경북
5478,f001033,불국사,3.3333333333333335,경북
5479,f001033,황련단길,5.0,경북
5480,f001033,동궁과 월지 연꽃 단지,5.0,경북
5481,f001033,송대말 등대,5.0,경북
5482,f001033,전촌용 굴,4.333333333333333,경북
5483,f001033,경주월드,5.0,경북
5484,f001037,낙산 해변,4.333333333333333,강원
5485,f001037,청초 호수공원,4.333333333333333,강원
5486,f001037,통일전망대,3.0,강원
5487,f001037,대진항 수산시장,4.333333333333333,강원
5488,f001038,인필드,4.0,강원
5489,f001038,춘천 꿈 자람 어린이공원,4.333333333333333,강원
5490,f001043,흰 여울 문화마을,2.3333333333333335,부산
5491,f001043,부평 깡통시장,2.3333333333333335,부산
5492,f001043,밀란 더 마켓,2.3333333333333335,부산
5493,f001043,광안리해수욕장,3.0,부산
5494,f001043,해운대해수욕장,3.0,부산
5495,f001043,해운대 블루라인파크 미포 정거장,3.0,부산
5496,f001043,해운대 블루라인파크 청사포 정거장,4.0,부산
5497,f001045,소수서원,5.0,경북
5498,f001045,부석사,5.0,경북
5499,f001045,무섬마을,5.0,경북
5500,f001045,삼판 세고 택,5.0,경북
5501,f001047,사곡해수욕장,5.0,경남
5502,f001047,거제 숲소리 공원,5.0,경남
5503,f001047,구조라해수욕장,5.0,경남
5504,f001048,태화강 국가 정원,5.0,울산
5505,f001048,태화강 국가 정원,3.6666666666666665,울산
5506,f001048,태화강 국가정원 십리대숲,4.333333333333333,울산
5507,f001050,논골담길,5.0,강원
5508,f001050,도째비골스카이밸리,4.0,강원
5509,f001050,연필 뮤지엄,4.333333333333333,강원
5510,f001050,경포해수욕장,5.0,강원
5511,f001050,허균 허난설헌 기념관,5.0,강원
5512,f001050,경포 호수광장,5.0,강원
5513,f001050,경포해수욕장,5.0,강원
5514,f001050,안목 해변,4.0,강원
5515,f001050,고래 책방,5.0,강원
5516,f001050,강릉 중앙시장,4.0,강원
5517,f001051,중앙 활어시장,4.666666666666667,경남
5518,f001051,강구안,5.0,경남
5519,f001051,통 연달아 공원,5.0,경남
5520,f001058,흰 여울 문화마을,5.0,부산
5521,f001058,중리 노을 전망대,5.0,부산
5522,f001058,용두산공원,5.0,부산
5523,f001058,부평 깡통시장,5.0,부산
5524,f001058,자갈치시장,5.0,부산
5525,f001058,부산역,5.0,부산
5526,f001061,남해 독일마을,4.0,경남
5527,f001061,고성공룡 박물관,4.333333333333333,경남
5528,f001070,상주은모래비치,5.0,경남
5529,f001070,남해 독일마을,3.3333333333333335,경남
5530,f001071,용평 터널,3.3333333333333335,경남
5531,f001071,장미공원,4.0,경남
5532,f001071,영남루,4.0,경남
5533,f001071,밀양강 둔치,4.0,경남
5534,f001072,만휴정,5.0,경북
5535,f001072,도산서원,5.0,경북
5536,f001075,송정해수욕장,3.6666666666666665,부산
5537,f001077,홈플러스 삼척점,3.6666666666666665,강원
5538,f001077,죽서루,5.0,강원
5539,f001078,국립 해양 박물관,4.0,부산
5540,f001078,태종대유원지,4.0,부산
5541,f001078,해운대 모래축제,3.3333333333333335,부산
5542,f001078,해운대 전통시장,3.6666666666666665,부산
5543,f001078,해운대 모래축제,3.6666666666666665,부산
5544,f001078,보수동 책방 골목,3.3333333333333335,부산
5545,f001078,광복로 패션거리,4.0,부산
5546,f001082,비진도,5.0,경남
5547,f001082,비진도해수욕장,5.0,경남
5548,f001082,스카이라인 루지 통영,5.0,경남
5549,f001083,기장해녀촌 공영주차장,4.0,부산
5550,f001083,밀란 더 마켓,5.0,부산
5551,f001083,라이언 홀리데이 인 부산,2.6666666666666665,부산
5552,f001083,해운대해수욕장,5.0,부산
5553,f001083,해운대해수욕장,5.0,부산
5554,f001083,해동용궁사,5.0,부산
5555,f001093,이순신공원,5.0,경남
5556,f001093,동피랑 벽화마을,5.0,경남
5557,f001097,밀란 더 마켓,1.0,부산
5558,f001097,밀란 더 마켓,4.666666666666667,부산
5559,f001097,신세계백화점 센텀시티점,4.0,부산
5560,f001098,아들바위공원,3.6666666666666665,강원
5561,f001098,경포해수욕장,4.0,강원
5562,f001098,모래시계공원,4.333333333333333,강원
5563,f001098,강릉 솔 향 수목원,5.0,강원
5564,f001099,강릉 중앙시장,4.666666666666667,강원
5565,f001099,경포해수욕장,5.0,강원
5566,f001099,강문해변,5.0,강원
5567,f001099,경포호,5.0,강원
5568,f001099,강문해변,5.0,강원
5569,f001099,도째비골스카이밸리,2.6666666666666665,강원
5570,f001099,도째비골해랑전망대,2.6666666666666665,강원
5571,f001099,한 섬 해변,2.0,강원
5572,f001099,경포해수욕장,5.0,강원
5573,f001099,경포해수욕장,5.0,강원
5574,f001099,허균 허난설헌 기념관,5.0,강원
5575,f001099,경포호,5.0,강원
5576,f001099,안목 해변,4.666666666666667,강원
5577,f001099,강문해변,5.0,강원
5578,f001100,월송정,4.333333333333333,경북
5579,f001101,구룡포 일본인 가옥거리,5.0,경북
5580,f001101,영일대해수욕장,4.333333333333333,경북
5581,f001101,죽도 시장,4.666666666666667,경북
5582,f001101,수영만 요트경기장,5.0,부산
5583,f001101,하동송림공원,5.0,경남
5584,f001101,동정호,4.666666666666667,경남
5585,f001101,송호해수욕장,5.0,전남
5586,f001101,우수영 국민관광지,5.0,전남
5587,f001104,이가리 닻 전망대,3.0,경북
5588,f001104,사방기념공원,3.0,경북
5589,f001104,포항 해상 스카이워크,3.0,경북
5590,f001104,환호공원 스페이스 워크,4.0,경북
5591,f001104,영일 대전 망대,3.3333333333333335,경북
5592,f001104,상생의 손,4.0,경북
5593,f001104,경주월드,5.0,경북
5594,f001104,황련단길,2.6666666666666665,경북
5595,f001104,대릉원,3.6666666666666665,경북
5596,f001104,영일대해수욕장,3.0,경북
5597,f001108,횡성 전통시장,3.6666666666666665,강원
5598,f001108,횡성 루지 체험장,5.0,강원
5599,f001109,황련단길,3.0,경북
5600,f001109,첨성대,5.0,경북
5601,f001109,대릉원 돌담길,4.0,경북
5602,f001109,황남동 고분군,4.666666666666667,경북
5603,f001109,대릉원,5.0,경북
5604,f001109,불국사,5.0,경북
5605,f001109,송대말 등대,5.0,경북
5606,f001109,경주 양남 주상절리,4.666666666666667,경북
5607,f001110,추암해변,4.666666666666667,강원
5608,f001110,추암 촛대바위 출렁다리,5.0,강원
5609,f001110,삼척 장밋공원,5.0,강원
5610,f001110,삼척 중앙시장,5.0,강원
5611,f001110,죽서루,4.0,강원
5612,f001110,덕봉산 해안생태탐방로,5.0,강원
5613,f001114,무진장,1.0,경남
5614,f001120,배달 성전 삼성궁,3.6666666666666665,경남
5615,f001120,화개 장터,2.3333333333333335,경남
5616,f001120,동정호,2.6666666666666665,경남
5617,f001125,도구해수욕장,2.6666666666666665,경북
5618,f001125,영일고,3.3333333333333335,경북
5619,f001129,강릉 중앙시장,3.3333333333333335,강원
5620,f001129,송정해변,5.0,강원
5621,f001129,송정해변,5.0,강원
5622,f001129,강문해변,5.0,강원
5623,f001129,오죽헌,5.0,강원
5624,f001129,강릉 중앙시장,4.0,강원
5625,f001130,국제시장,5.0,부산
5626,f001133,뮤지엄 산,5.0,강원
5627,f001136,망상 해변,4.0,강원
5628,f001137,광안리해수욕장,5.0,부산
5629,f001137,밀란 더 마켓,4.0,부산
5630,f001137,밀란 더 마켓,5.0,부산
5631,f001137,밀란 더 마켓,5.0,부산
5632,f001137,롯데백화점 광복점,5.0,부산
5633,f001140,대가야박물관,4.0,경북
5634,f001140,대가야역사 테마관광지,3.0,경북
5635,f001141,오죽헌,5.0,강원
5636,f001146,주문진 방사제,2.3333333333333335,강원
5637,f001146,휴휴암,2.6666666666666665,강원
5638,f001161,무섬마을,4.666666666666667,경북
5639,f001161,부석사,5.0,충남
5640,f001162,보문호,4.333333333333333,경북
5641,f001162,국립경주박물관,4.0,경북
5642,f001165,해동용궁사,5.0,부산
5643,f001165,스카이라인 루지 부산,5.0,부산
5644,f001165,광안리해수욕장,5.0,부산
5645,f001168,롯데월드 어드벤처 부산,2.0,부산
5646,f001168,롯데백화점 광복점,4.0,부산
5647,f001170,젊은 달 와이 파크,5.0,강원특별자치도
5648,f001170,한반도 농협 본점,3.0,강원특별자치도
5649,f001173,불국사,4.0,경북
5650,f001173,우량 미술관,4.0,경북
5651,f001178,강릉 중앙시장,3.3333333333333335,강원
5652,f001178,강릉 월화 거리,4.333333333333333,강원
5653,f001178,강문해변,4.666666666666667,강원
5654,f001178,아르떼 뮤지엄 강릉,3.3333333333333335,강원
5655,f001179,롯데백화점 광복점,3.0,부산
5656,f001179,용두산공원,3.3333333333333335,부산
5657,f001179,BIFF 광장,3.0,부산
5658,f001179,송도해수욕장,3.0,부산
5659,f001179,송도해수욕장,3.0,부산
5660,f001179,흰 여울 문화마을,3.0,부산
5661,f001179,흰 여울 해안 터널,3.0,부산
5662,f001179,중리 노을 전망대,3.0,부산
5663,f001179,송정해수욕장,4.0,부산
5664,f001179,죽도공원,3.0,부산
5665,f001179,해동용궁사,5.0,부산
5666,f001179,청사포 다릿돌 전망대,3.0,부산
5667,f001179,해운대 달맞이 길,4.0,부산
5668,f001179,부평 깡통시장,4.666666666666667,부산
5669,f001180,경주세계 자동차 박물관,3.0,경북
5670,f001180,MCY PARK,3.6666666666666665,경북
5671,f001180,월포해수욕장,5.0,경북
5672,f001180,구룡포 일본인 가옥거리,5.0,경북
5673,f001185,송지호해수욕장,5.0,강원
5674,f001185,금강산 화암사,4.333333333333333,강원
5675,f001185,아야진해수욕장,5.0,강원
5676,f001186,감천문화마을,3.6666666666666665,부산
5677,f001187,해운대해수욕장,5.0,부산
5678,f001187,수영만 요트경기장,5.0,부산
5679,f001187,흰 여울 문화마을,3.3333333333333335,부산
5680,f001187,불국사,4.0,경북
5681,f001187,경주 양남 주상절리,5.0,경북
5682,f001187,첨성대,5.0,경북
5683,f001187,대릉원,4.0,경북
5684,f001187,월정교,5.0,경북
5685,f001187,동궁과 월지,5.0,경북
5686,f001189,삼척 장밋공원,4.0,강원특별자치도
5687,f001189,쏠비치 삼척 오션 플레이,4.0,강원특별자치도
5688,f001189,아야진해수욕장,5.0,강원특별자치도
5689,f001189,속초관광수산시장,5.0,강원특별자치도
5690,f001192,통영 케이블카,3.3333333333333335,
5691,f001192,디피랑,3.3333333333333335,경남
5692,f001192,감천문화마을,3.3333333333333335,부산
5693,f001196,김유정역 (폐역),5.0,강원
5694,f001198,청령포,4.666666666666667,강원
5695,f001198,영월 관광센터,4.333333333333333,강원
5696,f001202,속초해수욕장,4.0,강원
5697,f001202,속초관광수산시장,4.0,강원
5698,f001202,안목 해변,4.0,강원
5699,f001202,인구해변,3.6666666666666665,강원
5700,f001203,황산공원,5.0,경남
5701,f001204,무진장,1.0,경남
5702,f001205,구룡포 일본인 가옥거리,4.333333333333333,경북
5703,f001205,영일고,5.0,경북
5704,f001205,영일대해수욕장,5.0,경북
5705,f001205,환호공원 스페이스 워크,5.0,경북
5706,f001208,신세계백화점 센텀시티점,5.0,부산
5707,f001208,더베이 11,4.0,부산
5708,f001208,이케아 동부산점,5.0,부산
5709,f001208,신세계 프리미엄 아웃렛 부산,5.0,부산
5710,f001212,속초관광수산시장,3.6666666666666665,강원
5711,f001216,의병 박물관,5.0,경남
5712,f001219,경주 대릉원 일원 노서동 고분군,3.0,경북
5713,f001219,경주역사유적지구,4.0,경북
5714,f001224,낙산사,5.0,강원
5715,f001224,영랑호,4.0,강원
5716,f001224,영금정,4.0,강원
5717,f001224,속초관광수산시장,3.3333333333333335,강원
5718,f001224,속초해수욕장,4.0,강원
5719,f001224,속초해수욕장,3.3333333333333335,강원
5720,f001224,외옹치 바다 향기로,4.333333333333333,강원
5721,f001224,안목 해변,4.333333333333333,강원
5722,f001224,송정해변,3.3333333333333335,강원
5723,f001224,강문해변,3.0,강원
5724,f001224,논골담길,3.0,강원
5725,f001224,어달해변,3.3333333333333335,강원
5726,f001224,해파랑길 33코스,3.6666666666666665,강원
5727,f001224,한 섬 해변,3.3333333333333335,강원
5728,f001224,해파랑길 33코스,3.0,강원
5729,f001235,안동 하회마을,4.666666666666667,경북
5730,f001235,부용대,4.666666666666667,경북
5731,f001235,낙강 물길 공원,3.6666666666666665,경북
5732,f001235,월영교,5.0,경북
5733,f001237,서문시장,5.0,대구
5734,f001237,동화사,4.0,대구
5735,f001237,팔공산 케이블카,5.0,대구
5736,f001238,남해 독일마을,5.0,경남
5737,f001238,다랭이마을,3.0,
5738,f001240,오어사,3.6666666666666665,경북
5739,f001240,연오랑세오녀 테마공원,4.0,경북
5740,f001243,당항포관광지,4.0,경남
5741,f001243,광암해수욕장,3.0,경남
5742,f001244,호미곶,4.0,경북
5743,f001244,송대말 등대,5.0,경북
5744,f001244,동궁과 월지,5.0,경북
5745,f001244,황련단길,4.666666666666667,경북
5746,f001244,불국사,5.0,경북
5747,f001246,광안리해수욕장,4.0,부산
5748,f001246,부산요트투어 위드 요트,5.0,부산
5749,f001246,광안리해수욕장,4.0,부산
5750,f001246,이케아 동부산점,5.0,부산
5751,f001246,롯데 프리미엄 아웃렛 동부산점,5.0,부산
5752,f001246,행리단길,5.0,부산
5753,f001251,함안박물관,5.0,경남
5754,f001252,동쪽 바다 중앙시장,5.0,강원
5755,f001252,망상 해변,5.0,강원
5756,f001253,분황사,4.0,경북
5757,f001253,첨성대,4.0,경북
5758,f001253,대릉원,4.0,경북
5759,f001253,국립경주박물관,3.6666666666666665,경북
5760,f001253,동궁과 월지,4.333333333333333,경북
5761,f001253,NC백화점 해운대점,4.666666666666667,부산광역시
5762,f001253,롯데 프리미엄 아웃렛 동부산점,4.0,부산
5763,f001255,해운대 모래축제,4.333333333333333,부산
5764,f001255,더베이 11,5.0,부산
5765,f001255,더베이 11,5.0,부산
5766,f001255,광안 해변공원,2.3333333333333335,부산
5767,f001255,밀란 더 마켓,5.0,부산
5768,f001255,자갈치시장,1.3333333333333333,부산
5769,f001255,삼정 타워,4.333333333333333,부산
5770,f001256,비치조각 공원,3.3333333333333335,강원
5771,f001256,덕봉산 해안생태탐방로,5.0,강원
5772,f001256,속초 아이,4.0,강원
5773,f001256,이마트 속초점,4.0,강원
5774,f001257,부산 현대미술관,5.0,부산
5775,f001257,광안리해수욕장,3.3333333333333335,부산
5776,f001257,부산 시민공원,5.0,부산
5777,f001258,악양 생태공원,2.6666666666666665,경남
5778,f001258,무진장,1.0,경남
5779,f001259,MCY PARK,5.0,경북
5780,f001259,경주 보문관광단지,4.0,경북
5781,f001264,자갈치시장,2.6666666666666665,부산
5782,f001264,해운대해수욕장,4.0,부산
5783,f001264,아홉 살 숲,1.3333333333333333,부산
5784,f001266,초곡용굴촛대바위길,5.0,강원
5785,f001266,삼척 장밋공원,4.0,강원
5786,f001266,성류굴,5.0,경북
5787,f001266,등 계산 스카이워크,5.0,경북
5788,f001266,고래불해수욕장,4.0,경북
5789,f001266,구룡포 일본인 가옥거리,3.0,경북
5790,f001266,호미곶,5.0,경북
5791,f001266,송정해수욕장,4.0,부산
5792,f001266,해금강 유람선,5.0,경남
5793,f001266,학동 흑진주 몽돌해변,5.0,경남
5794,f001268,흰 여울 문화마을,4.0,부산
5795,f001268,태종대유원지,5.0,부산
5796,f001268,오륙도 스카이워크,5.0,부산
5797,f001268,송도 구름 산책로,5.0,부산
5798,f001268,부평 깡통시장,4.0,부산
5799,f001268,BIFF 광장,3.0,부산
5800,f001268,국제시장,3.0,부산
5801,f001268,아홉 살 숲,5.0,부산
5802,f001268,해동용궁사,3.0,부산
5803,f001268,광안리해수욕장,5.0,부산
5804,f001268,동백 섬,4.0,부산
5805,f001268,해운대해수욕장,4.0,부산
5806,f001268,초량 차이나타운,3.0,부산
5807,f001268,송림공원,4.0,부산
5808,f001271,광안리해수욕장,5.0,부산
5809,f001273,해동용궁사,4.666666666666667,부산
5810,f001273,동백 섬,4.0,부산
5811,f001273,자갈치시장,3.3333333333333335,부산
5812,f001273,BIFF 광장,5.0,부산
5813,f001273,국제시장,5.0,부산
5814,f001273,태종대유원지,4.0,부산
5815,f001273,송도 용궁 구름다리,5.0,부산
5816,f001273,오륙도 스카이워크,5.0,부산
5817,f001279,능가사,4.0,경남
5818,f001279,무진장,2.6666666666666665,경남
5819,f001279,해맞이공원,5.0,경남
5820,f001279,상족암 군립 공원,5.0,경남
5821,f001279,녹동바다불꽃축제,5.0,전남
5822,f001281,법기 수원지,5.0,경남
5823,f001282,해운대해수욕장,3.3333333333333335,부산
5824,f001282,광안리해수욕장,5.0,부산
5825,f001282,영화의 전당,3.6666666666666665,부산
5826,f001282,신세계 프리미엄 아웃렛 부산,5.0,부산
5827,f001282,롯데 프리미엄 아웃렛 동부산점,5.0,부산
5828,f001294,태종대 다 노비 열차,4.333333333333333,부산
5829,f001294,국립 해양 박물관,3.6666666666666665,부산
5830,f001294,국제시장,4.0,부산
5831,f001294,광안리해수욕장,5.0,부산
5832,f001294,이케아 동부산점,4.0,부산
5833,f001294,롯데 프리미엄 아웃렛 동부산점,3.0,부산
5834,f001296,석굴암,4.0,경북
5835,f001296,불국사,3.6666666666666665,경북
5836,f001296,국립경주박물관,4.666666666666667,경북
5837,f001296,첨성대,4.666666666666667,경북
5838,f001296,황련단길,4.666666666666667,경북
5839,f001296,황련단길,5.0,경북
5840,f001296,동궁과 월지,5.0,경북
5841,f001296,월정교,5.0,경북
5842,f001296,황련단길,5.0,경북
5843,f001308,비발디파크 루지 월드,5.0,강원
5844,f001312,참소리축음기 박물관,3.0,강원
5845,f001312,중앙시장 제3공영주차장,1.3333333333333333,강원
5846,f001312,정동진 해변,3.0,강원
5847,f001312,무릉 별유천지,3.3333333333333335,강원
5848,f001312,촛대바위,3.6666666666666665,
5849,f001315,나 정고운 모래해변,3.0,경북
5850,f001315,경상북도 산림환경연구원,2.0,경북
5851,f001317,경주 동궁원,2.3333333333333335,경북
5852,f001319,레고랜드 코리아리조트,4.0,강원
5853,f001319,남이섬,4.666666666666667,강원
5854,f001324,삼척 중앙시장,5.0,강원
5855,f001324,미인폭포,5.0,강원
5856,f001324,삼척해변,5.0,강원
5857,f001324,장호항,1.0,강원
5858,f001324,추암해변,5.0,강원
5859,f001324,삼척 중앙시장,3.3333333333333335,강원
5860,f001324,삼척해변,5.0,강원
5861,f001327,강변체육공원,5.0,경북
5862,f001327,구룡포 일본인 가옥거리,4.0,경북
5863,f001327,상생의 손,4.0,경북
5864,f001328,연돌 커피,5.0,경남
5865,f001328,죽림해수욕장,5.0,경남
5866,f001328,죽림해수욕장,5.0,경남
5867,f001331,영월 서부시장,4.666666666666667,강원
5868,f001331,영월 서부시장,5.0,강원
5869,f001331,한반도 뗏목마을,5.0,강원특별자치도
5870,f001331,영월 관광센터,5.0,강원
5871,f001331,태화산 고씨동굴,5.0,강원
5872,f001333,경포호,5.0,강원
5873,f001333,아들바위공원,5.0,강원
5874,f001333,주문진해변,5.0,강원
5875,f001333,강릉 중앙시장,5.0,강원
5876,f001335,정선아리랑 시장,4.0,강원
5877,f001335,하이원 워터월드,5.0,강원
5878,f001338,아르떼 뮤지엄 강릉,4.0,강원
5879,f001338,아르떼 뮤지엄 강릉,4.333333333333333,강원
5880,f001338,허균 허난설헌 기념관,3.3333333333333335,강원
5881,f001338,경포호,3.6666666666666665,강원
5882,f001338,하슬라아트월드,3.6666666666666665,강원
5883,f001338,강문해변,3.3333333333333335,강원
5884,f001338,강릉 월화 거리,3.3333333333333335,강원
5885,f001350,곰배령,5.0,강원
5886,f001350,토성농협 하나로마트 본점,5.0,강원
5887,f001350,운대리 자작나무 숲,5.0,강원
5888,f001355,죽도 시장,5.0,경북
5889,f001355,형산강,5.0,경북
5890,f001355,호미곶,5.0,경북
5891,f001356,홈플러스 마산점,5.0,경남
5892,f001356,창원 NC 파크,4.666666666666667,경남
5893,f001357,안목 해변,5.0,강원
5894,f001357,오죽헌,4.0,강원
5895,f001357,경포가 지연 습지,5.0,강원
5896,f001357,허균 허난설헌 기념관,5.0,강원
5897,f001357,강문해변,5.0,강원
5898,f001364,영랑호,3.6666666666666665,강원
5899,f001364,속초관광수산시장,3.3333333333333335,강원
5900,f001364,설악워터피아,4.0,강원
5901,f001364,설악워터피아,3.3333333333333335,강원
5902,f001365,대장경테마파크,5.0,경남
5903,f001372,해운대해수욕장,5.0,부산
5904,f001373,부산 시립미술관,5.0,부산
5905,f001373,죽성 드림세트장,5.0,부산
5906,f001373,롯데 프리미엄 아웃렛 동부산점,5.0,부산
5907,f001374,소금산 그랜드밸리,4.333333333333333,강원
5908,f001374,뮤지엄 산,3.6666666666666665,강원
5909,f001379,카페 감자밭 본점,4.0,강원
5910,f001379,레고랜드 코리아리조트,5.0,강원
5911,f001381,삼성궁,4.333333333333333,경남
5912,f001381,화개 장터,3.0,경남
5913,f001384,롯데월드 어드벤처 부산,4.0,부산
5914,f001384,해운대해수욕장,5.0,부산
5915,f001384,흰 여울 문화마을,5.0,부산
5916,f001385,주문진 수산시장,5.0,
5917,f001385,영진해변,3.0,강원
5918,f001385,삼척해변,5.0,강원
5919,f001385,홈플러스 삼척점,5.0,강원
5920,f001385,비치조각 공원,5.0,강원
5921,f001393,죽도해변,3.3333333333333335,강원
5922,f001393,이스트사이드,3.0,강원
5923,f001393,이스트사이드,4.0,강원
5924,f001400,대릉원,5.0,경북
5925,f001400,첨성대,5.0,경북
5926,f001400,황련단길,5.0,경북
5927,f001400,경주 중앙시장,4.666666666666667,경북
5928,f001400,대릉원,5.0,경북
5929,f001400,불국사,5.0,경북
5930,f001400,국립경주박물관,5.0,경북
5931,f001400,월정교,5.0,경북
5932,f001400,동궁과 월지,5.0,경북
5933,f001402,흰 여울 문화마을,2.0,부산
5934,f001402,행리단길,4.333333333333333,
5935,f001402,광안리해수욕장,5.0,부산
5936,f001402,민락수변공원,3.6666666666666665,부산
5937,f001402,광안리해수욕장,4.666666666666667,부산
5938,f001405,속초관광수산시장,4.0,강원특별자치도
5939,f001405,영랑호,5.0,강원특별자치도
5940,f001406,행리단길,3.0,부산
5941,f001406,해운대해수욕장,4.0,부산
5942,f001406,해동용궁사,4.666666666666667,부산
5943,f001406,민락 회 타운 시장,3.6666666666666665,부산
5944,f001406,광안리해수욕장,3.6666666666666665,부산
5945,f001406,광안리해수욕장,3.6666666666666665,부산
5946,f001406,흰 여울 문화마을,3.6666666666666665,부산
5947,f001410,무릉 계곡 관광지,4.333333333333333,강원
5948,f001410,추암해변,5.0,강원
5949,f001410,천곡 황금박쥐동굴,4.0,강원
5950,f001410,오죽헌,5.0,강원
5951,f001413,강릉 중앙시장,5.0,강원
5952,f001413,사근 긴 해변,4.0,강원
5953,f001413,강릉 중앙시장,4.0,강원
5954,f001414,삼광사,4.0,부산
5955,f001414,전포 카페거리,2.6666666666666665,부산
5956,f001414,밀란 더 마켓,3.6666666666666665,부산
5957,f001414,광안리해수욕장,4.0,부산
5958,f001418,남해 독일마을,3.3333333333333335,경남
5959,f001418,상주은모래비치,3.3333333333333335,경남
5960,f001418,다랭이마을,3.3333333333333335,경남
5961,f001419,태종대유원지,5.0,부산
5962,f001419,영도대교,5.0,부산
5963,f001419,국제시장,4.333333333333333,부산
5964,f001419,해운대해수욕장,5.0,부산
5965,f001419,용두산공원,4.0,부산
5966,f001423,뮤지엄 산,5.0,강원
5967,f001424,송도 해상 케이블카 송도 베이 스테이션,3.3333333333333335,부산
5968,f001426,문경 생태 미로공원,5.0,경북
5969,f001426,문경새재도립공원,5.0,경북
5970,f001426,문경오미자 테마 터널,1.6666666666666667,경북
5971,f001430,부평 깡통시장,4.0,부산
5972,f001430,흰 여울 문화마을,4.0,부산
5973,f001430,광안리해수욕장,4.0,부산
5974,f001430,스카이라인 루지 부산,4.0,부산
5975,f001430,수영만 요트경기장,5.0,부산
5976,f001430,해운대해수욕장,5.0,부산
5977,f001433,밀양강,4.0,경남
5978,f001438,한 섬 해변,5.0,강원
5979,f001438,해파랑길 33코스,5.0,강원
5980,f001438,어달해변,3.3333333333333335,강원
5981,f001438,연필 뮤지엄,3.6666666666666665,강원
5982,f001438,논골담길,5.0,강원
5983,f001438,바람의 언덕,5.0,강원특별자치도
5984,f001438,망상 해변,5.0,강원특별자치도
5985,f001438,무릉 별유천지,3.3333333333333335,강원특별자치도
5986,f001443,거제 식물원 정글돔,4.0,경남
5987,f001443,거제 숲소리 공원,3.0,경남
5988,f001443,근포 땅굴,4.0,경남
5989,f001443,외도 보타니아,4.0,경남
5990,f001443,매미성,4.0,경남
5991,f001444,피닉스 평창 블루캐니언,4.0,강원
5992,f001445,휴휴암,3.3333333333333335,강원
5993,f001445,죽도해변,5.0,강원
5994,f001461,소양강댐 정상 주차장,4.666666666666667,강원
5995,f001462,불국사,4.0,경북
5996,f001462,석굴암,4.0,경북
5997,f001462,국립경주박물관,4.666666666666667,경상북도
5998,f001462,동궁과 월지,3.3333333333333335,경북
5999,f001462,경주역사유적지구,4.0,경북
6000,f001463,국제시장,2.6666666666666665,부산
6001,f001463,자갈치시장,2.3333333333333335,부산
6002,f001463,흰 여울 문화마을,5.0,부산
6003,f001463,흰 여울 해안 터널,4.0,부산
6004,f001463,태종대 다 노비 열차,4.0,부산
6005,f001463,해운대 모래축제,5.0,부산
6006,f001463,해운대해수욕장,5.0,부산
6007,f001464,대릉원,5.0,경북
6008,f001464,불국사,4.0,경북
6009,f001468,해운대해수욕장,4.0,부산
6010,f001468,해운대해수욕장,4.0,부산
6011,f001468,광안리해수욕장,5.0,부산
6012,f001468,광안리해수욕장,4.0,부산
6013,f001468,민락수변공원,4.0,부산
6014,f001468,민락 더 마켓,4.0,
6015,f001468,보수동 책방 골목,4.0,부산
6016,f001468,부평 깡통시장,4.0,부산
6017,f001469,경상감영공원,5.0,대구
6018,f001469,대구근대역사관,5.0,대구
6019,f001469,신세계백화점 대구점,5.0,대구
6020,f001473,아세안 문화원,5.0,부산
6021,f001474,속초관광수산시장,4.333333333333333,강원
6022,f001474,속초해수욕장,5.0,강원
6023,f001478,흰 여울 문화마을,5.0,부산
6024,f001478,광안리해수욕장,4.666666666666667,부산
6025,f001478,인 더 스트리트 부산 해운대점,3.0,부산
6026,f001478,광안리해수욕장,5.0,부산
6027,f001478,KTG 상상마당 부산,4.0,부산
6028,f001478,롯데백화점 부산본점,4.666666666666667,부산
6029,f001479,동궁과 월지,5.0,경북
6030,f001479,대릉원,5.0,경북
6031,f001479,월정교,5.0,경북
6032,f001479,국립경주박물관,3.6666666666666665,경북
6033,f001479,불국사,4.0,
6034,f001479,석굴암,3.6666666666666665,경북
6035,f001479,호미곶,5.0,경북
6036,f001480,당항포관광지,5.0,경남
6037,f001481,전촌용 굴,4.333333333333333,경북
6038,f001481,전촌항,3.0,경북
6039,f001481,석굴암,5.0,경북
6040,f001481,경주 황룡사 역사문화관,5.0,경북
6041,f001481,분황사,3.0,경북
6042,f001481,황련단길,2.3333333333333335,경북
6043,f001481,대릉원,5.0,경북
6044,f001481,대릉원 돌담길,3.0,경북
6045,f001483,구룡포 시장,4.0,경북
6046,f001483,구룡포 주상절리,2.3333333333333335,경북
6047,f001483,호미곶,4.333333333333333,경북
6048,f001484,동백 섬,4.0,부산
6049,f001484,해운대해수욕장,5.0,부산
6050,f001485,추암 촛대바위,5.0,강원
6051,f001485,추암 촛대바위 출렁다리,5.0,강원
6052,f001485,동해해 암정,5.0,강원
6053,f001485,삼척 해양레일바이크 궁촌정거장,5.0,강원
6054,f001485,삼척 중앙시장,5.0,강원
6055,f001485,환선굴,5.0,강원
6056,f001485,수로부인 헌화 공원,5.0,강원
6057,f001485,삼척 해상 케이블카 용화역,5.0,강원
6058,f001485,죽서루,5.0,강원
6059,f001485,천은사,5.0,강원
6060,f001486,하동 북천 꽃양귀비 축제,5.0,경남
6061,f001486,하동 케이블카,5.0,경남
6062,f001486,화개 장터,5.0,경남
6063,f001486,223 하동 세계 차 엑스포 제2행사장,5.0,경남
6064,f001486,쌍계사,5.0,경남
6065,f001489,영일대해수욕장,4.0,경북
6066,f001489,영일고,3.6666666666666665,경북
6067,f001489,오도리 간이해수욕장,3.0,경북
6068,f001489,곤륜산,4.0,경북
6069,f001489,호미곶,3.0,경북
6070,f001489,도구해수욕장,2.0,경북
6071,f001490,비밀의 정원,3.3333333333333335,강원
6072,f001490,내린천 래프팅 협동조합,3.6666666666666665,강원
6073,f001490,운대리 자작나무 숲,4.333333333333333,강원
6074,f001491,함지공원,2.3333333333333335,경남
6075,f001492,매봉산 바람의 언덕,5.0,강원
6076,f001492,수로부인 헌화 공원,5.0,강원
6077,f001492,장호항,4.333333333333333,강원
6078,f001492,맹방해수욕장,3.3333333333333335,강원
6079,f001492,병방치 스카이워크,4.0,강원
6080,f001497,문경오미자 테마공원,4.0,경북
6081,f001497,문경새재도립공원,5.0,경북
6082,f001501,오산리 선사유적박물관,3.6666666666666665,강원
6083,f001503,웰리힐리 파크 워터 플래닛,3.0,강원
6084,f001503,웰리힐리 파크 본관,3.0,강원
6085,f001503,웰리힐리 파크 본관,3.0,강원
6086,f001503,웰리힐리 파크 본관,3.6666666666666665,강원
6087,f001505,철길 숲,5.0,경북
6088,f001505,강변체육공원,5.0,경북
6089,f001509,민락수변공원,4.0,부산
6090,f001509,광안리해수욕장,5.0,부산
6091,f001509,부산요트투어 위드 요트,5.0,부산
6092,f001509,광안리해수욕장,5.0,부산
6093,f001509,흰 여울 문화마을,5.0,부산
6094,f001509,부평 깡통시장,5.0,부산
6095,f001512,오어사,3.6666666666666665,경북
6096,f001512,오류고아라 해변,3.0,경북
6097,f001513,명선도,4.666666666666667,울산
6098,f001513,울주 언양읍성,3.6666666666666665,울산
6099,f001518,속초해수욕장,5.0,
6100,f001518,신흥사,5.0,강원
6101,f001520,귀양지,4.666666666666667,경남
6102,f001520,얼음골,4.0,경남
6103,f001520,월은 정,4.666666666666667,경남
6104,f001520,표충사,5.0,경남
6105,f001525,영남루,4.0,경남
6106,f001525,새마을운동 발상지기념공원,4.0,경북
6107,f001532,경주 양남 주상절리,5.0,경북
6108,f001532,경주 문무대왕릉,4.0,경북
6109,f001532,전촌용 굴,3.0,경북
6110,f001532,구룡포해수욕장,4.0,경북
6111,f001532,포항 운하,5.0,경북
6112,f001532,포항 운하,5.0,경북
6113,f001532,죽도 시장,5.0,경북
6114,f001532,삼사해상공원,3.0,경북
6115,f001532,영덕해맞이공원,3.0,경북
6116,f001532,벌열 메타세쿼이아 숲,5.0,경북
6117,f001532,폭풍 속으로 드라마 세트장,5.0,경북
6118,f001532,하트해변,3.0,경북
6119,f001532,장호항,5.0,강원
6120,f001537,해파랑길 33코스,4.666666666666667,강원
6121,f001537,하평해변,5.0,강원
6122,f001537,한 섬 해변,5.0,강원
6123,f001537,감축사,5.0,강원
6124,f001537,논골담길,5.0,강원
6125,f001537,한 섬 해변,5.0,강원
6126,f001537,오죽헌,4.0,강원
6127,f001537,강문해변,5.0,강원
6128,f001537,허균 허난설헌 기념관,5.0,강원
6129,f001537,경포호,4.0,강원
6130,f001537,순포해수욕장,5.0,강원
6131,f001538,청초호유원지,5.0,
6132,f001538,속초해수욕장,5.0,강원
6133,f001538,속초관광수산시장,5.0,강원
6134,f001538,속초해수욕장,5.0,강원
6135,f001540,경주국립공원 남산지구,4.0,경북
6136,f001540,경주 중앙시장,3.0,경북
6137,f001540,황련단길,3.6666666666666665,경북
6138,f001540,대릉원,3.6666666666666665,경북
6139,f001545,해운대해수욕장,4.0,부산
6140,f001545,부산 아시아드 보조경기장,3.6666666666666665,부산
6141,f001545,부산 아시아드 보조경기장,3.6666666666666665,부산
6142,f001545,신세계백화점 센텀시티점,3.6666666666666665,부산
6143,f001547,경포 호수광장,5.0,강원특별자치도
6144,f001547,경포해수욕장,3.3333333333333335,강원특별자치도
6145,f001549,부석사,5.0,경북
6146,f001549,옛길 박물관,5.0,경북
6147,f001549,문경새재도립공원,5.0,경북
6148,f001553,망상 해변,5.0,강원
6149,f001553,오죽헌,5.0,강원
6150,f001553,강릉 중앙시장,5.0,
6151,f001553,강릉 중앙시장,5.0,강원
6152,f001559,화개 장터,4.0,경남
6153,f001559,정금 다원,3.3333333333333335,경남
6154,f001560,해인사,5.0,경남
6155,f001560,화왕산,4.0,경남
6156,f001562,광안리해수욕장,4.0,부산
6157,f001562,간절곶,4.0,울산
6158,f001562,대왕암공원,4.0,울산
6159,f001562,호미곶,4.0,경북
6160,f001563,영일고,5.0,경북
6161,f001563,죽도 시장,4.0,경북
6162,f001564,홍천강,4.666666666666667,강원
6163,f001565,강릉 중앙시장,5.0,강원
6164,f001565,송정해변,5.0,강원
6165,f001565,강문해변,4.666666666666667,강원
6166,f001565,강문해변,3.0,강원
6167,f001566,신세계 센텀시티몰,4.0,부산
6168,f001566,롯데백화점 센텀시티점,3.0,부산
6169,f001567,태화강 국가 정원,4.666666666666667,울산
6170,f001567,울산대교 전망대,4.666666666666667,울산
6171,f001570,울주 언양읍성,4.0,울산
6172,f001571,경상감영공원,3.6666666666666665,대구
6173,f001571,김광석 다시 그리기 길,3.0,대구
6174,f001571,달성 공원,5.0,대구
6175,f001571,서문시장,5.0,대구
6176,f001574,동궁과 월지,5.0,경북
6177,f001574,경주 동궁원,5.0,경북
6178,f001574,첨성대,4.0,경북
6179,f001574,MCY PARK,3.0,경북
6180,f001574,제천옥순봉 출렁다리,3.6666666666666665,충북
6181,f001577,남애 3리 해변,4.0,강원
6182,f001577,남애 3리 해변,2.0,강원
6183,f001577,남애 3리 해변,5.0,강원
6184,f001582,사유원,5.0,경북
6185,f001582,영화 리틀 포레스트 촬영지,3.0,경북
6186,f001586,무진장,1.0,경남
6187,f001586,무진장,2.0,경남
6188,f001588,사천해변,4.0,강원특별자치도
6189,f001590,김광석 다시 그리기 길,3.6666666666666665,대구
6190,f001590,수성못,3.0,대구
6191,f001590,대구 앞산 공원 전망대,3.6666666666666665,대구
6192,f001590,안지랑 곱창골목,4.0,대구
6193,f001590,대구 중구 골목투어 근대문화골목(2코스),3.6666666666666665,대구
6194,f001590,스파크 랜드,3.3333333333333335,대구
6195,f001596,히어로 플레이파크 경주 본점,1.3333333333333333,경북
6196,f001598,신창 간이해수욕장,4.333333333333333,경북
6197,f001598,구룡포 과메기 문화관,4.0,경북
6198,f001598,구룡포 일본인 가옥거리,3.0,경북
6199,f001599,불국사,3.3333333333333335,
6200,f001599,석굴암,4.666666666666667,
6201,f001599,동궁과 월지,3.6666666666666665,
6202,f001599,첨성대,4.0,경북
6203,f001599,경주 중앙시장,3.0,
6204,f001599,국립경주박물관,4.333333333333333,경북
6205,f001599,황련단길,3.3333333333333335,
6206,f001599,경주 봉황대,3.0,경북
6207,f001600,명동 닭갈비 골목,3.3333333333333335,강원
6208,f001600,소양강 처녀상,4.333333333333333,강원
6209,f001600,공지천,5.0,강원
6210,f001601,포항 해상 스카이워크,4.0,경북
6211,f001601,강변체육공원,4.0,경북
6212,f001604,카페 감자밭 본점,5.0,강원
6213,f001606,대릉원,4.0,경북
6214,f001606,동궁과 월지,4.666666666666667,경북
6215,f001606,경주 동궁원,5.0,경북
6216,f001606,경주월드,5.0,경북
6217,f001616,원주 자유시장,4.0,강원
6218,f001616,원주 강원감영,3.6666666666666665,강원
6219,f001616,문경새재도립공원,4.0,경북
6220,f001616,활옷 동굴,2.6666666666666665,충북
6221,f001620,북 전주농협 하나로마트 로컬푸드,4.0,전북
6222,f001620,하이원 워터월드,4.0,강원
6223,f001622,황지공원 황지연못,5.0,강원
6224,f001622,황지공원 황지연못,5.0,강원
6225,f001623,광안리해수욕장,5.0,부산
6226,f001623,무진장,1.0,경남
6227,f001623,황령산 봉수대,5.0,부산
6228,f001623,롯데백화점 부산본점,4.0,부산
6229,f001623,롯데백화점 부산본점,4.0,부산
6230,f001626,영금정,4.0,강원
6231,f001626,속초관광수산시장,5.0,강원
6232,f001626,아바이마을,3.0,강원
6233,f001626,속초 아이,5.0,강원
6234,f001627,롯데 프리미엄 아웃렛 동부산점,5.0,부산
6235,f001627,롯데몰 메종 동부산,5.0,부산
6236,f001627,롯데 프리미엄 아웃렛 동부산점,5.0,부산
6237,f001632,황매산 군립 공원,4.666666666666667,경남
6238,f001632,외도 보타니아,2.6666666666666665,경남
6239,f001633,정선아리랑 시장,5.0,강원
6240,f001636,동궁과 월지,5.0,경북
6241,f001636,경주 중앙시장,4.0,경북
6242,f001636,불국사,5.0,경북
6243,f001636,황련단길,5.0,경북
6244,f001638,화개 장터,5.0,경남
6245,f001638,최 참판 댁,5.0,경남
6246,f001645,독일마을 남해 파독 전시관,3.0,경남
6247,f001645,다랭이마을,3.6666666666666665,경남
6248,f001645,사촌해수욕장,3.3333333333333335,경남
6249,f001645,섬의 정원,3.3333333333333335,경남
6250,f001652,오죽헌,5.0,강원
6251,f001652,경포호,5.0,강원
6252,f001652,아르떼 뮤지엄 강릉,5.0,강원
6253,f001652,허균 허난설헌 기념관,5.0,강원
6254,f001652,경포해수욕장,5.0,강원
6255,f001653,송정해수욕장,4.0,부산
6256,f001653,해운대해수욕장,4.0,부산
6257,f001653,수영만 요트경기장,5.0,부산
6258,f001653,흰 여울 문화마을,3.3333333333333335,부산
6259,f001653,태종대유원지,4.0,부산
6260,f001653,해동용궁사,4.0,부산
6261,f001653,삼광사,3.3333333333333335,부산
6262,f001653,롯데시네마 서면,3.3333333333333335,
6263,f001653,광안리해수욕장,3.3333333333333335,부산
6264,f001653,국제시장 먹자골목,3.3333333333333335,부산
6265,f001653,부평 깡통시장,3.0,부산
6266,f001662,황련단길,5.0,
6267,f001662,동궁과 월지,5.0,경북
6268,f001662,경주읍성,3.6666666666666665,경북
6269,f001666,거제 옥포대첩 기념공원,3.6666666666666665,경남
6270,f001666,롯데백화점 광복점,4.333333333333333,부산
6271,f001667,영일대해수욕장,5.0,경북
6272,f001670,KTG 상상마당 부산,5.0,부산
6273,f001671,대전사,4.333333333333333,경북
6274,f001671,소노벨 청송 솔샘 온천,5.0,경북
6275,f001672,청도읍 선,5.0,경북
6276,f001677,이가리 닻 전망대,3.6666666666666665,경북
6277,f001677,상생의 손,5.0,경북
6278,f001677,영일대해수욕장,5.0,경북
6279,f001684,사근 긴 해변,5.0,강원
6280,f001684,아르떼 뮤지엄 강릉,5.0,강원
6281,f001684,강문해변,5.0,강원
6282,f001685,경포 생태 저류지,5.0,강원
6283,f001685,사천진 해변,5.0,강원
6284,f001685,순포해수욕장,5.0,강원
6285,f001686,국제시장 먹자골목,3.3333333333333335,부산
6286,f001686,송도해수욕장,3.0,부산
6287,f001687,진주성,5.0,경남
6288,f001687,국립진주 박물관,5.0,경남
6289,f001692,수승대관광지,5.0,경남
6290,f001692,거창 Y자형 출렁다리,4.0,경남
6291,f001692,거창 창포원,3.0,경남
6292,f001694,무진장,4.666666666666667,경남
6293,f001696,남해전통시장,1.3333333333333333,경남
6294,f001696,다랭이마을,4.0,경남
6295,f001696,미국마을,1.6666666666666667,경남
6296,f001696,남해 독일마을,4.0,경남
6297,f001696,사천 바다 케이블카,5.0,경남
6298,f001700,스카이라인 루지 통영,4.0,경남
6299,f001704,오징어난전,4.333333333333333,강원
6300,f001704,장사항,3.6666666666666665,강원
6301,f001704,속초관광수산시장,4.333333333333333,강원
6302,f001704,외옹치 바다 향기로,4.333333333333333,강원
6303,f001705,황산공원,5.0,경남
6304,f001711,대왕암,4.333333333333333,울산
6305,f001711,간절곶,4.0,울산
6306,f001711,롯데 프리미엄 아웃렛 동부산점,4.0,부산
6307,f001713,속초관광수산시장,3.3333333333333335,강원
6308,f001713,속초해수욕장,5.0,강원
6309,f001719,다대포해수욕장,5.0,부산
6310,f001719,몰운대,5.0,부산
6311,f001719,을숙도 생태공원,4.0,부산
6312,f001731,영일대해수욕장,5.0,경북
6313,f001731,영일 대전 망대,5.0,경북
6314,f001732,함지공원,4.0,경남
6315,f001732,함안 연꽃테마파크,3.6666666666666665,경남
6316,f001734,수성못,3.0,대구
6317,f001734,코오롱야외음악당,2.0,대구
6318,f001735,의림지 파크랜드,4.0,충북
6319,f001735,태화산 고씨동굴,2.3333333333333335,강원
6320,f001735,영월 서부시장,4.0,강원
6321,f001738,구룡포 일본인 가옥거리,3.6666666666666665,경북
6322,f001746,BIFF 광장,4.0,부산
6323,f001746,롯데백화점 광복점,3.6666666666666665,부산
6324,f001746,자갈치시장,3.0,부산
6325,f001746,남포지하쇼핑센터,3.0,부산
6326,f001746,롯데백화점 광복점,5.0,부산
6327,f001748,신흥사,4.333333333333333,강원
6328,f001748,등대해수욕장,3.3333333333333335,강원
6329,f001748,속초관광수산시장,4.0,강원
6330,f001748,속초해수욕장,4.0,강원
6331,f001750,영금정,3.6666666666666665,강원
6332,f001750,속초해수욕장,4.0,강원
6333,f001750,청초호유원지,3.3333333333333335,강원
6334,f001750,대포항,2.6666666666666665,강원
6335,f001750,속초 조양동 유적,2.6666666666666665,강원
6336,f001754,홈플러스 경주점,5.0,경북
6337,f001754,불국사,5.0,경북
6338,f001754,석굴암,5.0,경북
6339,f001759,오크밸리리조트 조각 공원,4.333333333333333,강원
6340,f001763,장이 대청 계곡,5.0,경남
6341,f001766,롯데 프리미엄 아웃렛 동부산점,5.0,부산
6342,f001767,불국사 정문 주차장,4.666666666666667,경북
6343,f001767,석굴암,4.0,경북
6344,f001771,비발디파크 오션월드,5.0,강원
6345,f001771,비발디파크 비바 플렉 스몰,5.0,강원
6346,f001771,비발디파크 루지 월드,5.0,강원
6347,f001782,악양 생태공원,3.3333333333333335,경남
6348,f001785,속초관광수산시장,4.0,강원
6349,f001794,대왕암,4.0,울산
6350,f001797,보사노바 커피 로프터스 속초점,5.0,강원
6351,f001797,속초관광수산시장,2.0,강원
6352,f001797,청초 호수공원,5.0,강원
6353,f001797,화진포해변,5.0,강원
6354,f001798,행리단길,5.0,부산
6355,f001798,해운대해수욕장,4.666666666666667,부산
6356,f001798,해운대 전통시장,4.666666666666667,부산
6357,f001798,광안리해수욕장,4.666666666666667,부산
6358,f001817,함안박물관,4.0,경남
6359,f001817,입곡 군립 공원,4.0,경남
6360,f001817,입곡 군립 공원 출렁다리,4.0,경남
6361,f001821,이마트 마산점,4.0,경남
6362,f001821,삼천포 용궁 수산시장,4.0,경남
6363,f001821,롯데백화점 창원점,3.3333333333333335,경남
6364,f001823,서문시장,5.0,
6365,f001823,시인 이상화 고택,3.6666666666666665,대구
6366,f001823,동성로,5.0,
6367,f001823,수성못,3.0,대구
6368,f001823,김광석 다시 그리기 길,4.0,대구
6369,f001827,강문해변,4.0,강원
6370,f001827,발왕산 관광 케이블카,4.0,강원
6371,f001832,문경새재 오픈세트장,3.0,경북
6372,f001832,스타필드 하남,3.0,경기
6373,f001839,대구 이월드,4.0,대구
6374,f001839,서문시장,4.666666666666667,대구
6375,f001839,팔공산 케이블카,5.0,대구
6376,f001839,동화사,5.0,대구
6377,f001840,델피노 오션 플레이,5.0,강원
6378,f001840,속초해수욕장,5.0,강원
6379,f001844,KTG 상상마당 부산,4.0,부산
6380,f001844,전포 카페거리,4.666666666666667,부산
6381,f001846,광안리해수욕장,5.0,부산
6382,f001846,신세계백화점 센텀시티점,5.0,부산
6383,f001850,다랭이마을,2.0,경남
6384,f001850,아래 마루 아쿠아리움 본관,3.6666666666666665,경남
6385,f001854,부평 깡통시장,3.0,부산
6386,f001854,보수동 책방 골목,3.6666666666666665,부산
6387,f001854,광안리해수욕장,3.6666666666666665,부산
6388,f001854,광안리해수욕장,5.0,부산
6389,f001854,롯데백화점 광복점,3.6666666666666665,
6390,f001854,해운대해수욕장,3.0,부산
6391,f001856,정동 심곡 바다부채길,5.0,강원
6392,f001856,경포해수욕장,4.0,강원
6393,f001856,허균 허난설헌 기념관,4.0,강원
6394,f001878,우리 아이 마음숲 놀이터,5.0,경남
6395,f001879,호미곶 해맞이 광장,4.333333333333333,경북
6396,f001879,구룡포 일본인 가옥거리,5.0,경북
6397,f001879,영일대해수욕장,4.0,경북
6398,f001879,죽도 시장,4.0,경북
6399,f001879,이가리 닻 전망대,4.0,경북
6400,f001880,안목 해변,4.0,강원
6401,f001881,명선도,3.3333333333333335,울산
6402,f001892,초량 차이나타운,2.3333333333333335,부산
6403,f001895,곰배령,3.0,강원
6404,f001895,운대리 자작나무 숲,5.0,강원
6405,f001905,등 계산 스카이워크,4.333333333333333,경북
6406,f001905,주왕산국립공원,5.0,경북
6407,f001911,속초관광수산시장,4.0,강원
6408,f001911,속초해수욕장,3.6666666666666665,강원
6409,f001917,대관령 전망대,3.0,강원
6410,f001917,하슬라아트월드,3.6666666666666665,강원
6411,f001917,안목 해변,5.0,강원
6412,f001917,경포호,5.0,강원
6413,f001917,이마트 강릉점,3.3333333333333335,강원
6414,f001917,신세계 프리미엄 아울렛 여주,5.0,경기
6415,f001921,정릉천,5.0,서울
6416,f001921,속초시립 박물관,5.0,강원
6417,f001921,속초관광수산시장,5.0,강원
6418,f001921,영금정,5.0,강원
6419,f001921,동명동 성당,5.0,강원
6420,f001926,남창 옹기종기 시장,4.333333333333333,울산
6421,f001926,선암호수 공원,4.0,울산
6422,f001932,사천진 해변,5.0,강원
6423,f001932,경포호,4.333333333333333,강원
6424,f001932,영진해변,5.0,강원
6425,f001933,수선사,5.0,경남
6426,f001933,고려동 유적지,5.0,경남
6427,f001933,무진장,5.0,경남
6428,f001933,악양 생태공원,5.0,경남
6429,f001933,악양 독방,3.6666666666666665,경남
6430,f001949,장사상륙작전 전승기념관,4.333333333333333,경북
6431,f001949,벌열 메타세쿼이아 숲,4.333333333333333,경북
6432,f001951,입곡 군립 공원,4.333333333333333,경남
6433,f001951,입곡 군립 공원 출렁다리,4.0,경남
6434,f001955,죽도해변,3.3333333333333335,강원
6435,f001955,죽도해변,3.3333333333333335,강원
6436,f001955,리틀 코브,3.3333333333333335,강원
6437,f001955,리틀 코브,3.3333333333333335,강원
6438,f001956,안동 구 시장,4.0,경북
6439,f001956,도산서원,3.3333333333333335,경북
6440,f001956,안동 하회마을,4.0,경북
6441,f001959,휴휴암,4.0,강원
6442,f001959,대관령 양떼목장,4.0,강원
6443,f001959,월정사,4.0,강원
6444,f001960,곤륜산 활공장,4.666666666666667,경북
6445,f001969,낙산 해변,4.0,강원
6446,f001969,동호해변,4.666666666666667,강원
6447,f001969,동호해변,5.0,강원
6448,f001972,아세안 문화원,5.0,부산
6449,f001972,민락수변공원,4.333333333333333,부산
6450,f001973,자수정 동굴나라,2.6666666666666665,울산
6451,f001974,광안리해수욕장,5.0,부산
6452,f001982,성인데,5.0,강원
6453,f001985,소수서원,4.666666666666667,경북
6454,f001985,부석사,5.0,
6455,f001987,설악산 국립공원 입구,5.0,강원
6456,f001987,신흥사,3.3333333333333335,강원
6457,f001990,쪽샘 유적 발굴 관,4.0,경북
6458,f001990,국립경주박물관,4.0,경북
6459,f001990,첨성대,4.0,경북
6460,f001999,피닉스 평창 블루캐니언,5.0,강원특별자치도
6461,f001999,피닉스 평창 키즈플레이 라운지,5.0,강원특별자치도
6462,f002000,하슬라아트월드,3.6666666666666665,강원
6463,f002000,정동진 해변,4.0,강원
6464,f002000,경포해수욕장,4.0,강원
6465,f002007,트레이더스 홀세일 클럽 연산점,4.333333333333333,부산
6466,f002007,경주역사유적지구,4.333333333333333,경북
6467,f002010,금진항,3.3333333333333335,강원
6468,f002010,금진항,3.0,강원
6469,f002017,하늘 목장,5.0,강원
6470,f002020,청간정,5.0,강원
6471,f002020,아야진해수욕장,4.0,강원
6472,f002020,속초관광수산시장,3.0,강원
6473,f002020,아바이마을,4.0,강원
6474,f002020,속초해수욕장,4.0,강원
6475,f002030,남이섬,5.0,강원
6476,f002032,경북 천년 숲 정원,5.0,경북
6477,f002037,청평사,3.0,강원
6478,f002037,남이섬,5.0,강원
6479,f002039,광안리해수욕장,5.0,부산
6480,f002039,롯데백화점 부산본점,5.0,부산
6481,f002040,묵호항 수변공원,3.0,강원
6482,f002040,논골담길,4.0,강원
6483,f002040,한 섬 해변,5.0,강원
6484,f002040,해파랑길 33코스,3.6666666666666665,강원
6485,f002042,석남사,4.0,울산
6486,f002042,우리 아이 마음숲 놀이터,5.0,경남
6487,f002044,하조대,3.6666666666666665,강원
6488,f002044,양양 서프 카페,4.333333333333333,강원
6489,f002044,죽도해변,4.666666666666667,강원
6490,f002044,양양 서프 카페,4.333333333333333,강원
6491,f002045,우리 아이 마음숲 놀이터,4.333333333333333,경남
6492,f002045,황룡사,4.0,경남
6493,f002046,속초해수욕장,5.0,강원특별자치도
6494,f002053,경주 양남 주상절리,4.333333333333333,경북
6495,f002053,경주 문무대왕릉,4.0,경북
6496,f002053,감포해국길,3.0,경북
6497,f002054,고성시장,3.0,경남
6498,f002054,삼천포 용궁 수산시장,4.0,경남
6499,f002056,속초관광수산시장,4.333333333333333,강원
6500,f002056,상원사,4.333333333333333,강원
6501,f002058,거제 옥포대첩 기념공원,4.0,경남
6502,f002058,바람의 언덕,3.0,경남
6503,f002058,신선대,3.0,경남
6504,f002058,신선대,4.0,경남
6505,f002058,동피랑 벽화마을,3.0,경남
6506,f002062,어마 무시,3.6666666666666665,경북
6507,f002062,대릉원,5.0,경북
6508,f002062,경주 문무대왕릉,5.0,경북
6509,f002062,한국 대중음악 박물관,5.0,경북
6510,f002063,왕매미 오락실,4.333333333333333,부산
6511,f002063,밀란 더 마켓,3.6666666666666665,부산
6512,f002072,강릉 선교장,5.0,강원
6513,f002072,강릉 솔 향 수목원,5.0,강원
6514,f002072,송지호해수욕장,5.0,강원
6515,f002072,고성 왕곡마을,3.0,강원
6516,f002073,고석정,4.666666666666667,강원
6517,f002073,고석정 꽃밭,5.0,강원
6518,f002073,산정호수,5.0,경기
6519,f002082,영일고,4.333333333333333,경북
6520,f002082,영일대해수욕장,5.0,경북
6521,f002082,환호공원 스페이스 워크,3.0,경북
6522,f002082,환호공원 포항시립미술관,3.6666666666666665,경북
6523,f002082,죽도 시장,4.0,경북
6524,f002083,알펜시아리조트 알파인코스터,4.333333333333333,강원
6525,f002087,롯데 프리미엄 아웃렛 동부산점,4.666666666666667,부산
6526,f002094,청초호유원지,4.333333333333333,강원
6527,f002094,속초관광수산시장,4.333333333333333,강원
6528,f002097,KTG 상상마당 부산,4.666666666666667,부산
6529,f002097,해운대해수욕장,5.0,부산
6530,f002097,해운대 블루라인파크 미포 정거장,5.0,부산
6531,f002097,해운대해수욕장,5.0,부산
6532,f002097,송림공원,4.0,부산
6533,f002097,다대포해수욕장,5.0,부산
6534,f002101,동피랑 벽화마을,5.0,경남
6535,f002101,이순신공원,5.0,경남
6536,f002102,해운대해수욕장,5.0,부산
6537,f002102,민락수변공원,5.0,부산
6538,f002114,황산공원,3.6666666666666665,경남
6539,f002114,화명생태공원,5.0,부산
6540,f002116,거제 식물원 정글돔,5.0,경남
6541,f002116,거제도 현 시장,4.0,경남
6542,f002117,아홉 살 숲,4.0,부산
6543,f002117,해동용궁사,4.333333333333333,부산
6544,f002117,이케아 동부산점,3.3333333333333335,부산
6545,f002117,경북 천년 숲 정원,3.0,경북
6546,f002119,대릉원,4.333333333333333,경북
6547,f002119,황련단길,3.6666666666666665,경북
6548,f002119,경주월드,4.0,경북
6549,f002123,해운대해수욕장,5.0,부산
6550,f002123,이케아 동부산점,5.0,부산
6551,f002428,선암호수 공원,4.0,울산
6552,f002428,선암호수 공원,3.0,울산
6553,f002438,강문해변,3.6666666666666665,강원
6554,f002438,초당순두부마을,3.6666666666666665,강원
6555,f002438,송정해변,4.0,강원
6556,f002445,월정사,4.666666666666667,강원
6557,f002445,오대산 월정사 전나무 숲길,3.0,강원
6558,f002451,죽변 해안 스카이 레일,5.0,
6559,f002452,화산 산성 풍차 전망대,4.0,경북
6560,f002457,상주은모래비치,5.0,경남
6561,f002457,남해전통시장,5.0,경남
6562,f002459,옛길 박물관,4.333333333333333,경북
6563,f002459,문경 생태 미로공원,5.0,경북
6564,f002459,문경새재도립공원,5.0,경북
6565,f002462,강문해변,3.0,강원특별자치도
6566,f002462,안목 해변,3.3333333333333335,강원특별자치도
6567,f002464,반월당역 대구 1호선,3.0,대구
6568,f002464,수성못,3.6666666666666665,대구
6569,f002464,서문시장,3.6666666666666665,대구
6570,f002464,팔공산 케이블카,3.6666666666666665,대구
6571,f002464,2.28기념중앙공원,4.0,대구
6572,f002465,천곡 황금박쥐동굴,3.6666666666666665,강원
6573,f002465,추암 촛대바위,4.0,강원
6574,f002465,묵호등대,3.3333333333333335,강원
6575,f002465,망상 해변,4.0,강원
6576,f002466,안목 해변,4.666666666666667,강원
6577,f002466,아르떼 뮤지엄 강릉,4.0,강원
6578,f002466,강릉 중앙시장,2.6666666666666665,강원
6579,f002468,상주은모래비치,5.0,경남
6580,f002468,설리 스카이워크,3.6666666666666665,경남
6581,f002473,국립경주박물관,5.0,경북
6582,f002473,첨성대,5.0,경북
6583,f002473,경주 보문관광단지,5.0,경북
6584,f002475,경포해수욕장,5.0,강원
6585,f002475,강릉 중앙시장,5.0,강원
6586,f002475,참소리축음기 박물관,4.0,강원
6587,f002480,용화 해변,5.0,강원
6588,f002480,미인폭포,3.0,강원
6589,f002485,옥녀봉,5.0,경남
6590,f002485,통영중앙전통시장,2.6666666666666665,경남
6591,f002492,장사해수욕장,5.0,경북
6592,f002492,등 계산 스카이워크,5.0,경북
6593,f002494,황남동 고분군,5.0,경북
6594,f002494,첨성대,4.0,경북
6595,f002494,대릉원 돌담길,5.0,경북
6596,f002495,첨성대,3.0,경북
6597,f002495,월정교,4.0,경북
6598,f002495,경주엑스포 대공원,4.0,경북
6599,f002495,경주엑스포 대공원,4.666666666666667,경북
6600,f002498,황련단길,3.3333333333333335,경북
6601,f002498,오 홀리데이,5.0,경북
6602,f002498,대릉원,4.0,경북
6603,f002498,경주농협 하나로마트 본점,2.3333333333333335,경북
6604,f002500,외도 보타니아,5.0,경남
6605,f002500,동피랑 벽화마을,3.0,경남
6606,f002501,롯데백화점 센텀시티점,5.0,부산
6607,f002501,해운대해수욕장,5.0,부산
6608,f002501,자갈치시장,5.0,부산
6609,f002501,송정해수욕장,5.0,부산
6610,f002502,바실라,3.6666666666666665,경북
6611,f002502,우량 미술관,4.0,경북
6612,f002502,경주 보문관광단지,5.0,경북
6613,f002503,달성 공원,5.0,대구
6614,f002505,강릉 중앙시장,4.666666666666667,강원
6615,f002505,강문해변,5.0,강원
6616,f002505,아르떼 뮤지엄 강릉,5.0,강원
6617,f002505,주문진 방사제,5.0,강원
6618,f002507,KTG 상상마당 부산,4.666666666666667,부산
6619,f002507,KTG 상상마당 부산,4.666666666666667,부산
6620,f002507,광안리해수욕장,4.666666666666667,부산
6621,f002510,경포해수욕장,4.333333333333333,강원
6622,f002511,낙산 해변,5.0,강원
6623,f002511,청초호,4.0,강원
6624,f002511,낙산사,4.666666666666667,강원
6625,f002512,정선 레일바이크,5.0,강원
6626,f002512,아우라지,5.0,강원
6627,f002513,학동 흑진주 몽돌해변,4.0,경남
6628,f002513,외도널서리,3.6666666666666665,경남
6629,f002513,구조라성,4.333333333333333,경남
6630,f002513,지세 포성,5.0,경남
6631,f002516,아르떼 뮤지엄 강릉,4.333333333333333,강원
6632,f002523,성주참외 체험형 테마공원,3.6666666666666665,경북
6633,f002523,성주 성산동 고분군 전시관,4.0,경북
6634,f002527,함안 연꽃테마파크,4.0,경남
6635,f002527,함안 말이 산 고분군,4.0,경남
6636,f002531,서동 생활공원,4.0,경남
6637,f002531,서동 생활공원,4.0,경남
6638,f002531,의병 박물관,3.0,경남
6639,f002538,비발디파크 오션월드,5.0,강원
6640,f002538,비발디파크 오션월드,5.0,강원
6641,f002538,레전드 히어로즈 소노펠리체 비발디파크 홍천점,5.0,강원
6642,f002541,경포해수욕장,4.666666666666667,강원
6643,f002542,소무의도,3.3333333333333335,인천
6644,f002542,판은 섶다리,2.0,강원
6645,f002544,김유정문학촌,3.3333333333333335,강원
6646,f002545,양산 3D 과학체험관,5.0,경남
6647,f002545,양산 3D 과학체험관,5.0,경남
6648,f002549,첨성대,3.0,경북
6649,f002549,추억의 달동네,2.3333333333333335,경북
6650,f002551,대구 이월드,4.666666666666667,대구
6651,f002551,계성중학교,4.333333333333333,대구
6652,f002551,경상감영공원,3.6666666666666665,대구
6653,f002551,동성로,4.333333333333333,
6654,f002554,롯데월드 어드벤처 부산,5.0,부산
6655,f002554,롯데 프리미엄 아웃렛 동부산점,4.666666666666667,부산
6656,f002557,서면 지하상가,4.333333333333333,부산
6657,f002557,전포 카페거리,5.0,부산
6658,f002557,부전시장,5.0,부산
6659,f002557,삼락생태공원,2.3333333333333335,부산
6660,f002568,광안리해수욕장,5.0,부산
6661,f002568,민락 회 타운 시장,5.0,부산
6662,f002568,이 송도 전망대,3.3333333333333335,부산
6663,f002568,흰 여울 문화마을,4.333333333333333,부산
6664,f002575,남해 독일마을,3.3333333333333335,경남
6665,f002579,수타사,5.0,강원
6666,f002579,강릉 중앙시장,5.0,강원
6667,f002579,월정사,5.0,강원
6668,f002579,오대산 월정사 전나무 숲길,5.0,강원
6669,f002581,경북 천년 숲 정원,5.0,경북
6670,f002581,동궁과 월지,5.0,경북
6671,f002582,김천시립 박물관,3.3333333333333335,경북
6672,f002582,직지문화공원,4.0,경북
6673,f002582,직지사,3.3333333333333335,경북
6674,f002583,대릉원,4.0,경북
6675,f002583,송대말 등대,4.333333333333333,경북
6676,f002584,장사상륙작전 전승기념관,3.3333333333333335,경북
6677,f002586,뮤지엄 산,4.333333333333333,강원
6678,f002589,오색약수,4.333333333333333,강원
6679,f002593,첨성대,5.0,경북
6680,f002593,대릉원,5.0,경북
6681,f002593,경주 주상절리 파도소리길,5.0,경북
6682,f002593,경주 문무대왕릉,5.0,경북
6683,f002593,월정교,5.0,경북
6684,f002593,교촌마을,5.0,경북
6685,f002593,경주월드,5.0,경북
6686,f002595,매미성,5.0,경남
6687,f002595,거제 식물원 정글돔,1.6666666666666667,경남
6688,f002595,근포 땅굴,3.3333333333333335,경남
6689,f002595,바람의 언덕,5.0,경남
6690,f002595,학동 흑진주 몽돌해변,5.0,경남
6691,f002595,외도 보타니아,5.0,경남
6692,f002596,KTG 상상마당 부산,2.3333333333333335,부산
6693,f002596,이 기대 해안산책로,5.0,부산
6694,f002596,송도해수욕장,5.0,부산
6695,f002596,피아트,2.3333333333333335,부산
6696,f002597,대관령 전망대,3.0,강원
6697,f002597,하슬라아트월드,4.0,강원
6698,f002597,모래시계공원,3.0,강원
6699,f002597,정동진 해변,4.0,강원
6700,f002597,정동 심곡 바다부채길,4.0,강원
6701,f002602,연지공원,3.3333333333333335,경남
6702,f002602,수로왕릉,3.0,경남
6703,f002604,대릉원,5.0,경북
6704,f002604,첨성대,5.0,경북
6705,f002604,동궁과 월지,5.0,경북
6706,f002604,경주월드,5.0,경북
6707,f002609,삼릉 숲,3.3333333333333335,경북
6708,f002609,대릉원,5.0,경북
6709,f002609,황련단길,3.6666666666666665,경북
6710,f002609,첨성대,5.0,경북
6711,f002609,경주 오릉,3.0,경북
6712,f002609,경주 루지 월드,5.0,경북
6713,f002609,석굴암,5.0,경북
6714,f002610,한반도 지형,5.0,강원
6715,f002610,선돌 관광지,3.6666666666666665,강원
6716,f002610,영월 서부시장,4.333333333333333,강원
6717,f002610,영월고씨굴,3.6666666666666665,강원
6718,f002610,청령포 단종 유배지,3.6666666666666665,강원
6719,f002610,영월 관광센터,5.0,강원
6720,f002610,한반도 뗏목마을,4.666666666666667,강원
6721,f002612,구룡포 일본인 가옥거리,3.0,경북
6722,f002612,구룡포해수욕장,3.6666666666666665,경북
6723,f002612,호미곶,3.6666666666666665,경북
6724,f002612,호미반도 해안 둘레길,3.6666666666666665,경북
6725,f002612,연오랑세오녀 테마공원,3.6666666666666665,경북
6726,f002612,죽도 시장,4.0,경북
6727,f002612,영일 대전 망대,4.0,경북
6728,f002612,환호공원 스페이스 워크,3.3333333333333335,경북
6729,f002612,곤륜산,4.0,경북
6730,f002614,김광석 다시 그리기 길,4.0,대구
6731,f002614,2.28기념중앙공원,3.0,대구
6732,f002614,국채보상운동 기념공원,3.0,대구
6733,f002614,강정보 디아크 광장,5.0,대구
6734,f002620,황룡원,4.0,경북
6735,f002621,거제 식물원 정글돔,3.3333333333333335,경남
6736,f002624,도째비골해랑전망대,5.0,
6737,f002624,망상 해변,5.0,
6738,f002624,정동진 해변,4.0,
6739,f002630,이가리 닻 전망대,4.0,경북
6740,f002630,곤륜산 활공장,5.0,경북
6741,f002630,영일 대전 망대,3.3333333333333335,경북
6742,f002630,환호공원 스페이스 워크,4.666666666666667,경북
6743,f002630,상생의 손,5.0,경북
6744,f002630,구룡포 일본인 가옥거리,3.3333333333333335,경북
6745,f002630,낙강 물길 공원,3.3333333333333335,경북
6746,f002632,속초관광수산시장,4.666666666666667,강원
6747,f002632,등대해수욕장,4.0,강원
6748,f002632,안목 해변,4.0,강원
6749,f002633,홈플러스 경주점,5.0,경북
6750,f002633,첨성대,5.0,경북
6751,f002637,귀양지,5.0,경남
6752,f002637,영남루,5.0,경남
6753,f002641,레고랜드 코리아리조트,2.6666666666666665,강원
6754,f002641,산토리니,5.0,강원
6755,f002644,운대리 자작나무 숲,3.0,강원
6756,f002647,황련단길,4.0,경북
6757,f002647,대릉원,4.0,경북
6758,f002647,첨성대,4.0,경북
6759,f002647,월정교,4.0,경북
6760,f002647,동궁과 월지,4.0,경북
6761,f002647,대릉원,4.0,경북
6762,f002647,황련단길,2.6666666666666665,경북
6763,f002647,월정교,4.666666666666667,경북
6764,f002647,화랑의 언덕,5.0,경북
6765,f002648,경주 주상절리 파도소리길,3.0,경북
6766,f002648,경주 문무대왕릉,2.3333333333333335,경북
6767,f002648,주렁주렁 경주 보문점,4.666666666666667,경북
6768,f002648,첨성대,3.6666666666666665,경북
6769,f002652,대릉원,4.0,경북
6770,f002652,첨성대,3.6666666666666665,경북
6771,f002652,국립경주박물관,3.6666666666666665,경북
6772,f002652,황련단길,3.0,경북
6773,f002652,동궁과 월지,4.0,경북
6774,f002652,불국사,4.0,경북
6775,f002652,석굴암,3.6666666666666665,경북
6776,f002652,경북 천년 숲 정원,4.0,경북
6777,f002653,봉황대공원,5.0,경남
6778,f002653,봉황대공원,5.0,경남
6779,f002653,봉리단길,5.0,경남
6780,f002655,호미곶,5.0,경북
6781,f002655,상생의 손,5.0,경북
6782,f002655,영일대해수욕장,4.333333333333333,경북
6783,f002655,환호공원 스페이스 워크,2.6666666666666665,경북
6784,f002655,영일고,3.0,경북
6785,f002655,영일대해수욕장,3.3333333333333335,경북
6786,f002655,경주 주상절리 파도소리길,5.0,경북
6787,f002655,경주 양남 주상절리,5.0,경북
6788,f002655,정글의 법칙,2.3333333333333335,경북
6789,f002655,황련단길,4.0,경북
6790,f002655,대릉원,5.0,경북
6791,f002656,소양강 스카이워크,5.0,강원
6792,f002656,하중도 생태수변공원,5.0,강원
6793,f002656,춘천 송암스포츠타운,5.0,강원
6794,f002659,청라언덕,4.666666666666667,대구
6795,f002659,대구스타디움,1.6666666666666667,대구
6796,f002659,수성못,5.0,대구
6797,f002659,김광석 다시 그리기 길,5.0,대구
6798,f002659,신세계백화점 대구점,5.0,대구
6799,f002660,청도 재래시장,2.3333333333333335,경북
6800,f002660,청도읍 선,5.0,경북
6801,f002662,부산 사직종합운동장 사직야구장,5.0,부산
6802,f002663,인구해변,4.0,강원
6803,f002663,설악해변,4.0,강원
6804,f002665,행리단길,5.0,부산
6805,f002665,포니 필름,5.0,부산
6806,f002665,왕매미 오락실,3.6666666666666665,부산
6807,f002665,해운대해수욕장,5.0,부산
6808,f002669,등대해수욕장,4.666666666666667,강원
6809,f002669,속초 아이,2.0,강원
6810,f002669,한계령 휴게소,5.0,강원
6811,f002670,포항함체험관,4.333333333333333,경북
6812,f002670,오도리 간이해수욕장,3.0,경북
6813,f002670,이 가리 간이해변,5.0,경북
6814,f002676,근포 땅굴,5.0,경남
6815,f002683,원주한지테마파크,5.0,강원
6816,f002683,원주 강원감영,5.0,강원
6817,f002683,관음사,4.0,강원
6818,f002691,설악산,4.333333333333333,강원
6819,f002691,속초 등대,4.333333333333333,강원
6820,f002691,영금정,5.0,강원
6821,f002691,청초호,5.0,강원
6822,f002695,장호해변,4.666666666666667,강원
6823,f002695,삼척 장밋공원,3.0,강원
6824,f002695,강릉 중앙시장,4.666666666666667,강원
6825,f002695,사천해변,4.333333333333333,강원
6826,f002695,오징어난전,3.3333333333333335,강원
6827,f002695,속초관광수산시장,4.0,강원
6828,f002697,대릉원,5.0,경북
6829,f002697,첨성대,5.0,경북
6830,f002697,동궁과 월지,5.0,경북
6831,f002699,오죽헌,5.0,강원
6832,f002699,경포해수욕장,5.0,강원
6833,f002699,강릉 중앙시장,2.6666666666666665,강원
6834,f002699,강릉 월화 거리,3.0,강원
6835,f002701,황련단길,5.0,경북
6836,f002704,신세계백화점 김해점,3.3333333333333335,경남
6837,f002704,분산성,3.6666666666666665,경남
6838,f002708,통도사,5.0,경남
6839,f002711,한반도 농협 본점,4.333333333333333,강원
6840,f002715,두레공원,2.6666666666666665,
6841,f002715,운대리 자작나무 숲,4.0,강원
6842,f002720,황산공원,4.0,경남
6843,f002728,물치해변,5.0,강원
6844,f002729,영금정,4.0,강원
6845,f002729,속초관광수산시장,3.3333333333333335,강원
6846,f002729,속초해수욕장,3.0,강원
6847,f002729,속초해수욕장,4.0,강원
6848,f002739,국립경주박물관,5.0,경북
6849,f002742,고성 왕곡마을,2.6666666666666665,강원
6850,f002742,능파대,3.3333333333333335,강원
6851,f002742,토성농협 하나로마트 본점,4.0,강원
6852,f002743,강문해변,4.333333333333333,강원
6853,f002743,강문해변,4.0,강원
6854,f002743,강릉 중앙시장,3.0,강원
6855,f002744,수성못,5.0,대구
6856,f002744,경상감영공원,3.6666666666666665,대구
6857,f002756,광암해수욕장,5.0,경남
6858,f002756,진동 시장,3.3333333333333335,경남
6859,f002764,롯데 영 플라자 울산점,4.0,울산
6860,f002764,롯데 영 플라자 울산점,4.0,울산
6861,f002773,경주 양동 마을,2.6666666666666665,경북
6862,f002785,코잔타,5.0,대구
6863,f002785,고스트 북스,5.0,
6864,f002785,홀리데이 비지터 숍,5.0,
6865,f002785,김광석 다시 그리기 길,5.0,대구
6866,f002785,더 현대 대구,5.0,대구
6867,f002785,서문시장,5.0,대구
6868,f002788,해운대해수욕장,3.6666666666666665,부산
6869,f002788,라이언 홀리데이 인 부산,2.6666666666666665,부산
6870,f002788,롯데 프리미엄 아웃렛 동부산점,3.3333333333333335,부산
6871,f002793,월 화 역,4.0,강원
6872,f002793,강릉 월화 거리,4.0,강원
6873,f002793,유리알 유희,4.0,강원
6874,f002793,강문해변,4.333333333333333,강원
6875,f002793,사천해변,4.0,강원
6876,f002793,강릉 중앙시장,4.0,강원
6877,f002817,교촌마을,4.0,경북
6878,f002817,첨성대,4.0,경북
6879,f002817,대릉원,4.666666666666667,경북
6880,f002817,홈플러스 경주점,4.0,경북
6881,f002817,국립경주박물관,5.0,경북
6882,f002818,부석사,4.666666666666667,경북
6883,f002818,도담삼봉,3.0,충북
6884,f002819,물치해변,4.0,강원
6885,f002819,하조대 전망대,4.0,강원
6886,f002821,청라언덕,3.6666666666666665,대구
6887,f002821,서문시장,5.0,대구
6888,f002821,나이스 키친,4.666666666666667,대구
6889,f002827,청하 시장,4.0,경북
6890,f002833,스케줄 양양,3.6666666666666665,강원
6891,f002833,물치 활어회센터,4.666666666666667,강원
6892,f002833,속초관광수산시장,5.0,강원
6893,f002840,해운대 블루라인파크 청사포 정거장,5.0,부산
6894,f002840,해운대 블루라인파크 미포 정거장,5.0,부산
6895,f002840,청사포 다릿돌 전망대,5.0,부산
6896,f002840,해운대해수욕장,5.0,부산
6897,f002840,광안리해수욕장,3.6666666666666665,부산
6898,f002843,강동 몽돌해변,4.333333333333333,울산
6899,f002846,흰 여울 문화마을,4.666666666666667,부산
6900,f002850,용소골 꽃양귀비 축제,4.333333333333333,강원
6901,f002850,소금산 그랜드밸리,5.0,강원
6902,f002850,뮤지엄 산,3.6666666666666665,강원
6903,f002855,이가리 닻 전망대,4.333333333333333,경북
6904,f002855,오도리 간이해수욕장,4.333333333333333,경북
6905,f002855,영일 대전 망대,5.0,경북
6906,f002855,구룡포 일본인 가옥거리,5.0,경북
6907,f002863,소금산 출렁다리,3.6666666666666665,강원
6908,f002865,최 참판 댁,4.0,경남
6909,f002867,대릉원,4.333333333333333,경북
6910,f002867,동궁과 월지,5.0,경북
6911,f002867,첨성대,4.333333333333333,경북
6912,f002867,제로 스페이스 경주,4.0,경북
6913,f002867,가봉 방과,4.0,경북
6914,f002867,화랑의 언덕,3.3333333333333335,경북
6915,f002869,와인터널,3.6666666666666665,경북
6916,f002869,군파 클루지,3.6666666666666665,경북
6917,f002869,새마을운동 테마공원,3.3333333333333335,경북
6918,f002872,경상남도교육청 김해도서관,5.0,경남
6919,f002882,아르떼 뮤지엄 강릉,5.0,강원
6920,f002882,안목 해변,5.0,강원
6921,f002882,강릉 중앙시장,4.0,강원
6922,f002884,남매지,4.0,경북
6923,f002885,죽도 시장,3.6666666666666665,경북
6924,f002888,악양 생태공원,3.6666666666666665,경남
6925,f002893,남이섬,5.0,강원
6926,f002893,레고랜드 코리아리조트,5.0,강원
6927,f002899,이가리 닻 전망대,4.0,경북
6928,f002899,구룡포 일본인 가옥거리,2.6666666666666665,경북
6929,f002909,해운사,3.0,경북
6930,f002909,금오산 대혜폭포,5.0,경북
6931,f002914,거제 식물원 정글돔,4.333333333333333,경남
6932,f002914,다대포해수욕장,5.0,부산
6933,f002920,울산대공원 동물원,5.0,울산
6934,f002921,석굴암,5.0,경북
6935,f002921,불국사,5.0,경북
6936,f002921,첨성대,5.0,경북
6937,f002921,대릉원,3.6666666666666665,경북
6938,f002925,태종대유원지,4.333333333333333,부산
6939,f002925,흰 여울 문화마을,4.0,부산
6940,f002933,첨성대,5.0,경북
6941,f002933,국립경주박물관,5.0,경북
6942,f002933,동궁과 월지,5.0,경북
6943,f002934,간절곶,4.666666666666667,울산
6944,f002946,롯데 프리미엄 아웃렛 김해점,3.6666666666666665,경남
6945,f002946,영남루,5.0,경남
6946,f002980,설악산,4.333333333333333,강원특별자치도
6947,f002980,속초해수욕장,3.3333333333333335,강원특별자치도
6948,f003014,진양호 동물원,5.0,경남
6949,f003086,신세계백화점 김해점,4.0,경남
6950,f003097,트레이더스 홀세일 클럽 양산점,4.0,경남
6951,f003164,김광석 다시 그리기 길,3.6666666666666665,대구
6952,f003217,롯데백화점 광복점,4.0,부산
6953,f003234,진영역 철도박물관,4.333333333333333,경남
6954,f003237,두타연 금강산 가는 길 안내소,3.3333333333333335,강원특별자치도
6955,f003237,양구 백자 박물관,4.333333333333333,강원특별자치도
6956,f003246,의령군 아열대식물원,3.0,경남
6957,f003246,솥바위,4.333333333333333,경남
6958,f003247,고성공룡 박물관,4.333333333333333,경남
6959,f003247,상족암 군립 공원,4.333333333333333,경남
6960,f003252,서문시장,4.666666666666667,
6961,f003252,대구 중구 골목투어 근대문화골목(2코스),5.0,대구
6962,f003254,원주 도레미 시장,4.333333333333333,강원특별자치도
6963,f003257,대릉원,4.0,경북
6964,f003257,첨성대,3.3333333333333335,경북
6965,f003257,국립경주박물관,5.0,경북
6966,f003257,황련단길,4.666666666666667,경북
6967,f003257,동궁과 월지,4.666666666666667,경북
6968,f003263,국립김해 박물관,5.0,경남
6969,f003263,대성동 고분군,5.0,경남
6970,f003265,무릉 별유천지,4.0,강원특별자치도
6971,f003265,강릉 중앙시장,4.0,강원특별자치도
6972,f003310,제이드가든 수목원,5.0,강원특별자치도
6973,f003310,두물머리,3.6666666666666665,경기
6974,f003313,소금산 그랜드밸리,5.0,강원특별자치도
6975,f003313,소금산 그랜드밸리,5.0,강원특별자치도
6976,f003330,대구 중구 골목투어 근대문화골목(2코스),5.0,대구
6977,f003330,주교좌 계산 대성당,3.3333333333333335,대구
6978,f003333,신세계백화점 대구점,4.666666666666667,대구
6979,f003349,뮤지엄 산,5.0,강원특별자치도
6980,f003354,영일대해수욕장,5.0,경북
6981,f003373,황산공원,4.333333333333333,경남
6982,f003385,삼정 타워,4.0,부산
6983,f003385,롯데백화점 부산본점,4.333333333333333,부산
6984,f003389,경주월드,5.0,경북
6985,f003389,불국사 공영주차장,5.0,경북
6986,f003400,국립대구 박물관,4.0,대구
6987,f003400,대구미술관,4.0,대구
6988,f003400,국채보상운동 기념공원,3.3333333333333335,대구
6989,f003400,스파크 랜드,3.3333333333333335,대구
6990,f003410,오륙도 스카이워크,5.0,부산
6991,f003416,대릉원,4.666666666666667,경북
6992,f003416,천마총,3.3333333333333335,경북
6993,f003416,황금십원빵,3.3333333333333335,경북
6994,f003416,국립경주박물관,3.6666666666666665,경북
6995,f003416,황련단길,4.333333333333333,경북
6996,f003418,중앙 활어시장,3.3333333333333335,경남
6997,f003418,통영중앙전통시장,4.666666666666667,경남
6998,f003418,조선 군선,3.0,경남
6999,f003418,조선 군선,4.666666666666667,경남
7000,f003418,동피랑 벽화마을,5.0,경남
7001,f003422,비발디파크 오션월드,4.0,강원특별자치도
7002,f003438,ZARA 동성로점,4.0,대구
7003,f003438,2.28기념중앙공원,3.0,대구
7004,f003442,애니메이션박물관,5.0,강원특별자치도
7005,f003443,이케아 동부산점,4.0,부산
7006,f003443,임랑해수욕장,5.0,부산
7007,f003444,해운대해수욕장,5.0,부산
7008,f003444,송정해수욕장,5.0,부산
7009,f003447,문경새재도립공원,5.0,경북
7010,f003447,옛길 박물관,3.6666666666666665,경북
7011,f003448,광복로 패션거리,5.0,부산
7012,f003453,광안리해수욕장,5.0,부산
7013,f003453,창비 부산,5.0,부산
7014,f003454,운대리 자작나무 숲,4.666666666666667,강원특별자치도
7015,f003456,강릉 중앙시장,4.0,강원특별자치도
7016,f003456,안목 해변,5.0,강원특별자치도
7017,f003459,정선아리랑 시장,3.0,강원특별자치도
7018,f003460,황련단길,4.666666666666667,경북
7019,f003460,대릉원,4.0,경북
7020,f003467,거창 허브빌리지,5.0,경남
7021,f003467,거창 창포원,5.0,경남
7022,f003471,DGB 대구은행 파크,3.0,대구
7023,f003474,짱 오락실 대구 동성로 3호점,4.0,대구
7024,f003482,진하해수욕장,5.0,울산
7025,f003482,명선도,5.0,울산
7026,f003486,북한강,3.0,경기
7027,f003488,동궁과 월지,3.6666666666666665,경북
7028,f003488,제로 스페이스 경주,5.0,경북
7029,f003488,대릉원,3.0,경북
7030,f003494,대구 중구 골목투어 근대문화골목(2코스),5.0,대구
7031,f003494,DGB 대구은행 파크,2.0,대구
7032,f003494,네이처파크,3.3333333333333335,대구
7033,f003494,대구 이월드,3.6666666666666665,대구
7034,f003495,새마을운동 테마공원,5.0,경북
7035,f003506,하조대해수욕장,5.0,강원특별자치도
7036,f003506,서피 비치,5.0,강원특별자치도
7037,f003512,광안리해수욕장,4.0,부산
7038,f003523,신세계백화점 대구점,4.0,대구
7039,f003527,첨성대,3.0,경북
7040,f003527,우량 미술관,4.333333333333333,경북
7041,f003529,간절곶,5.0,울산
7042,f003529,대바위공원,5.0,울산
7043,f003530,DGB 대구은행 파크,4.666666666666667,대구
7044,f003530,네이처파크,5.0,대구
7045,f003530,대구 이월드,5.0,대구
7046,f003547,남매지,4.333333333333333,경북
7047,f003547,경산공설시장,3.0,경북
7048,f003553,육백마지기,5.0,강원특별자치도
7049,f003553,평창올림픽시장,3.6666666666666665,강원특별자치도
7050,f003557,아르떼 뮤지엄 강릉,3.3333333333333335,강원특별자치도
7051,f003557,강문해변,3.3333333333333335,강원특별자치도
7052,f003557,강문해변,3.3333333333333335,강원특별자치도
7053,f003559,뮤지엄 산,5.0,강원특별자치도
7054,f003562,황련단길,5.0,경북
7055,f003562,대릉원,4.333333333333333,경북
7056,f003563,강주 해바라기 마을,5.0,경남
7057,f003563,함안 연꽃테마파크,4.666666666666667,경남
7058,f003563,함안 말이 산 고분군,4.333333333333333,경남
7059,f003563,무진장,5.0,경남
7060,f003569,국립김해 박물관,5.0,경남
7061,f003576,소노벨 경주 오션 플레이,3.3333333333333335,경북
7062,f003576,대릉원,5.0,경북
7063,f003581,죽성 드림세트장,4.0,부산
7064,f003585,하늬 라벤더 팜,3.6666666666666665,강원특별자치도
7065,f003585,송지호해수욕장,3.6666666666666665,강원특별자치도
7066,f003590,뮤지엄 산,5.0,강원특별자치도
7067,f003594,경천서 공원,5.0,경북
7068,f003598,치악산국립공원 부곡 탐방지원센터,5.0,강원특별자치도
7069,f003598,치악산국립공원 부곡 탐방지원센터,5.0,강원특별자치도
7070,f003603,송대말 등대,2.6666666666666665,경북
7071,f003603,나 정고운 모래해변,2.0,경북
7072,f003603,월정교,4.0,경북
7073,f003609,남호해수욕장,5.0,경북
7074,f003617,광안리해수욕장,5.0,부산
7075,f003622,영남대학교 경산캠퍼스,4.333333333333333,경북
7076,f003622,수성못,4.0,대구
7077,f003622,동촌유원지,3.3333333333333335,대구
7078,f003623,영남루,4.333333333333333,경남
7079,f003623,트윈 터널,4.666666666666667,경남
7080,f003624,통도사,3.6666666666666665,경남
7081,f003626,소금산 출렁다리,4.0,강원특별자치도
7082,f003628,수로왕릉,4.666666666666667,경남
7083,f003636,양양 서핑학교,4.333333333333333,강원특별자치도
7084,f003636,낙산 해변,4.333333333333333,강원특별자치도
7085,f003639,서문시장,5.0,대구
7086,f003640,부산 현대미술관,5.0,부산
7087,f003640,을숙도 생태공원,5.0,부산
7088,f003640,다대포해수욕장,5.0,부산
7089,f003643,롯데 워터파크,4.333333333333333,경남
7090,f003643,롯데 프리미엄 아웃렛 김해점,5.0,경남
7091,f003650,밀란 더 마켓,3.0,부산
7092,f003650,민락수변공원,4.0,부산
7093,f003650,광안리해수욕장,5.0,부산
7094,f003653,경덕왕릉 의성 조문국사적 지,2.6666666666666665,경북
7095,f003653,사 명대사공원,3.3333333333333335,경북
7096,f003653,카페 밀,4.0,경북
7097,f003660,영남루,4.666666666666667,경남
7098,f003665,첨성대,4.0,경북
7099,f003665,월정교,5.0,경북
7100,f003666,소수서원,4.0,경북
7101,f003666,부석사,4.0,경북
7102,f003667,논골담길,4.0,강원특별자치도
7103,f003667,묵호항 수변공원,3.0,강원특별자치도
7104,f003667,한 섬 해변,4.0,강원특별자치도
7105,f003672,NC백화점 서면점,4.0,부산
7106,f003672,롯데백화점 부산본점,5.0,부산
7107,f003679,삼락생태공원,4.666666666666667,부산
7108,f003694,철원 한탄강 주상절리길,4.0,강원특별자치도
7109,f003694,고석정 국민관광지,3.0,강원특별자치도
7110,f003694,고석정,3.3333333333333335,강원특별자치도
7111,f003695,화왕산,4.666666666666667,경남
7112,f003695,창녕교동고분군,3.3333333333333335,경남
7113,f003704,씨라 이르 부산아쿠아리움,4.0,부산
7114,f003704,해운대해수욕장,4.0,부산
7115,f003704,NC백화점 해운대점,1.6666666666666667,부산
7116,f003706,수로왕릉,5.0,경남
7117,f003706,국립김해 박물관,5.0,경남
7118,f003715,청도읍 선,4.0,경북
7119,f003719,물치 활어회센터,5.0,강원특별자치도
7120,f003720,대왕암공원,3.3333333333333335,울산
7121,f003729,화명생태공원,5.0,부산
7122,f003729,범어사,5.0,부산
7123,f003730,신세계백화점 김해점,5.0,경남
7124,f003731,블루 원 워터파크,5.0,경북
7125,f003731,첨성대,4.333333333333333,경북
7126,f003732,곤륜산,4.333333333333333,경북
7127,f003732,영일대해수욕장,4.333333333333333,경북
7128,f003735,업 스퀘어,4.333333333333333,울산
7129,f003739,영남대학교 경산캠퍼스,3.3333333333333335,경북
7130,f003742,직지문화공원 김천세계도자기 박물관,3.6666666666666665,경북
7131,f003742,김천시립 박물관,4.0,경북
7132,f003742,직지사,3.6666666666666665,경북
7133,f003750,인구해변,4.0,강원특별자치도
7134,f003761,신세계백화점 센텀시티점,4.333333333333333,부산
7135,f003761,밀란 더 마켓,4.666666666666667,부산
7136,f003763,광안리해수욕장,5.0,부산
7137,f003763,해운대 블루라인파크 청사포 정거장,4.333333333333333,부산
7138,f003765,춘천 중도 물레길,4.333333333333333,강원특별자치도
7139,f003765,의암공원,2.0,강원특별자치도
7140,f003768,해운대해수욕장,5.0,부산
7141,f003768,벡스코,3.3333333333333335,부산
7142,f003775,통도사,4.0,경남
7143,f003788,국립대구 박물관,5.0,대구
7144,f003788,더 현대 대구,4.0,대구
7145,f003788,대구 중구 골목투어 근대문화골목(2코스),5.0,대구
7146,f003789,설악산 국립공원,5.0,강원특별자치도
7147,f003789,외옹치 바다 향기로,2.6666666666666665,강원특별자치도
7148,f003789,속초해수욕장,4.666666666666667,강원특별자치도
7149,f003789,BTS 버스정류장,4.0,강원특별자치도
7150,f003789,사근 긴 해변,5.0,강원특별자치도
7151,f003791,죽도 시장,4.0,경북
7152,f003791,영일대해수욕장,4.0,경북
7153,f003796,뮤지엄 산,5.0,강원특별자치도
7154,f003796,스톤 크릭,5.0,강원특별자치도
7155,f003798,송정해수욕장,4.666666666666667,부산
7156,f003798,서프짐,3.6666666666666665,부산
7157,f003798,서프짐,5.0,부산
7158,f003804,부산 현대미술관,5.0,부산
7159,f003804,스타필드 시티 명지,5.0,부산
7160,f003806,정글의 법칙,4.333333333333333,경북
7161,f003806,황금십원빵,4.0,경북
7162,f003806,오 홀리데이,5.0,
7163,f003806,황금십원빵,4.0,경북
7164,f003815,입곡 군립 공원,5.0,경남
7165,f003815,무진장,4.0,경남
7166,f003815,강주 해바라기 마을,3.3333333333333335,경남
7167,f003820,구룡포 일본인 가옥거리,3.6666666666666665,경북
7168,f003820,호미곶,4.0,경북
7169,f003820,환호공원,5.0,경북
7170,f003827,민둥산,5.0,강원특별자치도
7171,f003829,의령군 아열대식물원,3.0,경남
7172,f003836,부산영화체험 박물관,5.0,부산
7173,f003837,환호공원 스페이스 워크,5.0,경북
7174,f003837,포항 운하,3.3333333333333335,경북
7175,f003838,비발디파크 오션월드,5.0,강원특별자치도
7176,f003844,태화강 국가 정원,5.0,울산
7177,f003849,장이 대청 계곡,5.0,경남
7178,f003854,크레이지 서퍼스,5.0,부산
7179,f003854,광안리해수욕장,5.0,부산
7180,f003854,밀란 더 마켓,1.6666666666666667,부산
7181,f003857,운문사,5.0,경북
7182,f003863,비발디파크 오션월드,5.0,강원특별자치도
7183,f003872,경주 동궁원,2.6666666666666665,경북
7184,f003872,경주엑스포 대공원,3.6666666666666665,경북
7185,f003872,모다 아웃렛 경주 포항점,4.0,경북
7186,f003880,산토리니,5.0,강원특별자치도
7187,f003880,춘천 꿈 자람 어린이공원,3.3333333333333335,강원특별자치도
7188,f003885,흰 여울 문화마을,3.6666666666666665,부산
7189,f003885,국립 해양 박물관,5.0,부산
7190,f003904,함안 연꽃테마파크,4.0,경남
7191,f003913,남애 3리 해변,4.333333333333333,강원특별자치도
7192,f003913,아르떼 뮤지엄 강릉,2.3333333333333335,강원특별자치도
7193,f003916,경주월드,1.0,경북
7194,f003926,민락수변공원,5.0,부산
7195,f003928,초곡용굴촛대바위길,4.333333333333333,강원특별자치도
7196,f003928,맹방해수욕장,4.0,강원특별자치도
7197,f003928,대진 해변,4.666666666666667,강원특별자치도
7198,f003928,발왕산 관광 케이블카,5.0,강원특별자치도
7199,f003931,인구해변,5.0,강원특별자치도
7200,f003942,웰리힐리 파크 워터 플래닛,4.333333333333333,강원특별자치도
7201,f003949,오로라 파크,2.3333333333333335,강원특별자치도
7202,f003949,구문소,4.333333333333333,강원특별자치도
7203,f003949,황지공원 황지연못,3.0,강원특별자치도
7204,f003949,중앙탑공원 중원 탑평리 7층 석탑,3.6666666666666665,충북
7205,f003958,속초관광수산시장,4.0,강원특별자치도
7206,f003958,영금정,5.0,강원특별자치도
7207,f003958,민우당 서림,5.0,강원특별자치도
7208,f003958,속초해수욕장,3.6666666666666665,강원특별자치도
7209,f003958,낙산사,5.0,강원특별자치도
7210,f003958,낙산 해변,3.3333333333333335,강원특별자치도
7211,f003966,강릉 중앙시장,5.0,강원특별자치도
7212,f003966,강릉 월화 거리,3.3333333333333335,강원특별자치도
7213,f003966,강문해변,3.6666666666666665,강원특별자치도
7214,f003966,아르떼 뮤지엄 강릉,5.0,강원특별자치도
7215,f004020,밀란 더 마켓,4.333333333333333,부산
7216,f004020,NC백화점 서면점,3.3333333333333335,부산
7217,f004029,불국사,3.3333333333333335,경북
7218,f004029,송대말 등대,5.0,경북
7219,f004029,나 정고운 모래해변,5.0,경북
7220,f004029,전촌항,4.666666666666667,경북
7221,f004030,광안리해수욕장,5.0,부산
7222,f004047,사 명대사공원,3.3333333333333335,경북
7223,f004047,직지사,3.6666666666666665,경북
7224,f004047,김천 부항댐 출렁다리,1.6666666666666667,경북
7225,f004048,소노벨 청송 솔샘 온천,5.0,경북
7226,f004048,주산 저수지,4.0,경북
7227,f004050,장사항,3.6666666666666665,강원특별자치도
7228,f004050,양양전통시장,4.0,강원특별자치도
7229,f004050,소돌해변,4.0,강원특별자치도
7230,f004051,오크밸리 스키빌리지 수영장,4.0,강원특별자치도
7231,f004069,AK플라자 원주,4.0,강원특별자치도
7232,f004069,뮤지엄 산,5.0,강원특별자치도
7233,f004070,황련단길,5.0,
7234,f004070,대릉원,5.0,경북
7235,f004070,첨성대,5.0,경북
7236,f004085,배니 닭강정,4.0,강원특별자치도
7237,f004085,강문해변,4.0,강원특별자치도
7238,f004085,경포호,5.0,강원특별자치도
7239,f004085,안목 해변,5.0,강원특별자치도
7240,f004089,뮤지엄 산,5.0,강원특별자치도
7241,f004089,오크밸리리조트 조각 공원,5.0,강원특별자치도
7242,f004092,신창 간이해수욕장,3.3333333333333335,경북
7243,f004106,사천진 해변,5.0,강원특별자치도
7244,f004110,소돌해변,4.0,강원특별자치도
7245,f004110,아르떼 뮤지엄 강릉,3.6666666666666665,강원특별자치도
7246,f004116,강릉 중앙시장,5.0,강원특별자치도
7247,f004116,강릉에 컷 월화 거리점,5.0,강원특별자치도
7248,f004116,사근 긴 해변,5.0,강원특별자치도
7249,f004116,안목 해변,5.0,강원특별자치도
7250,f004118,델피노 오션 플레이,5.0,강원특별자치도
7251,f004118,속초관광수산시장,3.0,강원특별자치도
7252,f004122,소노벨 청송 솔샘 온천,5.0,경북
7253,f004122,주왕산국립공원,4.333333333333333,경북
7254,f004122,안동 구 시장,4.0,경북
7255,f004123,밀란 더 마켓,5.0,부산
7256,f004123,수영만 요트경기장,5.0,부산
7257,f004134,대릉원,4.0,경북
7258,f004134,경북 천년 숲 정원,4.0,경북
7259,f004140,강릉 중앙시장,5.0,강원특별자치도
7260,f004140,사근 긴 해변,4.666666666666667,강원특별자치도
7261,f004159,대릉원,4.333333333333333,경북
7262,f004159,동궁과 월지,5.0,경북
7263,f004166,해운대해수욕장,4.666666666666667,부산
7264,f004171,인제 스피디움 서킷,4.666666666666667,강원특별자치도
7265,f004173,아르떼 뮤지엄 강릉,5.0,강원특별자치도
7266,f004173,강문해변,5.0,강원특별자치도
7267,f004173,강릉 중앙시장,2.3333333333333335,강원특별자치도
7268,f004176,인구해변,5.0,강원특별자치도
7269,f004178,정선아리랑 시장,4.0,강원특별자치도
7270,f004178,병방치 스카이워크,3.6666666666666665,강원특별자치도
7271,f004178,화암 동굴,4.0,강원특별자치도
7272,f004187,비발디파크 오션월드,5.0,강원특별자치도
7273,f004191,광안리해수욕장,5.0,부산
7274,f004191,광안리해수욕장,5.0,부산
7275,f004192,롯데백화점 부산본점,3.3333333333333335,부산
7276,f004192,광안리 해변 테마거리,4.333333333333333,부산
7277,f004193,피닉스 평창 블루캐니언,5.0,강원특별자치도
7278,f004199,춘천 대교,5.0,강원특별자치도
7279,f004200,속초 아이,4.0,강원특별자치도
7280,f004200,속초해수욕장,5.0,강원특별자치도
7281,f004200,청초 호수공원,5.0,강원특별자치도
7282,f004209,아야진해수욕장,5.0,강원특별자치도
7283,f004209,청간정,5.0,강원특별자치도
7284,f004209,참소리축음기 박물관,5.0,강원특별자치도
7285,f004213,웰리힐리 파크,5.0,강원특별자치도
7286,f004213,웰리힐리 파크,5.0,강원특별자치도
7287,f004213,웰리힐리 파크 워터 플래닛,5.0,강원특별자치도
7288,f004216,사근 긴 해변,5.0,강원특별자치도
7289,f004216,사천진 해변,5.0,강원특별자치도
7290,f004216,사천해변,5.0,강원특별자치도
7291,f004216,주문진 방사제,5.0,강원특별자치도
7292,f004216,BTS 버스정류장,5.0,강원특별자치도
7293,f004244,기사문해수욕장,5.0,강원특별자치도
7294,f004244,주문진 좌판 풍물시장,3.3333333333333335,강원특별자치도
7295,f004244,영진해변,5.0,강원특별자치도
7296,f004244,경포대,5.0,강원특별자치도
7297,f004249,비발디파크 오션월드,5.0,강원특별자치도
7298,f004253,대왕암공원,4.333333333333333,울산
7299,f004255,해운대해수욕장,4.333333333333333,부산
7300,f004255,해운대해수욕장,4.666666666666667,부산
7301,f004258,정암해변,5.0,강원특별자치도
7302,f004258,낙산사,3.6666666666666665,강원특별자치도
7303,f004258,속초관광수산시장,4.0,강원특별자치도
7304,f004258,속초 아이,2.3333333333333335,강원특별자치도
7305,f004272,강릉 중앙시장,4.666666666666667,강원특별자치도
7306,f004272,홈플러스 강릉점,3.6666666666666665,강원특별자치도
7307,f004272,경포해수욕장,4.0,강원특별자치도
7308,f004272,월파정,2.3333333333333335,강원특별자치도
7309,f004276,광안리해수욕장,5.0,부산
7310,f004291,철원 한탄강 주상절리길,4.0,강원특별자치도
7311,f004308,대릉원,4.333333333333333,경북
7312,f004308,동궁과 월지,3.6666666666666665,경북
7313,f004308,불국사,4.0,경북
7314,f004308,석굴암,2.3333333333333335,경북
7315,f004308,첨성대,4.0,경북
7316,f004311,경포대,5.0,강원특별자치도
7317,f004311,강릉 선교장,5.0,강원특별자치도
7318,f004311,사근 긴 해변,5.0,강원특별자치도
7319,f004311,피닉스 평창 블루캐니언,5.0,강원특별자치도
7320,f004312,하슬라아트월드,5.0,강원특별자치도
7321,f004312,하슬라아트월드,5.0,강원특별자치도
7322,f004312,강릉 카페거리,5.0,강원특별자치도
7323,f004375,황련단길,5.0,경북
7324,f004375,황련단길,5.0,경북
7325,f004375,우량 미술관,5.0,경북
7326,f004375,대릉원,5.0,경북
7327,f004376,주문진해변,5.0,강원특별자치도
7328,f004376,송정해변,4.0,강원특별자치도
7329,f004380,롯데 프리미엄 아웃렛 동부산점,3.0,부산
7330,f004380,해동용궁사,4.333333333333333,부산
7331,f004381,석굴암,4.333333333333333,경북
7332,f004383,경주 양동 마을,4.0,경북
7333,f004383,동궁과 월지,5.0,경북
7334,f004385,일광이 전 생태공원,5.0,부산
7335,f004385,롯데 프리미엄 아웃렛 동부산점,5.0,부산
7336,f004389,계곡,5.0,
7337,f004393,해동용궁사,5.0,부산
7338,f004395,공지천,5.0,강원특별자치도
7339,f004396,소돌해변,4.333333333333333,강원특별자치도
7340,f004396,소돌해변,3.6666666666666665,강원특별자치도
7341,f004396,스타벅스 강릉강문해변점,3.3333333333333335,강원특별자치도
7342,f004396,강문해변,3.0,강원특별자치도
7343,f004415,경포호,4.0,강원특별자치도
7344,f004415,주문진 수산시장,5.0,강원특별자치도
7345,f004415,하조대 전망대,4.666666666666667,강원특별자치도
7346,f004415,오죽헌,4.0,강원특별자치도
7347,f004423,추암 촛대바위,4.666666666666667,강원특별자치도
7348,f004423,이사 부상자 공원,1.3333333333333333,강원특별자치도
7349,f004423,쏠비치 삼척 오션 플레이,4.0,강원특별자치도
7350,f004428,경포호,5.0,강원특별자치도
7351,f004428,경포해수욕장,5.0,강원특별자치도
7352,f004428,안목 해변,5.0,강원특별자치도
7353,f004428,안목 해변,5.0,강원특별자치도
7354,f004428,라라의 안목,5.0,강원특별자치도
7355,f004428,안목 해변,5.0,강원특별자치도
7356,f004440,포항 송도 해수욕장,5.0,경북
7357,f004440,죽도 시장,5.0,경북
7358,f004441,경주월드,5.0,경북
7359,f004441,첨성대,3.0,경북
7360,f004441,동궁과 월지,3.0,경북
7361,f004441,경주 문무대왕릉,3.0,경북
7362,f004449,간절곶,4.666666666666667,울산
7363,f004449,진하해수욕장,5.0,울산
7364,f004461,하조대해수욕장,4.333333333333333,강원특별자치도
7365,f004461,오죽헌,4.0,강원특별자치도
7366,f004461,강릉 중앙시장,4.0,강원특별자치도
7367,f004462,봉평 전통시장,4.333333333333333,강원특별자치도
7368,f004465,롯데 프리미엄 아웃렛 동부산점,4.666666666666667,부산
7369,f004465,아난티 힐튼 부산,5.0,부산
7370,f004466,신세계백화점 센텀시티점,5.0,부산
7371,f004466,광안리해수욕장,5.0,부산
7372,f004466,광안리해수욕장,5.0,부산
7373,f004471,태화강 국가 정원,4.0,울산
7374,f004471,태화강 국가 정원,5.0,울산
7375,f004488,사천진 해변,4.333333333333333,강원특별자치도
7376,f004488,사천진 바위섬,5.0,강원특별자치도
7377,f004488,주문진해변,5.0,강원특별자치도
7378,f004489,첨성대,5.0,경북
7379,f004489,황련단길,5.0,경북
7380,f004489,교촌마을,5.0,경북
7381,f004489,경주 동궁원,5.0,경북
7382,f004498,평창영월정선축협 하나로마트 영월점,5.0,강원특별자치도
7383,f004506,서문시장,3.6666666666666665,대구
7384,f004506,더 현대 대구,3.3333333333333335,대구
7385,f004506,김광석 다시 그리기 길,3.3333333333333335,대구
7386,f004506,대구미술관,3.3333333333333335,대구
7387,f004510,평창영월정선축협 하나로마트 영월점,5.0,강원특별자치도
7388,f004513,월정교,4.666666666666667,경북
7389,f004513,동궁과 월지,5.0,경북
7390,f004513,동궁과 월지,5.0,경북
7391,f004515,블루 원 워터파크,4.0,경북
7392,f004516,비발디파크 오션월드,4.0,강원특별자치도
7393,f004516,팔봉산관광지,5.0,강원특별자치도
7394,f004518,장호항,4.0,강원특별자치도
7395,f004518,어달해변,4.0,
7396,f004518,망상 해변,5.0,강원특별자치도
7397,f004522,국립경주박물관,3.3333333333333335,경북
7398,f004522,대릉원,3.6666666666666665,경북
7399,f004523,뮤지엄 산,5.0,강원특별자치도
7400,f004523,원주 자유시장,4.0,강원특별자치도
7401,f004524,죽도 시장,4.333333333333333,경북
7402,f004526,안목 해변,4.0,강원특별자치도
7403,f004526,강릉 중앙시장,3.0,강원특별자치도
7404,f004533,남애 3리 해변,5.0,강원특별자치도
7405,f004535,기장시장,5.0,부산
7406,f004535,해동용궁사,5.0,부산
7407,f004535,죽성 드림세트장,5.0,부산
7408,f004556,밀란 더 마켓,5.0,부산
7409,f004556,광안리해수욕장,5.0,부산
7410,f004556,벡스코,4.333333333333333,부산
7411,f004557,경포호,4.0,강원특별자치도
7412,f004558,서면 미술관,5.0,부산
7413,f004558,해운대해수욕장,4.666666666666667,부산
7414,f004558,민락 회 타운 시장,5.0,부산
7415,f004558,광안리해수욕장,5.0,부산
7416,f004558,해운대 블루라인파크 미포 정거장,5.0,부산
7417,f004561,안동문화의 거리,3.6666666666666665,경북
7418,f004561,안동 하회마을,5.0,경북
7419,f004561,문보트,5.0,경북
7420,f004561,만휴정,5.0,경북
7421,f004562,대구 백화점 대백플라자점,4.0,대구
7422,f004562,서문시장,3.6666666666666665,대구
7423,f004562,수성못,4.0,대구
7424,f004577,안동 중앙 신시장,5.0,경북
7425,f004577,이마트 안동점,5.0,경북
7426,f004578,부산 사직종합운동장 사직야구장,5.0,부산
7427,f004578,포셋 전포점,4.0,부산
7428,f004578,광안리해수욕장,3.6666666666666665,부산
7429,f004582,청초호,4.333333333333333,강원특별자치도
7430,f004582,설악워터피아,4.666666666666667,강원특별자치도
7431,f004585,주문진해변,5.0,강원특별자치도
7432,f004585,안목 해변,3.0,강원특별자치도
7433,f004585,수긋해 변,4.333333333333333,강원특별자치도
7434,f004585,사근 긴 해변,5.0,강원특별자치도
7435,f004585,강릉 중앙시장,4.0,강원특별자치도
7436,f004585,아르떼 뮤지엄 강릉,5.0,강원특별자치도
7437,f004585,강문해변,5.0,강원특별자치도
7438,f004585,강릉 월화 거리,3.0,강원특별자치도
7439,f004588,서피 비치,4.333333333333333,강원특별자치도
7440,f004588,정암해변,4.0,강원특별자치도
7441,f004588,낙산사,3.3333333333333335,강원특별자치도
7442,f004588,신세계 프리미엄 아울렛 여주,4.0,경기
7443,f004590,뮤지엄 산,5.0,강원특별자치도
7444,f004608,강릉 월화 거리,4.333333333333333,강원특별자치도
7445,f004608,안목 해변,5.0,강원특별자치도
7446,f004608,경포호,4.0,강원특별자치도
7447,f004608,강문해변,4.666666666666667,강원특별자치도
7448,f004608,원더 스카이,4.0,강원특별자치도
7449,f004621,진주성,5.0,경남
7450,f004628,독락당,4.666666666666667,경북
7451,f004633,영화 리틀 포레스트 촬영지,4.0,
7452,f004633,고운사,3.0,경북
7453,f004642,발왕산 관광 케이블카,3.0,강원특별자치도
7454,f004642,안목 해변,5.0,강원특별자치도
7455,f004645,레고랜드 코리아리조트,3.0,강원특별자치도
7456,f004648,안동소주 전통음식 박물관,3.3333333333333335,경북
7457,f004648,만휴정,4.0,경북
7458,f004648,낙강 물길 공원,5.0,경북
7459,f004648,안동 하회마을,4.666666666666667,경북
7460,f004648,병산서원,5.0,경북
7461,f004648,하회 세계 탈 박물관,3.3333333333333335,경북
7462,f004649,카페 감자밭 본점,4.0,강원특별자치도
7463,f004650,삼 성현 역사 문화공원,5.0,경북
7464,f004650,반곡리,5.0,경북
7465,f004659,신세계백화점 대구점,5.0,대구
7466,f004661,자수정 동굴나라,5.0,울산
7467,f004691,호미곶,3.0,경북
7468,f004691,구룡포 일본인 가옥거리,3.0,경북
7469,f004691,영일대해수욕장,4.0,경북
7470,f004691,죽도 시장,3.0,경북
7471,f004691,포항 철길 숲,3.0,경북
7472,f004694,광안리해수욕장,5.0,부산
7473,f004694,동백 섬,5.0,부산
7474,f004694,밀란 더 마켓,4.0,부산
7475,f004694,광안리해수욕장,5.0,부산
7476,f004696,젊은 달 와이 파크,5.0,강원특별자치도
7477,f004698,육백마지기,4.333333333333333,강원특별자치도
7478,f004698,월정사,4.666666666666667,강원특별자치도
7479,f004702,금오산 케이블카,3.3333333333333335,경북
7480,f004702,금오산 대혜폭포,3.6666666666666665,경북
7481,f004706,홍천중앙시장,2.6666666666666665,강원특별자치도
7482,f004710,캠프 8,4.0,경북
7483,f004715,첨성대,3.3333333333333335,경북
7484,f004715,경주월드,5.0,경북
7485,f004715,동궁과 월지,5.0,경북
7486,f004715,월정교,5.0,경북
7487,f004718,해운대해수욕장,4.0,부산
7488,f004718,동백 섬,4.0,부산
7489,f004732,용추계곡,5.0,경남
7490,f004732,거창박물관,5.0,경남
7491,f004742,삼척해변,4.0,강원특별자치도
7492,f004742,장호항,4.0,강원특별자치도
7493,f004742,삼척해변,4.0,강원특별자치도
7494,f004742,추암 촛대바위,4.0,강원특별자치도
7495,f004742,삼척해변,4.0,강원특별자치도
7496,f004744,원주 강원감영,4.333333333333333,강원특별자치도
7497,f004747,롯데 워터파크,5.0,경남
7498,f004747,수로왕릉,3.0,경남
7499,f004754,죽도 시장,4.0,경북
7500,f004754,롯데백화점 포항점,4.0,경북
7501,f004754,영일고,4.0,경북
7502,f004754,영일고,4.0,경북
7503,f004754,철길 숲,3.0,경북
7504,f004759,애니메이션박물관,5.0,
7505,f004759,강원 특별 자치도립화목원,3.0,강원특별자치도
7506,f004766,황련단길,2.6666666666666665,경북
7507,f004766,첨성대,4.333333333333333,경북
7508,f004766,동궁과 월지,4.0,경북
7509,f004766,경주 오릉,4.0,경북
7510,f004766,대릉원,4.333333333333333,경북
7511,f004767,횡성호수길,4.0,강원특별자치도
7512,f004767,풍수원 성당,3.0,강원특별자치도
7513,f004770,고모산성,4.0,경북
7514,f004770,문경오미자 테마 터널,3.0,
7515,f004778,첨성대,4.0,경북
7516,f004778,황련단길,4.333333333333333,경북
7517,f004782,도구해수욕장,3.3333333333333335,경북
7518,f004782,구룡포 일본인 가옥거리,2.6666666666666665,경북
7519,f004782,환호공원 포항시립미술관,4.666666666666667,경북
7520,f004793,안목 해변,4.333333333333333,강원특별자치도
7521,f004793,임당동 성당,4.0,강원특별자치도
7522,f004793,고래 책방,4.666666666666667,강원특별자치도
7523,f004793,경포 생태 저류지,5.0,강원특별자치도
7524,f004793,사근 긴 해변,5.0,강원특별자치도
7525,f004800,강릉 중앙시장,4.666666666666667,강원특별자치도
7526,f004800,안목 해변,4.0,강원특별자치도
7527,f004800,안목 해변,4.0,강원특별자치도
7528,f004800,안목 해변,5.0,강원특별자치도
7529,f004801,송대말 등대,4.333333333333333,
7530,f004801,송대말 등대,3.6666666666666665,경북
7531,f004801,석굴암,4.0,경북
7532,f004805,속초관광수산시장,5.0,강원특별자치도
7533,f004805,동호해변,5.0,강원특별자치도
7534,f004805,낙산사,5.0,강원특별자치도
7535,f004809,뮤지엄 산,4.0,강원특별자치도
7536,f004813,곤륜산,4.0,경북
7537,f004813,월포해수욕장,3.0,경북
7538,f004815,송정해변,4.0,강원특별자치도
7539,f004815,사근 진해 중공원 전망대,3.0,강원특별자치도
7540,f004815,사근 진해 중공원 전망대,3.6666666666666665,강원특별자치도
7541,f004817,경주 루지 월드,4.0,경북
7542,f004817,보문호,3.6666666666666665,경북
7543,f004817,월정교,5.0,경북
7544,f004817,경주 중앙시장,4.0,경북
7545,f004817,첨성대,4.333333333333333,경북
7546,f004817,대릉원,2.6666666666666665,경북
7547,f004817,동궁과 월지,5.0,경북
7548,f004821,직지문화공원,4.0,경북
7549,f004826,그리너리,4.0,강원특별자치도
7550,f004829,경주 루지 월드,5.0,경북
7551,f004829,동궁과 월지,5.0,경북
7552,f004829,월정교,5.0,경북
7553,f004829,황련단길,5.0,경북
7554,f004829,대릉원,5.0,경북
7555,f004829,천마총,5.0,경북
7556,f004829,첨성대,5.0,경북
7557,f004829,교촌마을,5.0,경북
7558,f004829,황련단길,5.0,경북
7559,f004831,쌍용계곡,5.0,경북
7560,f004831,문경새재도립공원,5.0,경북
7561,f004831,문경새재 오픈세트장,5.0,경북
7562,f004836,광안리해수욕장,5.0,부산
7563,f004836,삼정 타워,3.6666666666666665,부산
7564,f004840,문경새재 오픈세트장,4.0,경북
7565,f004840,문경새재도립공원,5.0,
7566,f004853,황산공원,5.0,경남
7567,f004863,첨성대,4.666666666666667,경북
7568,f004863,동궁과 월지,5.0,경북
7569,f004863,바실라,4.0,경북
7570,f004875,반곡리,5.0,경북
7571,f004875,용천사,5.0,경북
7572,f004876,만휴정,4.0,경북
7573,f004876,병산서원,4.333333333333333,경북
7574,f004876,낙강 물길 공원,1.6666666666666667,경북
7575,f004879,안동 하회마을,4.333333333333333,경북
7576,f004879,문보트,3.0,경북
7577,f004888,KTG 상상마당 부산,5.0,부산
7578,f004888,광안리해수욕장,5.0,부산
7579,f004892,부산 시립미술관,5.0,부산
7580,f004892,영화의 전당,4.333333333333333,부산
7581,f004892,광안리해수욕장,5.0,부산
7582,f004892,이케아 동부산점,5.0,부산
7583,f004892,죽성 드림세트장,5.0,부산
7584,f004892,일광해수욕장,2.3333333333333335,부산
7585,f004894,해피 초원 목장,3.0,강원특별자치도
7586,f004894,소양강 스카이워크,2.3333333333333335,강원특별자치도
7587,f004894,춘천 낭만시장,2.3333333333333335,강원특별자치도
7588,f004894,남이섬,5.0,강원특별자치도
7589,f004895,설악산 국립공원 입구,5.0,
7590,f004895,속초관광수산시장,5.0,강원특별자치도
7591,f004895,속초해수욕장,5.0,강원특별자치도
7592,f004895,외옹치 바다 향기로,5.0,강원특별자치도
7593,f004895,속초 아이,4.0,강원특별자치도
7594,f004903,설악산 국립공원,4.666666666666667,강원특별자치도
7595,f004903,설악산 흔들바위,3.6666666666666665,강원특별자치도
7596,f004903,정동진 해변,3.0,강원특별자치도
7597,f004903,미인폭포,4.666666666666667,강원특별자치도
7598,f004911,광안리해수욕장,4.333333333333333,부산
7599,f004919,경주월드,5.0,경북
7600,f004929,나인 비치 37 surfpub,5.0,강원특별자치도
7601,f004929,망상 해변,5.0,강원특별자치도
7602,f004929,추암 촛대바위,5.0,강원특별자치도
7603,f004929,천곡 황금박쥐동굴,5.0,강원특별자치도
7604,f004939,국립춘천 박물관,3.6666666666666665,강원특별자치도
7605,f004939,이마트 춘천점,4.0,강원특별자치도
7606,f004939,레고랜드 코리아리조트,5.0,강원특별자치도
7607,f004972,문경오미자 테마공원,2.6666666666666665,경북
7608,f004972,문경철로자전거 진남역,1.6666666666666667,경북
7609,f005002,월정사,5.0,강원특별자치도
7610,f005002,상원사,3.6666666666666665,강원특별자치도
7611,f005002,월정사,5.0,강원특별자치도
7612,f005002,곳,3.6666666666666665,강원특별자치도
7613,f005003,첨성대,5.0,경북
7614,f005003,경주 보문관광단지,5.0,경북
7615,f005005,뽀로로 아쿠아빌리지,4.0,경북
7616,f005005,보문호,4.0,경북
7617,f005005,국립경주박물관,4.333333333333333,경북
7618,f005006,대전사,5.0,경북
7619,f005006,용추폭포,4.0,경북
7620,f005013,서문시장,5.0,대구
7621,f005016,첨성대,5.0,경북
7622,f005016,경주읍성,5.0,경북
7623,f005016,황련단길,5.0,경북
7624,f005016,월정교,5.0,경북
7625,f005016,교촌마을,5.0,경북
7626,f005016,경주역사유적지구,5.0,경북
7627,f005016,불국사,5.0,경북
7628,f005019,대구 이월드,4.0,대구
7629,f005019,스파크 랜드,4.0,대구
7630,f005035,간절곶,4.0,울산
7631,f005035,진하해수욕장,5.0,울산
7632,f005048,대릉원,4.0,경북
7633,f005048,천마총,2.6666666666666665,경북
7634,f005048,첨성대,4.333333333333333,경북
7635,f005048,동궁과 월지,4.333333333333333,경북
7636,f005048,첨성대,4.0,경북
7637,f005048,월정교,4.0,경북
7638,f005048,분황사,4.0,경북
7639,f005048,동궁과 월지 연꽃 단지,3.6666666666666665,경북
7640,f005052,평창무이예술관,2.6666666666666665,강원특별자치도
7641,f005053,쌍산재,4.333333333333333,전남
7642,f005054,해인사,4.0,경남
7643,f005058,장사해수욕장,2.6666666666666665,경북
7644,f005058,장사해수욕장,4.333333333333333,경북
7645,f005064,바다정원,4.0,강원특별자치도
7646,f005064,속초관광수산시장,3.0,강원특별자치도
7647,f005080,행리단길,5.0,부산
7648,f005080,클럽 디 오아시스,4.333333333333333,부산
7649,f005080,광안리해수욕장,5.0,부산
7650,f005080,밀란 더 마켓,5.0,부산
7651,f005085,남일대해수욕장,4.0,경남
7652,f005090,대구근대역사관,4.0,대구
7653,f005090,서문시장,4.0,대구
7654,f005092,더 현대 대구,5.0,대구
7655,f005092,서문시장,3.0,대구
7656,f005104,남이섬,5.0,강원특별자치도
7657,f005104,남이섬 나미 콩쿠르 갤러리,4.0,강원특별자치도
7658,f005106,해운대해수욕장,3.0,부산
7659,f005106,신세계백화점 센텀시티점,5.0,부산
7660,f005106,광안리해수욕장,5.0,부산
7661,f005106,자갈치시장,3.0,부산
7662,f005114,경포 생태 저류지,4.0,강원특별자치도
7663,f005114,강문해변,5.0,강원특별자치도
7664,f005114,강릉 중앙시장,3.0,강원특별자치도
7665,f005129,부용대,3.0,경북
7666,f005129,안동 하회마을,5.0,경북
7667,f005129,월영교,5.0,경북
7668,f005129,예끼 마을,1.3333333333333333,경북
7669,f005129,도산서원,5.0,경북
7670,f005135,속초관광수산시장,3.0,강원특별자치도
7671,f005135,속초해수욕장,3.0,강원특별자치도
7672,f005135,영금정,3.0,강원특별자치도
7673,f005135,아야진해수욕장,4.0,강원특별자치도
7674,f005135,봉포 해변,3.0,강원특별자치도
7675,f005135,천진해변,4.0,강원특별자치도
7676,f005135,미시령,3.0,강원특별자치도
7677,f005135,매바위 인공폭포,3.0,강원특별자치도
7678,f005156,강릉 선교장,5.0,강원특별자치도
7679,f005156,경포해수욕장,5.0,강원특별자치도
7680,f005156,경포해수욕장,5.0,강원특별자치도
7681,f005156,런닝맨 강릉점,5.0,강원특별자치도
7682,f005156,아르떼 뮤지엄 강릉,5.0,강원특별자치도
7683,f005156,아르떼 뮤지엄 강릉,5.0,강원특별자치도
7684,f005169,사근 긴 해변,5.0,강원특별자치도
7685,f005169,사근 진해 중공원 전망대,5.0,강원특별자치도
7686,f005169,경포호,4.0,강원특별자치도
7687,f005169,강릉 중앙시장,5.0,강원특별자치도
7688,f005185,남이섬,4.333333333333333,강원특별자치도
7689,f005195,캠프 8,4.666666666666667,경북
7690,f005197,강문해변,4.333333333333333,강원특별자치도
7691,f005206,수타사,5.0,강원특별자치도
7692,f005206,홍천 미술관,5.0,강원특별자치도
7693,f005212,설악해변,5.0,강원특별자치도
7694,f005212,설악해변,5.0,강원특별자치도
7695,f005212,낙산사,5.0,강원특별자치도
7696,f005214,이케아 동부산점,3.6666666666666665,부산
7697,f005214,롯데 프리미엄 아웃렛 동부산점,3.6666666666666665,부산
7698,f005220,남사예담촌,4.333333333333333,경남
7699,f005240,백담사,5.0,강원특별자치도
7700,f005240,통일전망대,5.0,강원특별자치도
7701,f005244,해운대해수욕장,5.0,부산
7702,f005248,속초 아이,3.3333333333333335,강원특별자치도
7703,f005248,속초해수욕장,3.3333333333333335,강원특별자치도
7704,f005248,설악워터피아,4.0,강원특별자치도
7705,f005261,제이드가든 수목원,3.0,강원특별자치도
7706,f005268,외옹치 바다 향기로,5.0,강원특별자치도
7707,f005268,속초해수욕장,5.0,강원특별자치도
7708,f005268,속초관광수산시장,5.0,강원특별자치도
7709,f005268,영금정,5.0,강원특별자치도
7710,f005269,수성못,5.0,대구
7711,f005269,대구 중구 골목투어 근대문화골목(2코스),5.0,대구
7712,f005269,더 현대 대구,5.0,대구
7713,f005269,김광석 다시 그리기 길,5.0,대구
7714,f005274,부경대학교 대학극장,5.0,부산
7715,f005274,부경대학교 대학극장,5.0,부산
7716,f005274,해운대해수욕장,2.0,부산
7717,f005274,광안리해수욕장,5.0,부산
7718,f005275,하조대해수욕장,4.0,강원특별자치도
7719,f005275,낙산사,4.0,강원특별자치도
7720,f005275,낙산 해변,4.0,강원특별자치도
7721,f005279,동피랑 벽화마을,4.0,경남
7722,f005280,벌열 메타세쿼이아 숲,2.3333333333333335,경북
7723,f005280,영덕 해 파랑공원,4.0,경북
7724,f005280,고래불해수욕장,4.0,경북
7725,f005281,남호해수욕장,4.0,경북
7726,f005291,불국사,5.0,경북
7727,f005291,석굴암,5.0,경북
7728,f005291,대릉원,5.0,경북
7729,f005291,동궁과 월지,5.0,경북
7730,f005291,월정교,5.0,
7731,f005296,죽도 시장,5.0,경북
7732,f005296,환호공원 스페이스 워크,3.6666666666666665,경북
7733,f005296,구룡포 일본인 가옥거리,5.0,경북
7734,f005301,하슬라아트월드,3.6666666666666665,강원특별자치도
7735,f005301,주문진 방사제,3.6666666666666665,강원특별자치도
7736,f005301,영진해변,3.3333333333333335,강원특별자치도
7737,f005301,아르떼 뮤지엄 강릉,3.6666666666666665,강원특별자치도
7738,f005302,성류굴,4.0,경북
7739,f005302,고래불해수욕장,4.0,경북
7740,f005316,등대해수욕장,3.0,강원특별자치도
7741,f005316,영금정,4.0,
7742,f005320,한 섬 해변,4.0,강원특별자치도
7743,f005320,도째비골해랑전망대,3.3333333333333335,강원특별자치도
7744,f005325,롯데 워터파크,3.3333333333333335,경남
7745,f005333,하회 세계 탈 박물관,4.0,경북
7746,f005334,해운대해수욕장,3.6666666666666665,부산
7747,f005334,해운대해수욕장,4.0,부산
7748,f005334,행리단길,3.3333333333333335,부산
7749,f005334,신세계백화점 센텀시티점,4.0,부산
7750,f005337,소돌해변,4.0,강원특별자치도
7751,f005337,아르떼 뮤지엄 강릉,4.333333333333333,강원특별자치도
7752,f005341,신세계백화점 대구점,5.0,대구
7753,f005341,서문시장,4.0,대구
7754,f005341,경북대학교 대구캠퍼스,4.333333333333333,대구
7755,f005348,남애 3리 해변,4.666666666666667,강원특별자치도
7756,f005348,속초 아이,3.3333333333333335,강원특별자치도
7757,f005350,송정해수욕장,4.0,부산
7758,f005351,석굴암,1.0,경북
7759,f005351,불국사,4.333333333333333,경북
7760,f005351,대릉원,4.0,경북
7761,f005351,황련단길,4.0,경북
7762,f005351,동궁과 월지,4.333333333333333,경북
7763,f005351,첨성대,4.666666666666667,경북
7764,f005351,중앙로 지하상가,4.333333333333333,대전
7765,f005365,첨성대,4.333333333333333,
7766,f005365,동궁과 월지,5.0,경북
7767,f005368,강릉 중앙시장,3.3333333333333335,강원특별자치도
7768,f005372,석굴암,3.6666666666666665,경북
7769,f005372,불국사,3.6666666666666665,경북
7770,f005372,경주월드,3.6666666666666665,경북
7771,f005382,라라의 안목,3.0,강원특별자치도
7772,f005382,안목 해변,5.0,강원특별자치도
7773,f005382,강릉 중앙시장,5.0,강원특별자치도
7774,f005382,오죽헌,5.0,강원특별자치도
7775,f005382,강릉 월화 거리,5.0,강원특별자치도
7776,f005393,피닉스 평창 블루캐니언,3.3333333333333335,강원특별자치도
7777,f005393,피닉스 평창 곤돌라,2.6666666666666665,강원특별자치도
7778,f005394,청초 호수공원,4.0,강원특별자치도
7779,f005394,영금정,3.6666666666666665,강원특별자치도
7780,f005394,속초해수욕장,4.0,강원특별자치도
7781,f005394,아바이마을 벽화골목,4.333333333333333,강원특별자치도
7782,f005407,강동 몽돌해변,4.666666666666667,울산
7783,f005408,대구 중구 골목투어 근대문화골목(2코스),5.0,대구
7784,f005408,서문시장,5.0,대구
7785,f005408,경상감영공원,5.0,대구
7786,f005408,국립대구 박물관,5.0,대구
7787,f005408,동촌유원지,5.0,대구
7788,f005410,클럽 디 오아시스,4.0,부산
7789,f005417,와인터널,4.666666666666667,경북
7790,f005417,군파 클루지,4.666666666666667,경북
7791,f005424,창비 부산,4.333333333333333,부산
7792,f005424,광안리해수욕장,3.6666666666666665,부산
7793,f005431,라이언 홀리데이 인 부산,4.333333333333333,부산
7794,f005431,부평 깡통시장,5.0,부산
7795,f005442,보현산댐 짚와이어,4.333333333333333,경북
7796,f005442,임고서원,3.3333333333333335,경북
7797,f005450,이가리 닻 전망대,3.3333333333333335,경북
7798,f005450,환호공원 포항시립미술관,3.0,경북
7799,f005450,영일대해수욕장,3.6666666666666665,경북
7800,f005468,석굴암,5.0,경북
7801,f005468,불국사,5.0,경북
7802,f005468,대릉원,5.0,경북
7803,f005468,월정교,5.0,경북
7804,f005468,교촌마을,3.6666666666666665,경북
7805,f005482,낙산 해변,3.6666666666666665,강원특별자치도
7806,f005482,남대천,5.0,강원특별자치도
7807,f005485,스파 더 스페이스,3.3333333333333335,경남
7808,f005495,소양강 스카이워크,4.666666666666667,강원특별자치도
7809,f005495,강촌레일파크 김유정역,5.0,강원특별자치도
7810,f005496,키와,3.6666666666666665,경북
7811,f005496,황금십원빵,2.0,경북
7812,f005496,가마솥 족발,4.0,경북
7813,f005496,동궁과 월지,4.0,경북
7814,f005496,블루 원 워터파크,3.3333333333333335,경북
7815,f005496,황남 옥수수 황리단길점,3.3333333333333335,경북
7816,f005498,대릉원,5.0,경북
7817,f005498,첨성대,5.0,경북
7818,f005506,아르떼 뮤지엄 강릉,5.0,강원특별자치도
7819,f005506,송정해변,4.666666666666667,강원특별자치도
7820,f005506,사근 긴 해변,5.0,강원특별자치도
7821,f005506,강문해변,5.0,강원특별자치도
7822,f005509,스파 더 스페이스,2.0,경남
7823,f005512,송정해수욕장,4.0,부산
7824,f005512,부산 아시아드 주경기장,3.6666666666666665,부산
7825,f005513,진주성,5.0,경남
7826,f005519,부산 시립미술관,5.0,부산
7827,f005519,국제시장,4.0,부산
7828,f005519,부평 깡통시장,4.0,부산
7829,f005520,강문해변,4.666666666666667,강원특별자치도
7830,f005526,경포해수욕장,5.0,강원특별자치도
7831,f005526,속초관광수산시장,4.0,강원특별자치도
7832,f005526,속초해수욕장,5.0,강원특별자치도
7833,f005528,경주월드,5.0,경북
7834,f005528,황련단길,5.0,경북
7835,f005532,제이드가든 수목원,5.0,강원특별자치도
7836,f005532,쁘띠프랑스,1.3333333333333333,경기
7837,f005533,인구해변,4.0,강원특별자치도
7838,f005540,등 계산 스카이워크,5.0,경북
7839,f005543,오죽헌,1.3333333333333333,강원특별자치도
7840,f005549,안동 중앙 신시장,4.0,경북
7841,f005549,홈플러스 안동점,5.0,경북
7842,f005549,월영교,5.0,경북
7843,f005551,거창 전통시장,4.0,경남
7844,f005551,거창 창포원,4.666666666666667,경남
7845,f005556,평창무이예술관,5.0,강원특별자치도
7846,f005575,황산공원,4.666666666666667,경남
7847,f005577,월정사,3.6666666666666665,강원특별자치도
7848,f005577,발왕산 관광 케이블카,4.0,강원특별자치도
7849,f005584,부석사,5.0,경북
7850,f005584,코어 세계 과학관,5.0,경북
7851,f005590,전포 카페거리,5.0,부산
7852,f005590,광안리해수욕장,5.0,부산
7853,f005591,만휴정,5.0,경북
7854,f005591,낙강 물길 공원,5.0,경북
7855,f005591,월영교,5.0,경북
7856,f005591,안동 하회마을,5.0,경북
7857,f005604,월 화 역,3.6666666666666665,강원특별자치도
7858,f005604,안목 해변,4.666666666666667,강원특별자치도
7859,f005604,하슬라아트월드,3.0,강원특별자치도
7860,f005604,경포해수욕장,4.333333333333333,강원특별자치도
7861,f005615,서프 홀릭 다대포,5.0,부산
7862,f005615,다대포해수욕장,5.0,부산
7863,f005615,다대포 해변공원,3.6666666666666665,부산
7864,f005615,서프 홀릭 다대포,4.666666666666667,부산
7865,f005615,다대포 해변공원,3.3333333333333335,부산
7866,f005621,추암 촛대바위,3.6666666666666665,강원특별자치도
7867,f005621,강원랜드,3.0,강원특별자치도
7868,f005622,환호공원 스페이스 워크,4.0,경북
7869,f005622,영일대해수욕장,5.0,경북
7870,f005622,호미곶 해맞이 광장,4.0,경북
7871,f005622,구룡포 일본인 가옥거리,3.0,경북
7872,f005635,고래불해수욕장,5.0,경북
7873,f005635,고래불해수욕장,3.6666666666666665,경북
7874,f005640,독락당,3.0,경북
7875,f005640,오류고아라 해변,5.0,경북
7876,f005640,국립경주박물관,4.333333333333333,경북
7877,f005640,동궁과 월지,3.6666666666666665,경북
7878,f005645,아르떼 뮤지엄 강릉,3.0,강원특별자치도
7879,f005645,강릉 중앙시장,1.6666666666666667,강원특별자치도
7880,f005645,강릉에 컷 월화 거리점,4.0,강원특별자치도
7881,f005645,배니 닭강정,2.3333333333333335,강원특별자치도
7882,f005645,강릉 중앙시장,3.0,강원특별자치도
7883,f005645,강릉 중앙시장,3.3333333333333335,강원특별자치도
7884,f005645,강릉 중화 짬뽕 빵,3.0,강원특별자치도
7885,f005647,이가리 닻 전망대,5.0,경북
7886,f005655,영월 관광센터,2.6666666666666665,강원특별자치도
7887,f005655,장릉,4.0,강원특별자치도
7888,f005655,선돌 관광지,5.0,강원특별자치도
7889,f005676,패밀리파크 물놀이장,5.0,
7890,f005676,안동 구 시장,5.0,경북
7891,f005676,패밀리파크 물놀이장,5.0,
7892,f005677,NC백화점 서면점,5.0,부산
7893,f005677,롯데 프리미엄 아웃렛 동부산점,5.0,부산
7894,f005677,송정해수욕장,3.0,부산
7895,f005678,뽀로로 아쿠아빌리지,5.0,경북
7896,f005678,분황사,5.0,경북
7897,f005678,황련단길,5.0,경북
7898,f005679,삼척해변,4.0,강원특별자치도
7899,f005680,행리단길,3.6666666666666665,부산
7900,f005680,해운대해수욕장,5.0,부산
7901,f005680,청사포 다릿돌 전망대,5.0,부산
7902,f005680,광안리해수욕장,5.0,부산
7903,f005680,밀란 더 마켓,5.0,부산
7904,f005680,광안리해수욕장,5.0,부산
7905,f005680,광안리해수욕장,5.0,부산
7906,f005680,광복로 패션거리,5.0,부산
7907,f005680,국제시장,5.0,부산
7908,f005680,감천문화마을,5.0,부산
7909,f005680,국제시장,5.0,부산
7910,f005680,용두산공원,5.0,부산
7911,f005694,강릉 김밥,1.0,강원특별자치도
7912,f005694,경포해수욕장,3.3333333333333335,강원특별자치도
7913,f005694,경포해수욕장,5.0,강원특별자치도
7914,f005694,강릉 월화 거리,2.0,강원특별자치도
7915,f005759,상원사,5.0,강원특별자치도
7916,f005759,월정사,5.0,강원특별자치도
7917,f005759,오대산 월정사 전나무 숲길,5.0,강원특별자치도
7918,f005769,더베이 11,3.6666666666666665,부산
7919,f005769,밀란 더 마켓,4.0,부산
7920,f005780,동경주 농협 하나로마트 감포점,3.3333333333333335,경북
7921,f005780,송대말 등대,5.0,경북
7922,f005780,경주 문무대왕릉,4.333333333333333,경북
7923,f005780,불국사,5.0,경북
7924,f005787,나 정고운 모래해변,4.0,경북
7925,f005787,경주 문무대왕릉,3.0,경북
7926,f005787,신세계 프리미엄 아웃렛 부산,4.0,부산
7927,f005801,소양강,5.0,강원특별자치도
7928,f005803,대릉원,4.0,경북
7929,f005803,천마총,2.3333333333333335,경북
7930,f005803,황련단길,4.333333333333333,경북
7931,f005803,첨성대,4.333333333333333,경북
7932,f005803,동궁과 월지,3.0,경북
7933,f005803,경주월드,4.666666666666667,경북
7934,f005804,영일대해수욕장,4.666666666666667,경북
7935,f005804,환호공원 스페이스 워크,5.0,경북
7936,f005804,역 일대 해상 누각,3.6666666666666665,경북
7937,f005804,상생의 손,3.3333333333333335,경북
7938,f005804,구룡포 일본인 가옥거리,5.0,경북
7939,f005840,벡스코,4.0,부산
7940,f005840,부산 시립미술관,5.0,
7941,f005840,신세계백화점 센텀시티점,4.0,부산
7942,f005840,송도 해상 케이블카 송도 베이 스테이션,4.666666666666667,부산
7943,f005840,국제시장,3.3333333333333335,부산
7944,f005840,롯데백화점 광복점,3.6666666666666665,부산
7945,f005845,영남알프스 얼음골 케이블카 하부 승강장,3.6666666666666665,경남
7946,f005845,월은 정,3.6666666666666665,
7947,f005847,월정교,4.666666666666667,경북
7948,f005847,첨성대,5.0,경북
7949,f005847,동궁과 월지,5.0,경북
7950,f005847,경주월드,5.0,경북
7951,f005847,대릉원,5.0,경북
7952,f005862,귀양지,5.0,경남
7953,f005862,영남루,3.3333333333333335,경남
7954,f005862,월은 정,4.0,경남
7955,f005862,용평 터널,2.0,경남
7956,f005863,육백마지기,5.0,강원특별자치도
7957,f005863,테라로사 경포호수점,5.0,강원특별자치도
7958,f005863,오죽헌,5.0,강원특별자치도
7959,f005876,대릉원,4.0,경북
7960,f005876,첨성대,4.666666666666667,경북
7961,f005876,불국사,3.6666666666666665,경북
7962,f005876,석굴암,3.6666666666666665,경북
7963,f005881,더 현대 대구,3.6666666666666665,대구
7964,f005881,삼송 빵집 본점,3.6666666666666665,대구
7965,f005881,서문시장,4.0,대구
7966,f005883,경북 천년 숲 정원,4.0,경북
7967,f005883,황련단길,5.0,경북
7968,f005883,동궁과 월지,4.0,경북
7969,f005883,경주 중앙시장,3.6666666666666665,경북
7970,f005883,경주월드,5.0,경북
7971,f005884,국립경주박물관,4.666666666666667,경북
7972,f005884,분황사,3.3333333333333335,경북
7973,f005884,월정교,5.0,경북
7974,f005884,동궁과 월지,3.3333333333333335,경북
7975,f005887,정암해변,3.3333333333333335,강원특별자치도
7976,f005887,낙산 해변,5.0,강원특별자치도
7977,f005896,구룡포 시장,4.333333333333333,경북
7978,f005896,구룡포해수욕장,5.0,경북
7979,f005896,구룡포 일본인 가옥거리,5.0,경북
7980,f005896,구룡포 근대역사관,5.0,경북
7981,f005896,구룡포해수욕장,5.0,경북
7982,f005896,구룡포해수욕장,5.0,경북
7983,f005915,안목 해변,5.0,강원특별자치도
7984,f005915,사근 긴 해변,5.0,강원특별자치도
7985,f005915,하조대해수욕장,5.0,강원특별자치도
7986,f005915,서피 비치,5.0,강원특별자치도
7987,f005925,광안리해수욕장,4.333333333333333,부산
7988,f005927,춘천 풍물시장,5.0,강원특별자치도
7989,f005927,이마트 춘천점,5.0,강원특별자치도
7990,f005939,해피 초원 목장,5.0,강원특별자치도
7991,f005939,김유정역 (폐역),5.0,강원특별자치도
7992,f005941,남사예담촌,5.0,경남
7993,f005941,대원사,5.0,경남
7994,f005943,드라마 도깨비 촬영지,4.0,
7995,f005943,사근 긴 해변,4.666666666666667,강원특별자치도
7996,f005943,경포호,5.0,강원특별자치도
7997,f005943,경포해수욕장,5.0,강원특별자치도
7998,f005943,안목 해변,3.6666666666666665,강원특별자치도
7999,f005943,아르떼 뮤지엄 강릉,5.0,강원특별자치도
8000,f005943,오죽헌,2.6666666666666665,강원특별자치도
8001,f005946,해운대 달맞이 길,4.0,부산
8002,f005946,아난티 힐튼 부산,4.333333333333333,부산
8003,f005946,이케아 동부산점,4.333333333333333,부산
8004,f005947,강문해변,5.0,강원특별자치도
8005,f005947,강릉 중앙시장,5.0,강원특별자치도
8006,f005948,금원산자연휴양림,2.6666666666666665,경남
8007,f005948,거창 Y자형 출렁다리,4.0,경남
8008,f005950,수성못,4.0,대구
8009,f005950,대구 이월드,5.0,대구
8010,f005950,신세계백화점 대구점,4.0,대구
8011,f005976,등대해수욕장,2.6666666666666665,강원특별자치도
8012,f005976,속초관광수산시장,3.6666666666666665,강원특별자치도
8013,f005976,장사항 바다숲공원,4.0,강원특별자치도
8014,f006029,경주세계 자동차 박물관,3.6666666666666665,경북
8015,f006037,황련단길,4.0,경북
8016,f006037,대릉원,5.0,경북
8017,f006037,황련단길,4.333333333333333,경북
8018,f006037,첨성대,4.0,경북
8019,f006037,국립경주박물관,3.6666666666666665,경북
8020,f006037,황련단길,4.333333333333333,경북
8021,f006037,두 낫디 스타브 베이커스 경주,4.0,경북
8022,f006037,동궁과 월지,5.0,경북
8023,f006037,월정교,4.0,경북
8024,f006037,첨성대,5.0,경북
8025,f006037,불국사,5.0,경북
8026,f006037,바니 베어뮤지엄,5.0,경북
8027,f006037,보문호반길,3.0,경북
8028,f006037,황룡원,2.0,경북
8029,f006037,가봉 방과,5.0,경북
8030,f006037,황련단길,4.0,경북
8031,f006041,안목 해변,5.0,강원특별자치도
8032,f006041,강릉 중앙시장,5.0,강원특별자치도
8033,f006047,피닉스 평창 블루캐니언,3.6666666666666665,강원특별자치도
8034,f006047,봉평 전통시장,5.0,강원특별자치도
8035,f006054,첨성대,4.0,경북
8036,f006054,황련단길,3.3333333333333335,경북
8037,f006054,천마총,4.666666666666667,경북
8038,f006054,황련단길,4.0,경북
8039,f006060,이마트 강릉점,4.0,강원특별자치도
8040,f006065,속초해수욕장,4.0,강원특별자치도
8041,f006074,시나 셀프 사진관,5.0,경북
8042,f006074,주렁주렁 경주 보문점,3.3333333333333335,경북
8043,f006074,경주 동궁원,3.6666666666666665,경북
8044,f006074,첨성대,4.333333333333333,경북
8045,f006082,신세계백화점 센텀시티점,4.0,부산
8046,f006082,해운대해수욕장,4.0,부산
8047,f006082,해운대해수욕장,4.333333333333333,부산
8048,f006083,철원 한탄강 주상절리길,4.0,강원특별자치도
8049,f006083,어메이징 래프팅,4.333333333333333,강원특별자치도
8050,f006085,일광해수욕장,3.0,부산
8051,f006085,기장시장,4.0,부산
8052,f006085,해동용궁사,4.0,부산
8053,f006089,구룡포 시장,3.0,경북
8054,f006089,구룡포 일본인 가옥거리,3.6666666666666665,경북
8055,f006089,호미곶,4.0,경북
8056,f006089,구룡포 과메기 문화관,4.0,경북
8057,f006089,도구해수욕장,4.666666666666667,경북
8058,f006089,연오랑세오녀 테마공원,5.0,경북
8059,f006098,카츠 토다이,5.0,경남
8060,f006111,사근 긴 해변,4.333333333333333,강원특별자치도
8061,f006111,강릉 중앙시장,3.3333333333333335,강원특별자치도
8062,f006111,하슬라아트월드,3.6666666666666665,강원특별자치도
8063,f006111,정동진 해변,4.666666666666667,강원특별자치도
8064,f006111,안목 해변,5.0,강원특별자치도
8065,f006123,세븐 워터파크,5.0,경남
8066,f006135,설악 케이블카,3.6666666666666665,강원특별자치도
8067,f006135,속초관광수산시장,3.6666666666666665,강원특별자치도
8068,f006135,델피노 오션 플레이,4.333333333333333,강원특별자치도
8069,f006143,월정사,4.0,강원특별자치도
8070,f006143,오대산 월정사 전나무 숲길,4.333333333333333,강원특별자치도
8071,f006157,다랭이마을,3.3333333333333335,경남
8072,f006157,남해 독일마을,3.3333333333333335,경남
8073,f006157,스카이라인 루지 통영,5.0,경남
8074,f006178,아르떼 뮤지엄 강릉,4.333333333333333,강원특별자치도
8075,f006178,강문해변,4.333333333333333,강원특별자치도
8076,f006178,강문해변,5.0,강원특별자치도
8077,f006192,경포해수욕장,5.0,강원특별자치도
8078,f006192,강문솟대다리,5.0,강원특별자치도
8079,f006192,강문해변,5.0,강원특별자치도
8080,f006199,송전해수욕장,5.0,강원특별자치도
8081,f006199,서피 비치,5.0,강원특별자치도
8082,f006237,신세계백화점 대구점,4.0,대구
8083,f006237,대구 이월드,5.0,대구
8084,f006243,베이글 베이 글러,3.6666666666666665,경북
8085,f006243,대릉원,4.0,경북
8086,f006243,첨성대,5.0,경북
8087,f006334,비발디파크 오션월드,5.0,강원특별자치도
8088,f006335,아홉 살 숲,3.6666666666666665,부산
8089,f006335,부산 화명수목원,4.333333333333333,부산
8090,f006337,광안리해수욕장,2.6666666666666665,부산
8091,f006337,밀란 더 마켓,4.0,부산
8092,f006337,신세계백화점 센텀시티점,3.3333333333333335,부산
8093,f006346,신세계백화점 김해점,3.6666666666666665,경남
8094,f006346,봉리단길,3.0,경남
8095,f006346,봉황대공원,3.0,경남
8096,f006347,진영역 철도박물관,5.0,경남
8097,f006349,신세계백화점 대구점,4.333333333333333,대구
8098,f006352,나인 비치 37 surfpub,3.6666666666666665,강원특별자치도
8099,f006352,속초해수욕장,4.0,강원특별자치도
8100,f006352,아바이마을,4.666666666666667,강원특별자치도
8101,f006352,속초관광수산시장,5.0,강원특별자치도
8102,f006353,신세계 프리미엄 아웃렛 부산,5.0,부산
8103,f006356,밀양아리랑 우주천문대,5.0,경남
8104,f006356,밀양아리랑 우주천문대,5.0,경남
8105,f006356,국립 밀양 기상과학관,5.0,경남
8106,f006356,밀양아리랑 우주천문대,5.0,경남
8107,f006359,이케아 동부산점,5.0,부산
8108,f006360,태화강 국가정원 십리대숲,4.0,울산
8109,f006362,석굴암,5.0,경북
8110,f006368,뮤지엄 원,5.0,부산
8111,f006368,부산 사직종합운동장 사직야구장,5.0,부산
8112,f006371,대가야박물관,3.6666666666666665,경북
8113,f006372,용두산공원,3.6666666666666665,부산
8114,f006372,BIFF 거리,5.0,부산
8115,f006372,대변항,5.0,부산
8116,f006378,일해공원,3.6666666666666665,경남
8117,f006389,다대포해수욕장,4.333333333333333,부산
8118,f006390,경주 양동 마을,3.6666666666666665,경북
8119,f006392,코스트코 김해점,5.0,경남
8120,f006393,장수 암,4.0,경남
8121,f006396,남매지,4.0,경북
8122,f006396,경산공설시장,3.0,경북
8123,f006398,반곡리,5.0,경북
8124,f006398,남매지,5.0,경북
8125,f006399,봉포 잠수부 집 본점,3.6666666666666665,강원특별자치도
8126,f006399,속초관광수산시장,3.0,강원특별자치도
8127,f006400,대바위공원,3.6666666666666665,울산
8128,f006400,진하해수욕장,4.0,울산
8129,f006400,명선도,4.0,울산
8130,f006401,부산 화명수목원,3.6666666666666665,부산
8131,f006403,소돌해변,4.0,강원특별자치도
8132,f006483,모산공원,3.3333333333333335,경남
8133,f006483,봉황대공원,5.0,경남
8134,f006484,말랑캣,4.333333333333333,대구
8135,f006523,뮤지엄 산,4.666666666666667,강원특별자치도
8136,f006525,송대말 등대,5.0,경북
8137,f006525,동경주 농협 하나로마트 감포점,3.3333333333333335,경북
8138,f006525,정글의 법칙,4.0,경북
8139,f006533,강문해변,5.0,강원특별자치도
8140,f006533,강문해변,5.0,강원특별자치도
8141,f006533,강문해변,5.0,강원특별자치도
8142,f006533,경포대,5.0,강원특별자치도
8143,f006533,안목 해변,5.0,강원특별자치도
8144,f006536,진주성,3.6666666666666665,경남
8145,f006536,국립진주 박물관,4.666666666666667,경남
8146,f006536,롯데몰 진주점,4.0,경남
8147,f006548,설악산 국립공원,5.0,강원특별자치도
8148,f006548,속초관광수산시장,4.0,강원특별자치도
8149,f006548,이마트 속초점,4.0,강원특별자치도
8150,f006548,뮤지엄 엑스,4.0,강원특별자치도
8151,f006548,외옹치해변,4.0,강원특별자치도
8152,f006551,영남루,4.0,경남
8153,f006625,고래불해수욕장,3.6666666666666665,경북
8154,f006625,삼사해상공원,3.6666666666666665,경북
8155,f006626,경주월드,4.0,경북
8156,f006659,롯데월드 어드벤처 부산,2.6666666666666665,부산
8157,f006660,논골담길,5.0,강원특별자치도
8158,f006660,도째비골스카이밸리,5.0,강원특별자치도
8159,f006660,한 섬 해변,5.0,강원특별자치도
8160,f006660,한 섬 해변,5.0,강원특별자치도
8161,f006660,천곡 황금박쥐동굴,5.0,강원특별자치도
8162,f006660,무릉 별유천지,5.0,강원특별자치도
8163,f006687,아모레 부산,4.666666666666667,부산
8164,f006687,KTG 상상마당 부산,5.0,부산
8165,f006697,신세계백화점 김해점,5.0,경남
8166,f006697,구룡포 일본인 가옥거리,4.0,경북
8167,f006697,구룡포해수욕장,3.6666666666666665,경북
8168,f006697,구룡포 주상절리,5.0,경북
8169,f006697,나 정고운 모래해변,3.0,경북
8170,f006697,황련단길,4.0,경북
8171,f006697,경주계림,5.0,경북
8172,f006697,월정교,4.0,경북
8173,f006697,교촌마을,3.6666666666666665,경북
8174,f006714,장생포 고래문화마을,5.0,울산
8175,f006714,울산대공원 동물원,5.0,울산
8176,f006714,태화강 국가정원 십리대숲,5.0,울산
8177,f006714,간절곶,5.0,울산
8178,f006716,황련단길,5.0,경북
8179,f006716,대릉원,5.0,경북
8180,f006716,석굴암,5.0,경북
8181,f006716,불국사,5.0,경북
8182,f006716,첨성대,5.0,경북
8183,f006716,동궁과 월지,5.0,경북
8184,f006716,경주 중앙시장,5.0,경북
8185,f006716,송대말 등대,5.0,경북
8186,f006717,홀리데이 비지터 숍,3.6666666666666665,대구
8187,f006717,코잔타,2.6666666666666665,대구
8188,f006717,스파크 랜드,4.0,대구
8189,f006718,병방치 스카이워크,4.666666666666667,강원특별자치도
8190,f006718,정선아리랑 시장,5.0,강원특별자치도
8191,f006732,부산 아시아드 보조경기장,5.0,부산
8192,f006732,다대포해수욕장,4.333333333333333,부산
8193,f006751,송대말 등대,5.0,경북
8194,f006751,경북 천년 숲 정원,4.666666666666667,경북
8195,f006760,구룡포 일본인 가옥거리,3.6666666666666665,경북
8196,f006760,선 스포츠 플라자 볼링장,3.3333333333333335,대구
8197,f006760,국립경주박물관,4.0,경북
8198,f006760,구룡포해수욕장,3.3333333333333335,경북
8199,f006769,황룡원,4.666666666666667,경북
8200,f006769,보문호반길,5.0,경북
8201,f006775,첨성대,4.0,경북
8202,f006775,황련단길,3.6666666666666665,경북
8203,f006775,경주 문무대왕릉,5.0,경북
8204,f006775,천마총,3.3333333333333335,경북
8205,f006775,동궁과 월지,4.666666666666667,경북
8206,f006775,경주 중앙시장,3.0,경북
8207,f006775,경주월드,5.0,경북
8208,f006800,매암차 박물관,3.0,경남
8209,f006800,쌍계사,3.0,경남
8210,f006800,화개 장터,3.3333333333333335,경남
8211,f006819,속초해수욕장,4.0,강원특별자치도
8212,f006819,속초 아이,4.0,강원특별자치도
8213,f006819,영금정,5.0,강원특별자치도
8214,f006819,속초관광수산시장,3.3333333333333335,강원특별자치도
8215,f006830,황지공원 황지연못,5.0,강원특별자치도
8216,f006830,오로라 파크,3.0,강원특별자치도
8217,f006831,촛대바위,5.0,경북
8218,f006831,촛대바위,4.0,경북
8219,f006831,죽변 해안 스카이 레일,2.3333333333333335,경북
8220,f006831,월송정,5.0,경북
8221,f006831,등 계산 스카이워크,5.0,경북
8222,f006836,아야진해수욕장,5.0,강원특별자치도
8223,f006836,속초관광수산시장,5.0,강원특별자치도
8224,f006836,설악워터피아,5.0,강원특별자치도
8225,f006856,롯데 워터파크,5.0,경남
8226,f006858,사근 긴 해변,5.0,강원특별자치도
8227,f006858,경포해수욕장,3.3333333333333335,강원특별자치도
8228,f006858,사근 긴 해변,5.0,강원특별자치도
8229,f006858,안목 해변,5.0,강원특별자치도
8230,f006858,나라나 비 강릉점,5.0,강원특별자치도
8231,f006858,강릉 중앙시장,4.333333333333333,강원특별자치도
8232,f006858,강릉 월화 거리,4.0,강원특별자치도
8233,f006858,강릉 월화 거리,2.6666666666666665,강원특별자치도
8234,f006871,강문해변,4.0,강원특별자치도
8235,f006871,주문진 좌판 풍물시장,5.0,강원특별자치도
8236,f006871,사천해변,5.0,강원특별자치도
8237,f006871,정동진 레일바이크,4.0,강원특별자치도
8238,f006871,강릉 중앙시장,5.0,강원특별자치도
8239,f006871,홈플러스 강릉점,3.3333333333333335,강원특별자치도
8240,f006876,울산시립미술관,3.0,울산
8241,f006876,태화강 국가 정원,5.0,울산
8242,f006876,대왕암공원,5.0,울산
8243,f006879,아이파크몰 용산점,3.6666666666666665,서울
8244,f006879,속초해수욕장,3.0,강원특별자치도
8245,f006901,대릉원,3.0,경북
8246,f006901,월정교,3.0,경북
8247,f006901,첨성대,3.3333333333333335,경북
8248,f006901,경주 보문관광단지,3.3333333333333335,경북
8249,f006910,전촌용 굴,4.666666666666667,경북
8250,f006910,송대말 등대,2.6666666666666665,경북
8251,f006914,광안리해수욕장,3.0,부산
8252,f006921,서피 비치,5.0,강원특별자치도
8253,f006924,KTG 상상마당 부산,4.666666666666667,부산
8254,f006933,부석사,5.0,경북
8255,f006933,소수서원,5.0,경북
8256,f006934,강문해변,4.0,강원특별자치도
8257,f006942,동성로,5.0,대구
8258,f006942,경상감영공원,3.3333333333333335,대구
8259,f006942,대구근대역사관,3.0,대구
8260,f006942,달성 공원,4.666666666666667,대구
8261,f006942,계성중학교,2.0,대구
8262,f006942,청라언덕,3.6666666666666665,대구
8263,f006942,더 현대 대구,4.0,대구
8264,f006942,스파크 랜드,5.0,대구
8265,f006943,청도 박물관,5.0,경북
8266,f006957,대구 삼성 라이온즈 파크,4.666666666666667,대구
8267,f006957,안지랑 곱창골목,5.0,대구
8268,f006957,반월당역 대구 1호선,5.0,대구
8269,f006957,수성못,5.0,대구
8270,f006967,보현사,5.0,강원특별자치도
8271,f006976,칠포해수욕장,4.0,경북
8272,f007020,대왕암공원,5.0,울산
8273,f007020,주전몽돌해변,4.0,울산
8274,f007020,경북 천년 숲 정원,2.6666666666666665,경북
8275,f007020,황련단길,4.666666666666667,경북
8276,f007047,강문해변,2.6666666666666665,강원특별자치도
8277,f007047,사천진 해변,4.0,강원특별자치도
8278,f007047,오죽헌,5.0,강원특별자치도
8279,f007047,아르떼 뮤지엄 강릉,3.0,강원특별자치도
8280,f007047,강릉 중앙시장,2.6666666666666665,강원특별자치도
8281,f007065,흰 여울 문화마을,5.0,부산
8282,f007065,이 송도 전망대,5.0,부산
8283,f007075,화산 산성 풍차 전망대,4.333333333333333,대구
8284,f007082,해양드라마 세트장,3.6666666666666665,경남
8285,f007082,스파 더 스페이스,4.333333333333333,경남
8286,f007088,블루 원 워터파크,3.3333333333333335,경북
8287,f007093,행리단길,4.0,부산
8288,f007093,해운대해수욕장,3.6666666666666665,부산
8289,f007094,대왕암공원,4.0,울산
8290,f007094,장생포 고래 박물관,4.0,울산
8291,f007094,장생포 고래 박물관,2.6666666666666665,울산
8292,f007094,장생포 고래문화마을,4.0,울산
8293,f007094,태화강 국가정원 십리대숲,3.3333333333333335,울산
8294,f007094,불국사,3.3333333333333335,경북
8295,f007094,국립경주박물관,3.3333333333333335,경북
8296,f007094,첨성대,4.0,경북
8297,f007094,대릉원,3.0,경북
8298,f007111,정동진 해변,4.0,강원특별자치도
8299,f007111,강릉 중앙시장,4.0,강원특별자치도
8300,f007111,허균 허난설헌 기념관,3.0,강원특별자치도
8301,f007124,클라임 투게더,5.0,강원특별자치도
8302,f007129,구룡포 일본인 가옥거리,4.666666666666667,경북
8303,f007129,호미곶 해맞이 광장,4.666666666666667,경북
8304,f007129,포항 운하,5.0,경북
8305,f007129,영일대해수욕장,5.0,경북
8306,f007129,영일고,5.0,경북
8307,f007129,죽도 시장,5.0,경북
8308,f007131,민둥산,5.0,강원특별자치도
8309,f007131,용화 해변,5.0,강원특별자치도
8310,f007133,속초관광수산시장,4.333333333333333,
8311,f007133,물치 활어회센터,2.6666666666666665,강원특별자치도
8312,f007133,물치해변,3.0,강원특별자치도
8313,f007144,허균 허난설헌 기념관,3.6666666666666665,강원특별자치도
8314,f007144,테라로사 경포호수점,4.333333333333333,강원특별자치도
8315,f007144,강릉 중앙시장,5.0,강원특별자치도
8316,f007144,강문해변,3.6666666666666665,강원특별자치도
8317,f007148,죽도 시장,5.0,경북
8318,f007148,홈플러스 죽도점,5.0,경북
8319,f007148,호미곶 해맞이 광장,5.0,경북
8320,f007148,구룡포 일본인 가옥거리,5.0,경북
8321,f007187,대구 중구 골목투어 근대문화골목(2코스),4.0,대구
8322,f007187,김광석 다시 그리기 길,4.0,대구
8323,f007187,수성못,5.0,대구
8324,f007193,강릉 선교장,3.6666666666666665,강원특별자치도
8325,f007193,346커피스토리,4.666666666666667,강원특별자치도
8326,f007193,안목 해변,5.0,강원특별자치도
8327,f007193,하늘 목장,5.0,강원특별자치도
8328,f007199,고성공룡 박물관,3.3333333333333335,경남
8329,f007199,롯데 프리미엄 아웃렛 김해점,4.333333333333333,경남
8330,f007199,트윈 터널,4.0,경남
8331,f007200,비발디파크 비바 플렉 스몰,5.0,강원특별자치도
8332,f007200,비발디파크 비바 플렉 스몰,5.0,강원특별자치도
8333,f007200,비발디파크 루지 월드,5.0,강원특별자치도
8334,f007205,동명항,4.0,강원특별자치도
8335,f007206,문보트,4.0,경북
8336,f007206,월영교,4.666666666666667,경북
8337,f007206,안동 구 시장,3.3333333333333335,경북
8338,f007206,낙강 물길 공원,5.0,경북
8339,f007206,도산서원,3.3333333333333335,경북
8340,f007209,설악해변,5.0,강원특별자치도
8341,f007210,스케줄 양양,2.3333333333333335,강원특별자치도
8342,f007210,죽지도 암,5.0,강원특별자치도
8343,f007210,서피 비치,5.0,강원특별자치도
8344,f007216,논골 카페,2.3333333333333335,강원특별자치도
8345,f007216,논골담길,2.3333333333333335,강원특별자치도
8346,f007216,묵호등대 해양문화공간,3.0,강원특별자치도
8347,f007216,하평해변,3.0,강원특별자치도
8348,f007216,무릉 별유천지,3.3333333333333335,강원특별자치도
8349,f007218,뮤지엄 산,4.666666666666667,강원특별자치도
8350,f007225,하조대해수욕장,4.0,강원특별자치도
8351,f007225,서피 비치,4.0,강원특별자치도
8352,f007225,하조대해수욕장,4.0,강원특별자치도
8353,f007225,비치 얼스 서프,4.0,강원특별자치도
8354,f007226,도째비골해랑전망대,4.666666666666667,강원특별자치도
8355,f007232,철구소 계곡,5.0,울산
8356,f007232,강동 몽돌해변,5.0,울산
8357,f007232,진하해수욕장,5.0,울산
8358,f007233,롯데백화점 부산본점,5.0,부산
8359,f007233,부산 아시아드 보조경기장,5.0,부산
8360,f007233,신세계백화점 센텀시티점,5.0,부산
8361,f007233,신세계백화점 센텀시티점,5.0,부산
8362,f007244,오죽헌,4.333333333333333,강원특별자치도
8363,f007244,사천진 해변,3.3333333333333335,강원특별자치도
8364,f007244,사천진 바위섬,4.333333333333333,강원특별자치도
8365,f007244,주문진 방사제,3.0,강원특별자치도
8366,f007244,BTS 버스정류장,3.3333333333333335,강원특별자치도
8367,f007245,서피 비치,4.0,강원특별자치도
8368,f007245,서피 비치,3.6666666666666665,강원특별자치도
8369,f007245,하조대해수욕장,3.0,강원특별자치도
8370,f007245,BTS 버스정류장,3.3333333333333335,강원특별자치도
8371,f007245,아르떼 뮤지엄 강릉,3.6666666666666665,강원특별자치도
8372,f007245,나라나 비 강릉점,5.0,강원특별자치도
8373,f007245,오죽헌,5.0,강원특별자치도
8374,f007246,부산 아시아드 보조경기장,5.0,부산
8375,f007246,광안리해수욕장,5.0,부산
8376,f007254,광안리해수욕장,3.6666666666666665,부산
8377,f007254,광안 해변공원,2.6666666666666665,부산
8378,f007254,밀란 더 마켓,4.333333333333333,부산
8379,f007306,경포해수욕장,5.0,강원특별자치도
8380,f007306,강문해변,5.0,강원특별자치도
8381,f007306,아르떼 뮤지엄 강릉,5.0,강원특별자치도
8382,f007306,강릉 월화 거리,5.0,강원특별자치도
8383,f007306,송정해변,5.0,강원특별자치도
8384,f007335,경주월드,4.333333333333333,경북
8385,f007335,경주월드,4.333333333333333,경북
8386,f007335,경주 중앙시장,1.6666666666666667,경북
8387,f007335,경주엑스포 대공원,3.6666666666666665,경북
8388,f007335,첨성대,4.666666666666667,경북
8389,f007335,월정교,5.0,경북
8390,f007335,황련단길,5.0,경북
8391,f007353,웰리힐리 파크 워터 플래닛,5.0,강원특별자치도
8392,f007353,횡성 전통시장,4.0,강원특별자치도
8393,f007354,황련단길,3.0,경북
8394,f007354,대릉원,4.0,경북
8395,f007354,천마총,4.0,경북
8396,f007354,금관총,4.333333333333333,경북
8397,f007354,황련단길,3.0,경북
8398,f007354,동궁과 월지,3.3333333333333335,경북
8399,f007354,첨성대,4.0,경북
8400,f007354,불국사,3.6666666666666665,경북
8401,f007354,경주 문화관 1918,3.0,경북
8402,f007357,강문해변,5.0,강원특별자치도
8403,f007357,경포해수욕장,5.0,강원특별자치도
8404,f007357,강문솟대다리,3.6666666666666665,강원특별자치도
8405,f007357,경포해수욕장,5.0,강원특별자치도
8406,f007357,강문해변,5.0,강원특별자치도
8407,f007375,동궁과 월지,5.0,경북
8408,f007375,불국사,3.0,경북
8409,f007375,석굴암,3.0,경북
8410,f007375,경주 루지 월드,3.3333333333333335,경북
8411,f007388,강문해변,5.0,강원특별자치도
8412,f007388,강문해변,5.0,강원특별자치도
8413,f007402,낙산 해변,5.0,강원특별자치도
8414,f007402,오산리 선사유적박물관,5.0,강원특별자치도
8415,f007402,낙산사,5.0,강원특별자치도
8416,f007404,이마트 춘천점,4.0,강원특별자치도
8417,f007404,춘천 중앙시장,3.6666666666666665,강원특별자치도
8418,f007437,낙산사,5.0,
8419,f007437,속초관광수산시장,5.0,강원특별자치도
8420,f007437,설악 산책,3.0,강원특별자치도
8421,f007437,설악산,5.0,강원특별자치도
8422,f007460,송정해변,4.333333333333333,강원특별자치도
8423,f007460,안목 해변,5.0,강원특별자치도
8424,f007460,강릉 중앙시장,3.0,강원특별자치도
8425,f007479,서면 미술관,5.0,부산
8426,f007479,부산 시립미술관,4.0,부산
8427,f007494,영남루,5.0,경남
8428,f007494,밀양강 둔치,5.0,경남
8429,f007497,문보트,5.0,경북
8430,f007499,낙산 해변,5.0,강원특별자치도
8431,f007499,낙산사,5.0,강원특별자치도
8432,f007501,BTS 버스정류장,4.0,강원특별자치도
8433,f007501,강릉 중앙시장,3.3333333333333335,강원특별자치도
8434,f007501,정동진 해변,5.0,강원특별자치도
8435,f007501,하슬라아트월드,3.0,강원특별자치도
8436,f007501,강문해변,4.0,강원특별자치도
8437,f007502,광안리해수욕장,4.333333333333333,부산
8438,f007502,영도대교 포장마차 거리,4.333333333333333,부산
8439,f007502,광복로 패션거리,3.0,부산
8440,f007502,흰 여울 문화마을,5.0,부산
8441,f007502,광복로 패션거리,4.0,부산
8442,f007502,롯데백화점 광복점,4.0,부산
8443,f007506,강문해변,5.0,강원특별자치도
8444,f007514,트레이더스 홀세일 클럽 수원점,3.6666666666666665,경기
8445,f007514,쌍용계곡,5.0,경북
8446,f007515,망상 해변,3.0,강원특별자치도
8447,f007515,나인 비치 37 surfpub,4.0,강원특별자치도
8448,f007520,해운대해수욕장,5.0,부산
8449,f007522,김유정문학촌,5.0,강원특별자치도
8450,f007522,강아지 숲,5.0,강원특별자치도
8451,f007522,구곡폭포,5.0,강원특별자치도
8452,f007522,춘천 송암스포츠타운,2.6666666666666665,강원특별자치도
8453,f007525,불국사,4.0,경북
8454,f007528,대왕암공원,4.0,울산
8455,f007529,장사해수욕장,3.6666666666666665,경북
8456,f007529,장사상륙작전 전승기념관,4.666666666666667,경북
8457,f007529,고래불해수욕장,4.0,경북
8458,f007530,다대포해수욕장,4.0,부산
8459,f007530,서프 홀릭 다대포,4.0,
8460,f007533,부산 현대미술관,5.0,부산
8461,f007535,아야진해수욕장,4.333333333333333,강원특별자치도
8462,f007535,봉포 해변,5.0,강원특별자치도
8463,f007538,카페 감자밭 본점,5.0,강원특별자치도
8464,f007538,청평사,5.0,강원특별자치도
8465,f007548,하평해변,5.0,강원특별자치도
8466,f007550,아홉 살 숲,5.0,부산
8467,f007550,해동용궁사,5.0,부산
8468,f007550,수영만 요트경기장,5.0,부산
8469,f007550,스카이라인 루지 부산,4.666666666666667,부산
8470,f007550,KTG 상상마당 부산,4.0,부산
8471,f007550,전포 카페거리,3.0,부산
8472,f007554,더 현대 대구,5.0,대구
8473,f007554,김광석 다시 그리기 길,1.3333333333333333,대구
8474,f007554,서문시장,5.0,대구
8475,f007561,대구 삼성 라이온즈 파크,4.333333333333333,대구
8476,f007561,더 현대 대구,4.0,대구
8477,f007561,더 현대 대구,4.333333333333333,대구
8478,f007561,신세계백화점 대구점,4.333333333333333,대구
8479,f007617,경주월드,5.0,경북
8480,f007617,첨성대,4.0,경북
8481,f007631,속초관광수산시장,4.0,강원특별자치도
8482,f007688,아우라지,3.3333333333333335,강원특별자치도
8483,f007688,정선 가리왕산 케이블카 숙암역,4.0,강원특별자치도
8484,f007690,거제 식물원 정글돔,3.3333333333333335,경남
8485,f007690,거제도 현 시장,3.3333333333333335,경남
8486,f007690,사곡해수욕장,4.0,경남
8487,f007690,부평 깡통시장,5.0,부산
8488,f007700,정선아리랑 시장,5.0,강원특별자치도
8489,f007700,허브나라농원,4.0,강원특별자치도
8490,f007701,동호해변,4.0,강원특별자치도
8491,f007701,양양전통시장,5.0,강원특별자치도
8492,f007701,하조대 전망대,5.0,강원특별자치도
8493,f007701,하조대해수욕장,3.0,강원특별자치도
8494,f007719,와인터널,5.0,경북
8495,f007719,롯데마트 광복점,5.0,부산
8496,f007719,영일대해수욕장,5.0,경북
8497,f007731,일광해수욕장,4.0,부산
8498,f007733,첨성대,3.0,경북
8499,f007736,한 섬 해변,4.666666666666667,강원특별자치도
8500,f007746,영일대해수욕장,4.333333333333333,경북
8501,f007746,환호공원 스페이스 워크,3.6666666666666665,경북
8502,f007746,죽도 시장,3.6666666666666665,경북
8503,f007772,주전몽돌해변,4.0,울산
8504,f007862,일광해수욕장,4.0,부산
8505,f007862,이 터널 저니,5.0,
8506,f007862,해동용궁사,5.0,부산
8507,f007862,롯데 프리미엄 아웃렛 동부산점,3.0,부산
8508,f007864,운문사,4.666666666666667,경북
8509,f007864,군파 클루지,3.3333333333333335,경북
8510,f007864,새마을운동 발상지기념공원,3.3333333333333335,경북
8511,f007869,운대리 자작나무 숲,3.0,강원특별자치도
8512,f007869,정선 가리왕산 케이블카 숙암역,4.0,강원특별자치도
8513,f007869,정선아리랑 시장,4.333333333333333,강원특별자치도
8514,f007876,나루 수상 레저,5.0,
8515,f007898,에티오피아 한국전 참전기념관,3.0,강원특별자치도
8516,f007899,이효석문학관,4.0,강원특별자치도
8517,f007899,봉평 전통시장,4.0,강원특별자치도
8518,f007899,메밀꽃밭,5.0,강원특별자치도
8519,f007899,메밀꽃밭,5.0,강원특별자치도
8520,f007916,경주월드,5.0,경북
8521,f007916,황련단길,4.333333333333333,경북
8522,f007916,경주 문무대왕릉,3.0,경북
8523,f007916,신라역사과학관,2.3333333333333335,경북
8524,f007916,석굴암,4.0,경북
8525,f007918,자수정 동굴나라,4.333333333333333,울산
8526,f007919,구룡포 시장,4.666666666666667,경북
8527,f007919,경주월드,5.0,경북
8528,f007919,황련단길,5.0,경북
8529,f007919,월영교,5.0,경북
8530,f007924,아바이마을 벽화골목,4.333333333333333,강원특별자치도
8531,f007924,속초해수욕장,3.6666666666666665,강원특별자치도
8532,f007924,속초관광수산시장,5.0,강원특별자치도
8533,f007929,하이원 워터월드,4.333333333333333,강원특별자치도
8534,f007929,화암 동굴,3.6666666666666665,강원특별자치도
8535,f007929,정선아리랑 시장,5.0,강원특별자치도
8536,f007937,광안리해수욕장,5.0,부산
8537,f007937,해운대해수욕장,5.0,부산
8538,f007937,상국이네,5.0,부산
8539,f007937,해운대해수욕장,5.0,부산
8540,f007948,하조대해수욕장,3.0,강원특별자치도
8541,f007952,송정해변,5.0,강원특별자치도
8542,f007952,사천해변,5.0,강원특별자치도
8543,f007952,사천해변,5.0,강원특별자치도
8544,f007953,춘천 삼악산 호수 케이블카,2.3333333333333335,강원특별자치도
8545,f007953,이상인 미술관,5.0,
8546,f007956,동궁과 월지,4.0,경북
8547,f007956,첨성대,5.0,
8548,f007957,경포해수욕장,5.0,강원특별자치도
8549,f007957,경포 호수광장,5.0,강원특별자치도
8550,f007957,강릉 월화 거리,5.0,강원특별자치도
8551,f007957,강릉 중앙시장,5.0,강원특별자치도
8552,f007957,옥천동 은행나무,5.0,강원특별자치도
8553,f007957,홈플러스 강릉점,5.0,강원특별자치도
8554,f007958,속초해수욕장,4.333333333333333,강원특별자치도
8555,f007958,롯데리조트 속초 워터파크,5.0,강원특별자치도
8556,f007958,속초관광수산시장,4.0,강원특별자치도
8557,f007960,도림사,3.0,대구
8558,f007961,브래킷 테이블,5.0,부산
8559,f007961,광안리해수욕장,5.0,부산
8560,f007965,서면 미술관,3.3333333333333335,부산
8561,f007965,전포 카페거리,5.0,부산
8562,f007965,전 토공 구길,4.0,
8563,f007965,전포 카페거리,3.6666666666666665,부산
8564,f007965,전 토공 구길,4.0,
8565,f007965,부산 시민공원,5.0,부산
8566,f007997,고래불해수욕장,4.666666666666667,경북
8567,f007997,주왕산,4.0,경북
8568,f008015,귀양지,4.0,경남
8569,f008015,용평 터널,4.333333333333333,경남
8570,f008015,연지,3.3333333333333335,경북
8571,f008015,청도읍 선,3.3333333333333335,경북
8572,f008031,속초관광수산시장,4.0,강원특별자치도
8573,f008031,속초해수욕장,5.0,강원특별자치도
8574,f008031,신흥사,4.0,강원특별자치도
8575,f008031,외옹치 바다 향기로,4.0,강원특별자치도
8576,f008053,송대말 등대,3.0,경북
8577,f008053,천마총,4.0,경북
8578,f008053,황련단길,5.0,경북
8579,f008072,황금십원빵 본점,5.0,경북
8580,f008072,첨성대,5.0,경북
8581,f008072,대릉원,5.0,경북
8582,f008082,해동용궁사,3.3333333333333335,부산
8583,f008082,송정해수욕장,3.6666666666666665,부산
8584,f008082,청사포 다릿돌 전망대,4.0,부산
8585,f008082,신세계백화점 센텀시티점,4.0,부산
8586,f008082,클럽 디 오아시스,4.0,부산
8587,f008082,롯데백화점 부산본점,4.333333333333333,부산
8588,f008089,강릉 중앙시장,3.6666666666666665,강원특별자치도
8589,f008089,경포해수욕장,4.0,강원특별자치도
8590,f008089,안목 해변,5.0,강원특별자치도
8591,f008089,아르떼 뮤지엄 강릉,4.666666666666667,강원특별자치도
8592,f008094,해운대해수욕장,5.0,부산
8593,f008094,라이언 홀리데이 인 부산,3.6666666666666665,부산
8594,f008094,밀란 더 마켓,5.0,부산
8595,f008094,광안리해수욕장,5.0,부산
8596,f008096,월포해수욕장,5.0,경북
8597,f008099,설악산 국립공원,5.0,강원특별자치도
8598,f008109,통영시립 박물관,5.0,경남
8599,f008109,해저터널,4.0,경남
8600,f008109,중앙 활어시장,5.0,경남
8601,f008109,디피랑,5.0,경남
8602,f008109,동피랑 벽화마을,4.0,경남
8603,f008109,이순신공원,4.0,경남
8604,f008141,장생포 고래문화마을,3.6666666666666665,울산
8605,f008141,일산해수욕장,5.0,울산
8606,f008141,대왕암,5.0,울산
8607,f008141,간절곶,2.6666666666666665,울산
8608,f008145,모디 684,5.0,경북
8609,f008145,월영교,5.0,경북
8610,f008165,동정호,4.666666666666667,경남
8611,f008165,최 참판 댁,3.6666666666666665,경남
8612,f008165,화개 장터,2.6666666666666665,경남
8613,f008165,지리산국립공원 화개 탐방안내소,3.3333333333333335,경남
8614,f008165,스파 더 스페이스,4.333333333333333,경남
8615,f008169,안목 해변,5.0,강원특별자치도
8616,f008169,강릉 월화 거리,5.0,강원특별자치도
8617,f008174,경포해수욕장,5.0,강원특별자치도
8618,f008174,강문해변,5.0,강원특별자치도
8619,f008174,송정해변,5.0,강원특별자치도
8620,f008174,아르떼 뮤지엄 강릉,5.0,강원특별자치도
8621,f008174,강릉 중앙시장,5.0,강원특별자치도
8622,f008177,광안리해수욕장,4.0,부산
8623,f008177,BNK 부산은행 본점,4.666666666666667,부산
8624,f008178,수영만 요트경기장,4.0,부산
8625,f008178,아홉 살 숲,5.0,부산
8626,f008180,임랑해수욕장,3.6666666666666665,부산
8627,f008181,해운대해수욕장,5.0,부산
8628,f008187,강문솟대다리,5.0,강원특별자치도
8629,f008187,강릉 중앙시장,4.0,강원특별자치도
8630,f008187,강릉 중앙시장,4.0,강원특별자치도
8631,f008187,경포해수욕장,5.0,강원특별자치도
8632,f008188,속초해수욕장,4.0,강원특별자치도
8633,f008188,속초관광수산시장,5.0,강원특별자치도
8634,f008190,강릉 중앙시장,5.0,강원특별자치도
8635,f008190,강릉 중앙시장,5.0,강원특별자치도
8636,f008190,강릉 월화 거리,5.0,강원특별자치도
8637,f008190,사근 긴 해변,4.0,강원특별자치도
8638,f008190,경포대,4.666666666666667,강원특별자치도
8639,f008190,아르떼 뮤지엄 강릉,5.0,강원특별자치도
8640,f008190,강릉 중앙시장,4.666666666666667,강원특별자치도
8641,f008193,홈플러스 강릉점,4.333333333333333,강원특별자치도
8642,f008193,강릉 중앙시장,4.0,강원특별자치도
8643,f008193,사천해변,3.0,강원특별자치도
8644,f008194,학동 흑진주 몽돌해변,4.333333333333333,경남
8645,f008198,서면 미술관,5.0,부산
8646,f008198,광안리해수욕장,5.0,부산
8647,f008198,이케아 동부산점,5.0,부산
8648,f008198,해운대해수욕장,5.0,부산
8649,f008203,KTG 상상마당 부산,4.0,부산
8650,f008203,서면 지하상가,4.0,부산
8651,f008203,밀란 더 마켓,4.0,부산
8652,f008203,광안리해수욕장,4.0,부산
8653,f008203,해운대해수욕장,5.0,부산
8654,f008203,F1963,5.0,부산
8655,f008210,횡성 루지 체험장,4.333333333333333,
8656,f008210,횡성호수길,3.6666666666666665,강원특별자치도
8657,f008210,풍수원 성당,3.6666666666666665,강원특별자치도
8658,f008212,서피 비치,4.0,강원특별자치도
8659,f008212,인구해변,4.333333333333333,강원특별자치도
8660,f008212,낙산사,4.333333333333333,강원특별자치도
8661,f008213,경포해수욕장,3.6666666666666665,강원특별자치도
8662,f008213,경포해수욕장,5.0,강원특별자치도
8663,f008213,원더 스카이,4.0,강원특별자치도
8664,f008216,하이원 워터월드,5.0,강원특별자치도
8665,f008218,성류굴,4.333333333333333,경북
8666,f008218,폭풍 속으로 드라마 세트장,2.0,경북
8667,f008225,비발디파크 오션월드,5.0,강원특별자치도
8668,f008230,최 참판 댁,3.3333333333333335,경남
8669,f008230,동정호,5.0,경남
8670,f008230,하동송림공원,5.0,경남
8671,f008230,배달 성전 삼성궁,5.0,경남
8672,f008230,남사예담촌,3.3333333333333335,경남
8673,f008255,용화 해변,5.0,강원특별자치도
8674,f008255,한 섬 해변,5.0,강원특별자치도
8675,f008255,대금굴,5.0,강원특별자치도
8676,f008255,의림지,5.0,충북
8677,f008258,신세계백화점 센텀시티점,4.333333333333333,부산
8678,f008258,송정해수욕장,4.666666666666667,부산
8679,f008268,흰 여울 문화마을,3.0,부산
8680,f008268,행리단길,4.0,부산
8681,f008268,광안리해수욕장,4.0,부산
8682,f008276,해운대해수욕장,5.0,부산
8683,f008276,신세계 센텀시티몰,4.0,부산
8684,f008276,광안리해수욕장,5.0,부산
8685,f008276,트레이더스 홀세일 클럽 연산점,5.0,부산
8686,f008291,하이원리조트,2.6666666666666665,강원특별자치도
8687,f008303,논골담길,3.3333333333333335,강원특별자치도
8688,f008303,망상 해변,4.333333333333333,강원특별자치도
8689,f008308,KTG 상상마당 부산,4.333333333333333,부산
8690,f008308,해운대해수욕장,3.6666666666666665,부산
8691,f008308,해운대해수욕장,4.0,부산
8692,f008308,광안리해수욕장,3.6666666666666665,부산
8693,f008308,흰 여울 문화마을,3.3333333333333335,부산
8694,f008333,대릉원,4.333333333333333,경북
8695,f008333,첨성대,4.0,경북
8696,f008333,동궁과 월지,5.0,경북
8697,f008333,첨성대,4.0,경북
8698,f008333,불국사,3.3333333333333335,경북
8699,f008336,이마트 제천점,5.0,충북
8700,f008336,레전드 히어로즈 소노펠리체 비발디파크 홍천점,5.0,강원특별자치도
8701,f008336,비발디파크 오션월드,5.0,강원특별자치도
8702,f008352,광안리해수욕장,5.0,부산
8703,f008352,광안리 해변 테마거리,4.0,부산
8704,f008352,밀란 더 마켓,5.0,부산
8705,f008353,크레이지팡팡,5.0,대구
8706,f008353,수성못,5.0,대구
8707,f008353,팔공산 케이블카,5.0,대구
8708,f008360,황성공원,3.3333333333333335,경북
8709,f008360,분황사,3.6666666666666665,경북
8710,f008360,첨성대,4.333333333333333,경북
8711,f008367,속초관광수산시장,3.3333333333333335,강원특별자치도
8712,f008367,자작도해수욕장,5.0,강원특별자치도
8713,f008367,자작도해수욕장,4.0,강원특별자치도
8714,f008373,오 홀리데이,4.0,경북
8715,f008373,경주계림,5.0,경북
8716,f008373,첨성대,5.0,경북
8717,f008373,경주 핑크 뮬리 군락지,5.0,경북
8718,f008373,동궁과 월지,5.0,경북
8719,f008373,분황사,5.0,경북
8720,f008373,대릉원,5.0,경북
8721,f008381,MCY PARK,4.0,경북
8722,f008397,상주 자전거 박물관,5.0,경북
8723,f008400,오딘 베이커리 카페,4.0,경북
8724,f008400,영일대해수욕장,5.0,경북
8725,f008402,광안리해수욕장,5.0,부산
8726,f008403,양구 백자 박물관,5.0,강원특별자치도
8727,f008403,두타연 금강산 가는 길 안내소,4.666666666666667,강원특별자치도
8728,f008403,한반도섬,4.0,강원특별자치도
8729,f008406,강다방 이야기 공장,5.0,강원특별자치도
8730,f008409,화명생태공원,3.3333333333333335,부산
8731,f008413,원주 도레미 시장,3.0,강원특별자치도
8732,f008413,소금산 그랜드밸리,5.0,강원특별자치도
8733,f008413,뮤지엄 산,5.0,강원특별자치도
8734,f008429,대구스타디움,5.0,대구
8735,f008429,더 현대 대구,5.0,대구
8736,f008430,등 계산 스카이워크,3.6666666666666665,경북
8737,f008430,죽도 시장,3.3333333333333335,경북
8738,f008430,포항 송도 해수욕장,3.0,경북
8739,f008436,하조대해수욕장,5.0,강원특별자치도
8740,f008438,장수 암,3.3333333333333335,경남
8741,f008438,통영중앙전통시장,4.0,경남
8742,f008438,오션 브리즈,5.0,경남
8743,f008438,디피랑,3.6666666666666665,경남
8744,f008442,죽성 드림세트장,4.0,부산
8745,f008442,일광이 전 생태공원,4.0,부산
8746,f008442,일광해수욕장,4.0,부산
8747,f008443,안동 하회마을,5.0,경북
8748,f008443,병산서원,5.0,경북
8749,f008443,월영교,5.0,경북
8750,f008443,안동문화의 거리,5.0,경북
8751,f008443,도산서원,5.0,경북
8752,f008443,낙강 물길 공원,5.0,경북
8753,f008445,비발디파크 오션월드,4.333333333333333,강원특별자치도
8754,f008445,설악산,5.0,강원특별자치도
8755,f008445,속초관광수산시장,4.0,강원특별자치도
8756,f008445,속초 아이,4.333333333333333,강원특별자치도
8757,f008450,정동진 해변,4.0,강원특별자치도
8758,f008450,모래시계공원,4.0,강원특별자치도
8759,f008450,하슬라아트월드,3.3333333333333335,강원특별자치도
8760,f008453,클럽 디 오아시스,1.6666666666666667,부산
8761,f008453,해운대 전통시장,2.6666666666666665,부산
8762,f008453,삼정 타워,4.0,부산
8763,f008473,한 섬 해변,5.0,강원특별자치도
8764,f008473,논골담길,5.0,강원특별자치도
8765,f008473,묵호항 수변공원,5.0,강원특별자치도
8766,f008473,추암 촛대바위,5.0,강원특별자치도
8767,f008489,서릿골 감성마을,5.0,강원특별자치도
8768,f008489,추암 촛대바위,4.0,강원특별자치도
8769,f008489,도째비골해랑전망대,3.6666666666666665,강원특별자치도
8770,f008489,도째비골스카이밸리,4.0,강원특별자치도
8771,f008489,논골담길,4.333333333333333,강원특별자치도
8772,f008489,모래시계공원,4.0,강원특별자치도
8773,f008489,안반데기,5.0,강원특별자치도
8774,f008506,초량 차이나타운,2.3333333333333335,부산
8775,f008506,광안리해수욕장,3.3333333333333335,부산
8776,f008506,광안리해수욕장,5.0,부산
8777,f008506,남포지하쇼핑센터,1.6666666666666667,부산
8778,f008506,롯데백화점 광복점,3.0,부산
8779,f008518,영월 서부시장,5.0,강원특별자치도
8780,f008518,롯데 프리미엄 아울렛 타임 빌라스,5.0,경기
8781,f008544,해운대해수욕장,4.0,부산
8782,f008547,경포해수욕장,5.0,강원특별자치도
8783,f008547,허균 허난설헌 기념관,5.0,강원특별자치도
8784,f008549,롯데 프리미엄 아웃렛 김해점,5.0,경남
8785,f008551,국립경주박물관,5.0,경북
8786,f008553,롯데 워터파크,4.0,경남
8787,f008555,부산 아시아드 주경기장,3.3333333333333335,부산
8788,f008555,부산 아시아드 보조경기장,5.0,부산
8789,f008560,롯데 프리미엄 아웃렛 동부산점,4.0,부산
8790,f008560,해동용궁사,4.666666666666667,부산
8791,f008560,롯데 프리미엄 아웃렛 동부산점,4.0,부산
8792,f008564,구룡사,3.6666666666666665,강원특별자치도
8793,f008564,원주한지테마파크,4.333333333333333,강원특별자치도
8794,f008570,다대포해수욕장,4.0,부산
8795,f008575,통영 삼도수군통제영,5.0,경남
8796,f008575,통영중앙전통시장,5.0,경남
8797,f008575,동피랑 벽화마을,5.0,경남
8798,f008579,성주 성산동 고분군 전시관,4.0,경북
8799,f008579,성주참외 체험형 테마공원,4.0,경북
8800,f008584,오죽헌,4.0,강원특별자치도
8801,f008584,사천진 해변,4.0,강원특별자치도
8802,f008584,경포호,4.0,강원특별자치도
8803,f008584,강릉 중앙시장,4.0,강원특별자치도
8804,f008585,불국사,5.0,경북
8805,f008585,보문호,4.0,경북
8806,f008585,황련단길,4.0,경북
8807,f008590,수승대 출렁다리,4.333333333333333,경남
8808,f008590,수승대관광지,4.666666666666667,경남
8809,f008592,한반도 지형 전망대,2.6666666666666665,강원특별자치도
8810,f008594,흰 여울 문화마을,3.0,부산
8811,f008594,용두산공원,2.3333333333333335,부산
8812,f008594,부평 깡통시장,4.0,부산
8813,f008602,춘천 삼악산 호수 케이블카,4.333333333333333,강원특별자치도
8814,f008602,춘천 꿈 자람 어린이공원,5.0,강원특별자치도
8815,f008603,안동 중앙 신시장,3.6666666666666665,경북
8816,f008603,모디 684,2.6666666666666665,경북
8817,f008605,허균 허난설헌 기념관,5.0,강원특별자치도
8818,f008605,강문해변,4.666666666666667,강원특별자치도
8819,f008605,경포해수욕장,5.0,강원특별자치도
8820,f008605,안목 해변,5.0,강원특별자치도
8821,f008607,신흥사,5.0,경남
8822,f008610,롯데 워터파크,5.0,경남
8823,f008611,영일대해수욕장,5.0,경북
8824,f008612,롯데 프리미엄 아웃렛 동부산점,5.0,부산
8825,f008612,송정해수욕장,5.0,부산
8826,f008618,사근 긴 해변,5.0,강원특별자치도
8827,f008618,사근 긴 해변,5.0,강원특별자치도
8828,f008618,경포 호수광장,4.0,강원특별자치도
8829,f008618,경포해수욕장,4.666666666666667,강원특별자치도
8830,f008623,라이언 홀리데이 인 부산,5.0,부산
8831,f008623,해운대해수욕장,5.0,부산
8832,f008623,해운대 전통시장,5.0,부산
8833,f008625,송대말 등대,3.6666666666666665,경북
8834,f008625,송대말 등대,4.0,경북
8835,f008625,황련단길,5.0,경북
8836,f008625,첨성대,5.0,경북
8837,f008629,황련단길,4.666666666666667,
8838,f008629,대릉원,4.0,경북
8839,f008629,첨성대,2.6666666666666665,경북
8840,f008629,동궁과 월지,4.0,경북
8841,f008629,월정교,5.0,경북
8842,f008629,경주 중앙시장,4.0,경북
8843,f008629,국립경주박물관,5.0,경북
8844,f008629,황련단길,5.0,경북
8845,f008630,영남루,4.0,경남
8846,f008630,영남루,3.6666666666666665,경남
8847,f008630,귀양지,3.6666666666666665,경남
8848,f008630,표충사,4.666666666666667,경남
8849,f008635,비발디파크 오션월드,4.666666666666667,강원특별자치도
8850,f008652,주문진해변,2.6666666666666665,강원특별자치도
8851,f008652,주문진 방사제,1.6666666666666667,강원특별자치도
8852,f008652,초당순두부마을,1.6666666666666667,강원특별자치도
8853,f008652,강문해변,5.0,강원특별자치도
8854,f008652,경포대,5.0,강원특별자치도
8855,f008652,경포 호수광장,5.0,강원특별자치도
8856,f008652,안목 해변,5.0,강원특별자치도
8857,f008652,송정해변,5.0,강원특별자치도
8858,f008652,안목 해변,5.0,
8859,f008652,나라나 비 강릉점,4.0,강원특별자치도
8860,f008652,강릉 중앙시장,1.3333333333333333,강원특별자치도
8861,f008690,설악워터피아,5.0,강원특별자치도
8862,f008699,강릉 중앙시장,4.666666666666667,강원특별자치도
8863,f008699,강문해변,4.666666666666667,강원특별자치도
8864,f008699,경포호,4.666666666666667,강원특별자치도
8865,f008699,송정해변,3.3333333333333335,
8866,f008699,346커피스토리,5.0,강원특별자치도
8867,f008699,강문해변,4.0,강원특별자치도
8868,f008725,영일대해수욕장,4.0,경북
8869,f008730,황련단길,5.0,경북
8870,f008741,홈플러스 죽도점,3.0,경북
8871,f008741,죽도 시장,3.0,경북
8872,f008741,호미곶,2.0,경북
8873,f008741,황련단길,5.0,경북
8874,f008750,합강정,5.0,강원특별자치도
8875,f008752,비발디파크 오션월드,5.0,강원특별자치도
8876,f008758,코오롱야외음악당,5.0,
8877,f008760,미시령,3.6666666666666665,강원특별자치도
8878,f008760,보사노바 커피 로프터스 속초점,4.0,강원특별자치도
8879,f008760,아야진해수욕장,4.333333333333333,강원특별자치도
8880,f008761,스파 더 스페이스,4.666666666666667,경남
8881,f008761,이마트 마산점,4.0,경남
8882,f008775,대릉원,4.333333333333333,경북
8883,f008775,월정교,4.0,경북
8884,f008779,영일대해수욕장,5.0,경북
8885,f008779,죽도 시장,5.0,경북
8886,f008779,영일대해수욕장,5.0,경북
8887,f008779,구룡포 일본인 가옥거리,5.0,경북
8888,f008779,상생의 손,5.0,경북
8889,f008781,동촌유원지,5.0,대구
8890,f008781,신세계백화점 대구점,4.333333333333333,대구
8891,f008794,광안리해수욕장,5.0,부산
8892,f008794,광안리해양레포츠센터,5.0,부산
8893,f008803,대금굴,5.0,강원특별자치도
8894,f008803,삼척해변,5.0,강원특별자치도
8895,f008803,강릉 중앙시장,4.0,강원특별자치도
8896,f008803,운대리 자작나무 숲,5.0,강원특별자치도
8897,f008805,신세계백화점 센텀시티점,5.0,부산
8898,f008805,광안리해수욕장,5.0,부산
8899,f008805,광안리해수욕장,5.0,부산
8900,f008805,밀란 더 마켓,5.0,부산
8901,f008805,광안리해수욕장,5.0,부산
8902,f008805,KTG 상상마당 부산,3.6666666666666665,부산
8903,f008805,짱 오락실 부산 서면점,5.0,부산
8904,f008805,전포 카페거리,3.6666666666666665,부산
8905,f008807,속초관광수산시장,3.6666666666666665,강원특별자치도
8906,f008807,영금정,3.3333333333333335,강원특별자치도
8907,f008807,등대해수욕장,5.0,강원특별자치도
8908,f008807,속초관광수산시장,5.0,강원특별자치도
8909,f008807,속초해수욕장,5.0,강원특별자치도
8910,f008810,남이섬 가평 선착장,4.0,경기
8911,f008810,남이섬 가평 선착장,4.0,경기
8912,f008810,가평군 농협 하나로마트 자라 점,3.0,경기
8913,f008810,해피 초원 목장,3.3333333333333335,강원특별자치도
8914,f008827,롯데몰 진주점,4.0,경남
8915,f008827,진주성,4.0,경남
8916,f008827,진주중앙시장,3.0,경남
8917,f008830,광안리해양레포츠센터,4.0,부산
8918,f008830,NC백화점 서면점,5.0,부산
8919,f008836,초량 차이나타운,3.3333333333333335,부산
8920,f008836,광안리해수욕장,5.0,부산
8921,f008838,대왕암공원,5.0,울산
8922,f008838,일산해수욕장,5.0,울산
8923,f008844,구조라해수욕장,4.333333333333333,경남
8924,f008847,대릉원,5.0,경북
8925,f008852,강문해변,5.0,강원특별자치도
8926,f008861,광안리해수욕장,5.0,부산
8927,f008861,KTG 상상마당 부산,5.0,부산
8928,f008861,롯데백화점 부산본점,4.0,부산
8929,f008861,롯데백화점 부산본점,3.0,부산
8930,f008866,태종대 다 노비 열차,4.0,부산
8931,f008866,부산 아시아드 보조경기장,5.0,부산
8932,f008866,광안리해수욕장,5.0,부산
8933,f008866,밀란 더 마켓,5.0,부산
8934,f008870,서면 지하상가,5.0,부산
8935,f008870,해운대 전통시장,4.333333333333333,부산
8936,f008870,밀란 더 마켓,5.0,부산
8937,f008870,광안리해수욕장,5.0,부산
8938,f008877,이케아 동부산점,5.0,부산
8939,f008878,광안리해수욕장,5.0,부산
8940,f008878,밀란 더 마켓,4.0,부산
8941,f008884,광암해수욕장,2.6666666666666665,경남
8942,f008884,보수동 책방 골목,5.0,부산
8943,f008884,국제시장,3.3333333333333335,부산
8944,f008884,BIFF 거리,4.666666666666667,부산
8945,f008884,해운대해수욕장,4.333333333333333,부산
8946,f008884,신세계백화점 센텀시티점,4.333333333333333,부산
8947,f008884,전포 카페거리,4.666666666666667,부산
8948,f008884,시현하다 프레임 레드 화이트 점,5.0,부산
8949,f008891,홈플러스 김해점,4.0,경남
8950,f008891,연지공원,5.0,경남
8951,f008891,홈플러스 김해점,4.333333333333333,경남
8952,f008892,황련단길,3.3333333333333335,경북
8953,f008892,대릉원,4.333333333333333,경북
8954,f008892,경주 봉황대,5.0,경북
8955,f008892,월정교,5.0,경북
8956,f008892,국립경주박물관,5.0,경북
8957,f008899,강동 몽돌해변,5.0,울산
8958,f008899,태화강 국가 정원,5.0,울산
8959,f008899,현대백화점 울산점,5.0,울산
8960,f008918,영일대해수욕장,4.666666666666667,경북
8961,f008918,구룡포 일본인 가옥거리,5.0,경북
8962,f008923,자갈치시장,5.0,부산
8963,f008923,신세계백화점 센텀시티점,5.0,부산
8964,f008923,부산요트투어 위드 요트,5.0,부산
8965,f008923,더베이 11,5.0,부산
8966,f008962,등대해수욕장,4.0,강원특별자치도
8967,f008962,속초관광수산시장,5.0,강원특별자치도
8968,f008962,대포항,5.0,강원특별자치도
8969,f008979,동궁과 월지,2.6666666666666665,경북
8970,f008979,첨성대,3.0,경북
8971,f008979,대릉원,3.0,경북
8972,f008979,황련단길,4.0,경북
8973,f008997,알펜시아리조트 오션 7,3.0,강원특별자치도
8974,f008997,알펜시아 스포츠파크,4.333333333333333,강원특별자치도
8975,f008997,알펜시아 스포츠파크,5.0,강원특별자치도
8976,f009003,경주 루지 월드,5.0,경북
8977,f009030,경주월드,5.0,경북
8978,f009030,경주월드,5.0,경북
8979,f009030,첨성대,5.0,경북
8980,f009030,동궁과 월지,5.0,경북
8981,f009030,황련단길,5.0,경북
8982,f009064,레고랜드 코리아리조트,3.6666666666666665,강원특별자치도
8983,f009074,마차진 해변,3.0,강원특별자치도
8984,f009074,대진항 수산시장,4.0,강원특별자치도
8985,f009074,매바위 인공폭포,3.6666666666666665,강원특별자치도
8986,f009078,캘리포니아비치,5.0,
8987,f009078,월정교,5.0,경북
8988,f009091,해운대 전통시장,5.0,부산
8989,f009097,정선 레일바이크,4.666666666666667,강원특별자치도
8990,f009097,아르떼 뮤지엄 강릉,2.3333333333333335,강원특별자치도
8991,f009097,오죽헌,4.0,강원특별자치도
8992,f009097,경포해수욕장,4.333333333333333,강원특별자치도
8993,f009141,아르떼 뮤지엄 강릉,5.0,강원특별자치도
8994,f009141,속초해수욕장,3.3333333333333335,강원특별자치도
8995,f009141,아바이마을 벽화골목,3.3333333333333335,강원특별자치도
8996,f009141,영랑 호수공원,2.6666666666666665,강원특별자치도
8997,f009141,대포항,3.0,강원특별자치도
8998,f009141,피노 디아 엑스포타워,2.3333333333333335,강원특별자치도
8999,f009141,속초관광수산시장,3.0,강원특별자치도
9000,f009141,영금정,5.0,강원특별자치도
9001,f009153,키와,5.0,경북
9002,f009153,황남쫀드기 대릉원점,1.0,경북
9003,f009153,월정교,5.0,경북
9004,f009155,대릉원,3.6666666666666665,경북
9005,f009155,첨성대,4.0,경북
9006,f009155,경주석빙고,2.0,경북
9007,f009162,죽성 드림세트장,3.6666666666666665,부산
9008,f009162,이케아 동부산점,3.6666666666666665,부산
9009,f009162,롯데 프리미엄 아웃렛 동부산점,4.0,부산
9010,f009164,경상남도교육청 김해도서관,4.333333333333333,경남
9011,f009165,매암차 박물관,3.6666666666666665,경남
9012,f009165,하동송림공원,5.0,경남
9013,f009168,대가야역사 테마관광지,5.0,경북
9014,f009169,진주성,5.0,경남
9015,f009169,진주중앙시장,2.6666666666666665,경남
9016,f009170,횡성 전통시장,1.3333333333333333,강원특별자치도
9017,f009173,불국사,5.0,경북
9018,f009173,첨성대,5.0,경북
9019,f009175,롯데 프리미엄 아웃렛 동부산점,3.6666666666666665,부산
9020,f009178,청도 소싸움경기장,4.0,경북
9021,f009178,와인터널,3.0,경북
9022,f009180,합천영상테마파크,5.0,경남
9023,f009181,오대산 월정사 전나무 숲길,5.0,강원특별자치도
9024,f009181,월정사,4.0,강원특별자치도
9025,f009185,국립김해 박물관,4.666666666666667,경남
9026,f009185,수로왕릉,3.6666666666666665,경남
9027,f009186,남매지,5.0,경북
9028,f009189,영남루,4.666666666666667,경남
9029,f009203,부산 시립미술관,4.333333333333333,부산
9030,f009203,광안리해수욕장,5.0,부산
9031,f009231,기사문해수욕장,5.0,강원특별자치도
9032,f009231,속초관광수산시장,4.666666666666667,강원특별자치도
9033,f009231,속초해수욕장,3.6666666666666665,강원특별자치도
9034,f009231,속초 아이,4.333333333333333,강원특별자치도
9035,f009238,동궁과 월지,5.0,경북
9036,f009248,속초해수욕장,4.0,강원특별자치도
9037,f009248,속초해수욕장,4.0,강원특별자치도
9038,f009248,속초관광수산시장,4.0,강원특별자치도
9039,f009248,속초관광수산시장,5.0,강원특별자치도
9040,f009248,등대해수욕장,5.0,강원특별자치도
9041,f009376,사근 긴 해변,5.0,강원특별자치도
9042,f009396,강문해변,5.0,강원특별자치도
9043,f009430,아르떼 뮤지엄 강릉,4.333333333333333,강원특별자치도
9044,f009430,강문해변,4.0,강원특별자치도
9045,f009445,국립경주박물관,4.333333333333333,경북
9046,f009448,청도 재래시장,3.0,경북
9047,f009454,속초관광수산시장,3.0,강원특별자치도
9048,f009454,서피 비치,4.666666666666667,강원특별자치도
9049,f009454,안목 해변,5.0,강원특별자치도
9050,f009461,롯데백화점 부산본점,4.0,부산
9051,f009461,벡스코,4.0,부산
9052,f009461,광안리해수욕장,4.0,부산
9053,f009461,애플 아웃렛,4.0,부산
9054,f009465,경주월드,5.0,경북
9055,f009472,해운대 블루라인파크 미포 정거장,4.0,부산
9056,f009472,해운대 블루라인파크 청사포 정거장,4.0,부산
9057,f009472,해운대 블루라인파크 미포 정거장,4.0,부산
9058,f009472,해운대해수욕장,4.0,부산
9059,f009480,송대말 등대,5.0,경북
9060,f009495,한탄강 은하 수교,3.3333333333333335,강원특별자치도
9061,f009505,밀란 더 마켓,4.333333333333333,부산
9062,f009505,광안리해수욕장,5.0,부산
9063,f009505,수영만 요트경기장,5.0,부산
9064,f009505,광안리해수욕장,5.0,부산
9065,f009505,부평 깡통시장,5.0,부산
9066,f009505,부산영화체험 박물관,5.0,부산
9067,f009516,교촌마을,5.0,경북
9068,f009535,첨성대,5.0,경북
9069,f009535,대릉원,4.0,경북
9070,f009535,황련단길,5.0,경북
9071,f009556,감자 유원지,3.0,강원특별자치도
9072,f009556,강릉 중앙시장,4.0,강원특별자치도
9073,f009556,안목 해변,3.3333333333333335,강원특별자치도
9074,f009556,경포해수욕장,5.0,강원특별자치도
9075,f009569,부용대,4.666666666666667,경북
9076,f009569,하회 세계 탈 박물관,4.666666666666667,경북
9077,f009569,안동 하회마을,4.666666666666667,경북
9078,f009596,서피 비치,4.0,강원특별자치도
9079,f009596,서피 비치,4.0,강원특별자치도
9080,f009605,고석정,5.0,강원특별자치도
9081,f009605,고석정 잔디광장,5.0,
9082,f009605,고석정 잔디광장,5.0,
9083,f009619,더 현대 대구,3.6666666666666665,대구
9084,f009619,ZARA 동성로점,3.0,대구
9085,f009637,BIFF 거리,2.3333333333333335,부산
9086,f009637,국립 해양 박물관,5.0,부산
9087,f009640,불국사,4.333333333333333,경북
9088,f009640,기림사,4.333333333333333,경북
9089,f009660,인구해변,3.6666666666666665,강원특별자치도
9090,f009660,인구해변,5.0,강원특별자치도
9091,f009675,운대리 자작나무 숲,3.0,강원특별자치도
9092,f009675,내린천 래프팅 협동조합,5.0,강원특별자치도
9093,f009676,산토리니,5.0,강원특별자치도
9094,f009676,해피 초원 목장,3.6666666666666665,강원특별자치도
9095,f009676,춘천 중도 물레길,3.6666666666666665,강원특별자치도
9096,f009685,부평 깡통시장,4.666666666666667,부산
9097,f009713,낙산 해변,5.0,강원특별자치도
9098,f009713,속초관광수산시장,5.0,강원특별자치도
9099,f009713,설악워터피아,5.0,강원특별자치도
9100,f009733,강릉 중앙시장,5.0,강원특별자치도
9101,f009744,수선사,4.666666666666667,경남
9102,f009744,남사예담촌,4.0,경남
9103,f009758,국립경주박물관,3.6666666666666665,경북
9104,f009758,우량 미술관,3.3333333333333335,경북
9105,f009763,남이섬,5.0,강원특별자치도
9106,f009763,소양강 처녀상,3.0,강원특별자치도
9107,f009765,동쪽 바다 중앙시장,5.0,강원특별자치도
9108,f009765,어달해변,5.0,강원특별자치도
9109,f009765,어달해변,5.0,강원특별자치도
9110,f009779,영천 강변공원,4.333333333333333,경북
9111,f009779,으로 지 자연 생태공원,4.333333333333333,경북
9112,f009787,강문해변,5.0,강원특별자치도
9113,f009787,영진해변,4.666666666666667,강원특별자치도
9114,f009791,비발디파크 루지 월드,4.0,강원특별자치도
9115,f009791,비발디파크 오션월드,4.0,강원특별자치도
9116,f009827,서프 홀릭 다대포,4.666666666666667,부산
9117,f009827,다대포해수욕장,5.0,부산
9118,f009827,KTG 상상마당 부산,4.0,부산
9119,f009846,광안리해수욕장,5.0,부산
9120,f009846,아모레 부산,4.333333333333333,부산
9121,f009858,서프 홀릭 다대포,4.666666666666667,부산
9122,f009858,다대포해수욕장,5.0,부산
9123,f009858,다대포 해변공원,3.6666666666666665,부산
9124,f009859,김광석 다시 그리기 길,4.0,대구
9125,f009859,더 현대 대구,5.0,대구
9126,f009859,수성못,5.0,대구
9127,f009859,더 현대 대구,5.0,대구
9128,f009866,강문해변,4.0,강원특별자치도
9129,f009866,강릉 중앙시장,5.0,강원특별자치도
9130,f009886,환호공원 포항시립미술관,4.333333333333333,경북
9131,f009886,환호공원 스페이스 워크,4.333333333333333,경북
9132,f009886,영일대해수욕장,4.666666666666667,경북
9133,f009933,아르떼 뮤지엄 강릉,5.0,강원특별자치도
9134,f009933,강문해변,5.0,강원특별자치도
9135,f009933,강문해변,5.0,강원특별자치도
9136,f009966,월영교,5.0,경북
9137,f009966,웅부공원,5.0,경북
9138,f009966,전통문화콘텐츠 박물관,5.0,경북
9139,f010006,신세계백화점 센텀시티점,5.0,부산
9140,f010006,롯데월드 어드벤처 부산,5.0,부산
9141,f010028,첨성대,3.0,경북
9142,f010028,국립경주박물관,3.6666666666666665,경북
9143,f010028,황련단길,4.0,경북
9144,f010028,대릉원,4.333333333333333,경북
9145,f010035,광안리해수욕장,5.0,부산
9146,f010035,밀란 더 마켓,5.0,부산
9147,f010035,광안리해수욕장,5.0,부산
9148,f010085,안반데기,5.0,강원특별자치도
9149,f010136,KTG 상상마당 부산,3.0,부산
9150,f010136,신세계백화점 센텀시티점,4.0,부산
9151,f010136,광안리해수욕장,5.0,부산
9152,f010136,하루 필름 부산 광안리점,4.333333333333333,부산
9153,f010136,밀란 더 마켓,3.3333333333333335,부산
9154,f010164,대릉원,4.333333333333333,경북
9155,f010164,첨성대,4.0,경북
9156,f010164,월정교,5.0,경북
9157,f010164,첨성대,4.333333333333333,경북
9158,f010193,내원사,5.0,경남
9159,f010197,경주월드,5.0,경북
9160,f010197,황련단길,5.0,경북
9161,f010208,디자인공원,5.0,경남
9162,f010239,태화강 국가 정원,3.6666666666666665,울산
9163,f010239,롯데백화점 울산점,4.333333333333333,울산
9164,f010239,롯데 영 플라자 울산점,3.6666666666666665,울산
9165,f010249,346커피스토리,5.0,강원특별자치도
9166,f010254,KTG 상상마당 부산,5.0,부산
9167,f010254,롯데백화점 부산본점,5.0,부산
9168,f010254,부전시장,3.3333333333333335,부산
9169,f010254,NC백화점 서면점,4.666666666666667,부산
9170,f010254,부산 시민공원,4.0,부산
9171,f010254,광안리해수욕장,5.0,부산
9172,f010276,비발디파크 오션월드,5.0,강원특별자치도
9173,f010285,해운대해수욕장,5.0,부산
9174,f010285,행리단길,3.6666666666666665,부산
9175,f010285,신세계백화점 센텀시티점,5.0,부산
9176,f010285,광안리 해변 테마거리,5.0,부산
9177,f010291,해운대 블루라인파크 미포 정거장,5.0,부산
9178,f010291,해운대 블루라인파크 청사포 정거장,5.0,부산
9179,f010291,수영만 요트경기장,5.0,부산
9180,f010291,광안리해수욕장,5.0,부산
9181,f010307,카페 감자밭 본점,5.0,강원특별자치도
9182,f010307,스타벅스 춘천 구봉산 R,5.0,강원특별자치도
9183,f010307,남이섬,5.0,강원특별자치도
9184,f010307,남이섬 나미 콩쿠르 갤러리,5.0,강원특별자치도
9185,f010307,남이섬 유원지 평화랑,5.0,강원특별자치도
9186,f010327,해맞이공원,5.0,대구
9187,f010327,홈플러스 칠곡점,3.6666666666666665,대구
9188,f010329,시현하다 프레임 레드 화이트 점,4.0,부산
9189,f010329,서면 미술관,4.0,부산
9190,f010329,전포 카페거리,4.0,부산
9191,f010333,구룡포 일본인 가옥거리,5.0,경북
9192,f010333,영일고,5.0,경북
9193,f010333,영일대해수욕장,4.333333333333333,경북
9194,f010333,상생의 손,5.0,경북
9195,f010338,포항 송도 해수욕장,3.0,경북
9196,f010338,영일대해수욕장,5.0,경북
9197,f010338,영일대해수욕장,5.0,경북
9198,f010340,영도대교 포장마차 거리,2.3333333333333335,부산
9199,f010340,흰 여울 문화마을,2.3333333333333335,부산
9200,f010342,춘천 풍물시장,2.0,강원특별자치도
9201,f010342,인필드,5.0,강원특별자치도
9202,f010348,블루 원 워터파크,5.0,경북
9203,f010348,역 일대 해상 누각,5.0,경북
9204,f010348,오딘 베이커리 카페,5.0,경북
9205,f010348,이가리 닻 전망대,5.0,경북
9206,f010391,이사 부상자 공원,5.0,강원특별자치도
9207,f010391,강원종합 박물관,4.333333333333333,강원특별자치도
9208,f010397,울산 도서관,5.0,울산
9209,f010454,국립경주박물관,4.0,경북
9210,f010454,국립경주박물관,4.666666666666667,경북
9211,f010454,첨성대,4.666666666666667,경북
9212,f010454,대릉원,5.0,경북
9213,f010463,해동용궁사,5.0,부산
9214,f010537,밀란 더 마켓,4.333333333333333,부산
9215,f010537,KTG 상상마당 부산,4.0,부산
9216,f010597,민락수변공원,5.0,부산
9217,f010597,밀란 더 마켓,3.6666666666666665,부산
9218,f010597,씨라 이르 부산아쿠아리움,5.0,부산
9219,f010597,해운대 블루라인파크 미포 정거장,5.0,부산
9220,f010597,롯데월드 어드벤처 부산,5.0,부산
9221,f010608,대릉원,3.6666666666666665,경북
9222,f010608,경주농협 하나로마트 본점,5.0,경북
9223,f010631,해양드라마 세트장,3.3333333333333335,경남
9224,f010643,블루 원 워터파크,4.666666666666667,경북
9225,f010643,첨성대,5.0,경북
9226,f010650,덕평자연휴게소 강릉방향,5.0,경기
9227,f010650,비발디파크 오션월드,4.0,강원특별자치도
9228,f010660,광안리해수욕장,5.0,부산
9229,f010662,영일대해수욕장,4.0,경북
9230,f010664,경주월드,5.0,경북
9231,f010664,경주월드,4.0,경북
9232,f010664,신라 대종,5.0,경북
9233,f010664,황련단길,4.0,경북
9234,f010679,삼 성현 역사 문화공원,5.0,경북
9235,f010698,비발디파크 오션월드,4.0,강원특별자치도
9236,f010726,경상남도교육청 김해도서관,4.666666666666667,경남
9237,f010726,봉황대공원,5.0,경남
9238,f010726,수로왕릉,5.0,경남
9239,f010726,수릉원,4.333333333333333,경남
9240,f010726,대성동 고분군,3.0,경남
9241,f010740,아모레 부산,5.0,부산
9242,f010740,해운대해수욕장,5.0,부산
9243,f010740,행리단길,5.0,부산
9244,f010740,인 더 스트리트 부산 해운대점,5.0,부산
9245,f010740,해운대해수욕장,4.0,부산
9246,f010740,행리단길,5.0,부산
9247,f010740,해운대해수욕장,5.0,부산
9248,f010742,강릉 월화 거리,3.6666666666666665,강원특별자치도
9249,f010742,아르떼 뮤지엄 강릉,4.0,강원특별자치도
9250,f010742,스타벅스 강릉강문해변점,4.0,강원특별자치도
9251,f010742,강문해변,4.0,강원특별자치도
9252,f010749,민둥산,4.333333333333333,강원특별자치도
9253,f010766,송도 구름 산책로,4.333333333333333,부산
9254,f010766,감천문화마을,3.6666666666666665,부산
9255,f010766,송도해수욕장,5.0,부산
9256,f010783,KTG 상상마당 부산,5.0,부산
9257,f010802,대구 백화점 대백플라자점,5.0,대구
9258,f010802,대구 백화점 대백플라자점,4.333333333333333,대구
9259,f010802,김광석 다시 그리기 길,5.0,대구
9260,f010802,김광석 다시 그리기 길,3.6666666666666665,대구
9261,f010802,스파크 랜드,5.0,대구
9262,f010805,국립경주박물관,4.666666666666667,경북
9263,f010805,첨성대,4.666666666666667,경북
9264,f010805,홈플러스 경주점,3.0,경북
9265,f010805,월정교,4.0,경북
9266,f010805,경주월드,3.3333333333333335,경북
9267,f010805,모다 아웃렛 경주 포항점,4.0,경북
9268,f010805,홈플러스 포항점,4.0,경북
9269,f010814,나루 수상 레저,3.6666666666666665,
9270,f010820,롯데 워터파크,5.0,경남
9271,f010822,첨성대,4.0,경북
9272,f010822,대릉원,4.0,
9273,f010822,포항 운하,4.0,
9274,f010822,죽도 시장,4.0,경북
9275,f010867,대왕암공원,4.666666666666667,울산
9276,f010867,주전몽돌해변,5.0,울산
9277,f010867,태화강 동굴 피아,2.3333333333333335,울산
9278,f010869,영일대해수욕장,5.0,경북
9279,f010869,죽도 시장,3.3333333333333335,경북
9280,f010870,해운대 블루라인파크 미포 정거장,5.0,부산
9281,f010870,송정해수욕장,5.0,부산
9282,f010870,라이언 홀리데이 인 부산,5.0,부산
9283,f010870,해운대해수욕장,5.0,부산
9284,f010886,스파크 랜드,5.0,대구
9285,f010909,경천서 공원,5.0,경북
9286,f010912,강문해변,3.3333333333333335,강원특별자치도
9287,f010912,엔드투앤드,4.0,강원특별자치도
9288,f010938,흰 여울 문화마을,4.666666666666667,부산
9289,f010939,낙산사,4.333333333333333,강원특별자치도
9290,f010939,낙산 해변,5.0,강원특별자치도
9291,f010939,낙산 해변,5.0,강원특별자치도
9292,f010939,양양전통시장,3.0,강원특별자치도
9293,f010945,황련단길,4.0,경북
9294,f010955,강문해변,5.0,강원특별자치도
9295,f010955,허균 허난설헌 기념관,4.0,강원특별자치도
9296,f010955,스타벅스 강릉강문해변점,3.6666666666666665,강원특별자치도
9297,f010955,아르떼 뮤지엄 강릉,5.0,강원특별자치도
9298,f010961,롯데 워터파크,5.0,경남
9299,f010961,봉리단길,4.0,경남
9300,f010981,대릉원,4.0,경북
9301,f010981,황남쫀드기 대릉원점,4.0,경북
9302,f010981,동궁과 월지,3.6666666666666665,경북
9303,f010988,벌열 메타세쿼이아 숲,4.0,경북
9304,f010988,고래불해수욕장,3.3333333333333335,경북
9305,f010995,울산시립미술관,5.0,울산
9306,f010995,태화강 국가 정원,5.0,울산
9307,f011000,속초해수욕장,4.0,강원특별자치도
9308,f011000,속초관광수산시장,5.0,강원특별자치도
9309,f011000,청초 호수공원,4.0,강원특별자치도
9310,f011010,밀란 더 마켓,3.6666666666666665,부산
9311,f011010,광안리해수욕장,5.0,부산
9312,f011010,상국이네,5.0,부산
9313,f011010,해운대해수욕장,4.0,부산
9314,f011010,행리단길,5.0,부산
9315,f011017,안동문화의 거리,3.0,경북
9316,f011017,안동문화의 거리,3.0,경북
9317,f011055,시나 셀프 사진관,4.333333333333333,경북
9318,f011055,대릉원,4.333333333333333,경북
9319,f011139,사천진 해변,5.0,강원특별자치도
9320,f011146,첨성대,4.0,경북
9321,f011146,국립경주박물관,5.0,경북
9322,f011146,대릉원,5.0,경북
9323,f011146,동궁과 월지,5.0,경북
9324,f011174,송전해수욕장,5.0,강원특별자치도
9325,f011230,대릉원,5.0,경북
9326,f011230,분황사,4.0,경북
9327,f011230,동궁과 월지,5.0,경북
9328,f011230,황련단길,5.0,경북
9329,f011231,부평 깡통시장,4.333333333333333,부산
9330,f011231,보수동 책방 골목,4.0,부산
9331,f011231,해운대해수욕장,4.666666666666667,부산
9332,f011231,해운대해수욕장,5.0,부산
9333,f011231,해운대해수욕장,4.666666666666667,부산
9334,f011231,해동용궁사,3.3333333333333335,부산
9335,f011231,이케아 동부산점,3.6666666666666665,부산
9336,f011248,강릉시립미술관,3.0,강원특별자치도
9337,f011248,강릉 월화 거리,3.0,강원특별자치도
9338,f011248,강문해변,4.0,강원특별자치도
9339,f011248,강릉 월화 거리,4.0,강원특별자치도
9340,f011280,반곡리,3.3333333333333335,경북
9341,f011281,거창 창포원,5.0,경남
9342,f011281,수승대관광지,5.0,경남
9343,f011316,경주월드,4.666666666666667,경북
9344,f011316,동궁과 월지,4.333333333333333,경북
9345,f011316,월정교,4.333333333333333,경북
9346,f011316,경주 루지 월드,4.333333333333333,경북
9347,f011329,속초관광수산시장,4.0,강원특별자치도
9348,f011329,속초해수욕장,4.0,강원특별자치도
9349,f011329,속초 아이,4.0,강원특별자치도
9350,f011335,홍천중앙시장,3.0,강원특별자치도
9351,f011335,홍천 미술관,5.0,강원특별자치도
9352,f011335,홍천강,3.3333333333333335,강원특별자치도
9353,f011398,장생포 고래문화마을,3.6666666666666665,울산
9354,f011405,민둥산,5.0,강원특별자치도
9355,f011416,대왕암공원,5.0,울산
9356,f011427,안동 하회마을 만송정 숲,3.6666666666666665,경북
9357,f011443,김유정역 (폐역),3.6666666666666665,강원특별자치도
9358,f011464,광안리해수욕장,5.0,부산
9359,f011464,광안리해수욕장,5.0,부산
9360,f011469,울산대공원 동물원,4.0,울산
9361,f011469,롯데 영 플라자 울산점,3.3333333333333335,울산
9362,f011469,롯데백화점 울산점,4.333333333333333,울산
9363,f011469,울산대교 전망대,4.666666666666667,울산
9364,f011475,간절곶,3.0,울산
9365,f011475,대왕암공원,5.0,울산
9366,f011475,대왕암,5.0,울산
9367,f011476,부산 아시아드 보조경기장,5.0,부산
9368,f011476,해운대해수욕장,5.0,부산
9369,f011476,서면 지하상가,4.666666666666667,부산
9370,f011485,대릉원,4.333333333333333,경북
9371,f011485,황련단길,4.333333333333333,경북
9372,f011485,월정교,4.333333333333333,경북
9373,f011485,불국사,4.333333333333333,경북
9374,f011487,대구 이월드,5.0,대구
9375,f011492,천마총,5.0,경북
9376,f011492,대릉원,5.0,경북
9377,f011492,첨성대,5.0,경북
9378,f011492,동궁과 월지,5.0,경북
9379,f011494,뮤지엄 산,3.0,강원특별자치도
9380,f011498,레고랜드 코리아리조트,4.333333333333333,강원특별자치도
9381,f011498,레고랜드 코리아리조트,4.333333333333333,강원특별자치도
9382,f011502,속초해수욕장,4.0,강원특별자치도
9383,f011502,속초관광수산시장,3.6666666666666665,강원특별자치도
9384,f011502,속초해수욕장,5.0,강원특별자치도
9385,f011503,부평 깡통시장,5.0,부산
9386,f011516,뮤지엄 산,4.666666666666667,강원특별자치도
9387,f011516,강릉 중앙시장,4.0,강원특별자치도
9388,f011516,안목 해변,5.0,강원특별자치도
9389,f011529,해운대해수욕장,5.0,부산
9390,f011529,클럽 디 오아시스,4.0,부산
9391,f011530,강릉 중앙시장,3.6666666666666665,강원특별자치도
9392,f011530,아르떼 뮤지엄 강릉,4.666666666666667,강원특별자치도
9393,f011530,허균 허난설헌 기념관,2.0,강원특별자치도
9394,f011530,사근 긴 해변,4.0,강원특별자치도
9395,f011530,사근 긴 해변,4.333333333333333,강원특별자치도
9396,f011530,외옹치해변,3.6666666666666665,강원특별자치도
9397,f011530,속초해수욕장,3.6666666666666665,강원특별자치도
9398,f011531,광안리해수욕장,4.0,부산
9399,f011531,KTG 상상마당 부산,5.0,부산
9400,f011554,서문시장,4.0,대구
9401,f011554,더 현대 대구,4.333333333333333,대구
9402,f011559,강릉 중앙시장,4.666666666666667,강원특별자치도
9403,f011559,홈플러스 강릉점,2.3333333333333335,강원특별자치도
9404,f011559,강문해변,5.0,강원특별자치도
9405,f011559,유리알 유희,5.0,강원특별자치도
9406,f011559,안목 해변,5.0,강원특별자치도
9407,f011565,흰 여울 문화마을,5.0,부산
9408,f011565,광안리해수욕장,5.0,부산
9409,f011565,부산역,5.0,부산
9410,f011568,삼천포 용궁 수산시장,5.0,경남
9411,f011568,섬의 정원,5.0,경남
9412,f011576,의령 구름다리,5.0,경남
9413,f011576,의병 박물관,4.666666666666667,경남
9414,f011577,속초해수욕장,5.0,강원특별자치도
9415,f011577,속초관광수산시장,3.0,강원특별자치도
9416,f011579,간절곶,5.0,울산
9417,f011582,대가야박물관,4.333333333333333,
9418,f011583,경북도서관,5.0,경북
9419,f011583,경북도서관,5.0,경북
9420,f011588,국립 해양과학관,5.0,경북
9421,f011589,신세계백화점 센텀시티점,5.0,부산
9422,f011598,법기 수원지,5.0,경남
9423,f011598,트레이더스 홀세일 클럽 양산점,5.0,경남
9424,f011599,애니메이션박물관,5.0,강원특별자치도
9425,f011601,해동용궁사,4.666666666666667,부산
9426,f011601,해운대 블루라인파크 송정 정거장,2.6666666666666665,부산
9427,f011601,광안리해수욕장,5.0,부산
9428,f011601,영화의 전당,5.0,부산
9429,f011601,신세계 센텀시티몰,4.0,부산
9430,f011615,간절곶,4.0,울산
9431,f011615,나사해수욕장,4.0,울산
9432,f011630,대릉원,5.0,경북
9433,f011630,월정교,5.0,경북
9434,f011630,첨성대,5.0,경북
9435,f011630,동궁과 월지,5.0,경북
9436,f011631,레고랜드 코리아리조트,4.333333333333333,강원특별자치도
9437,f011643,등대해수욕장,3.6666666666666665,강원특별자치도
9438,f011643,영금정,5.0,강원특별자치도
9439,f011643,속초관광수산시장,4.0,강원특별자치도
9440,f011645,오죽헌,4.666666666666667,강원특별자치도
9441,f011645,안목 해변,5.0,강원특별자치도
9442,f011645,강릉 중앙시장,3.3333333333333335,강원특별자치도
9443,f011645,경포해수욕장,5.0,강원특별자치도
9444,f011668,카츠 토다이,5.0,경남
9445,f011668,수릉원,5.0,경남
9446,f011668,수로왕릉,5.0,경남
9447,f011671,흰 여울 문화마을,5.0,부산
9448,f011671,벡스코 제2전시장,5.0,부산
9449,f011680,황련단길,3.0,경북
9450,f011680,대릉원,3.3333333333333335,경북
9451,f011680,경주 봉황대,3.3333333333333335,경북
9452,f011686,강릉 중앙시장,5.0,강원특별자치도
9453,f011708,외옹치 바다 향기로,4.333333333333333,강원특별자치도
9454,f011708,영금정,3.0,강원특별자치도
9455,f011708,민우당 서림,4.0,강원특별자치도
9456,f011708,속초관광수산시장,5.0,강원특별자치도
9457,f011733,대릉원,5.0,경북
9458,f011733,천마총,5.0,경북
9459,f011733,첨성대,5.0,경북
9460,f011733,경주계림,5.0,경북
9461,f011733,황련단길,5.0,경북
9462,f011735,송대말 등대,5.0,경북
9463,f011735,오류고아라 해변,5.0,경북
9464,f011735,황련단길,5.0,경북
9465,f011738,남매지,5.0,경북
9466,f011748,초당순두부마을,5.0,강원특별자치도
9467,f011748,허균 허난설헌 기념관,3.6666666666666665,강원특별자치도
9468,f011748,허균 허난설헌 기념관,5.0,강원특별자치도
9469,f011748,강문해변,5.0,강원특별자치도
9470,f011755,주교좌 계산 대성당,3.6666666666666665,대구
9471,f011755,서문시장,4.0,대구
9472,f011771,씨라 이르 부산아쿠아리움,5.0,부산
9473,f011771,해운대해수욕장,5.0,부산
9474,f011771,행리단길,5.0,부산
9475,f011795,전포 카페거리,3.3333333333333335,부산
9476,f011795,흰 여울 문화마을,5.0,부산
9477,f011795,해운대 블루라인파크 미포 정거장,5.0,부산
9478,f011795,해운대 블루라인파크 송정 정거장,5.0,부산
9479,f011795,해동용궁사,4.0,부산
9480,f011809,대포항,5.0,강원특별자치도
9481,f011809,속초해수욕장,5.0,강원특별자치도
9482,f011809,설악 케이블카,5.0,강원특별자치도
9483,f011809,신흥사,5.0,강원특별자치도
9484,f011809,속초관광수산시장,5.0,강원특별자치도
9485,f011809,속초 아이,5.0,강원특별자치도
9486,f011809,속초해수욕장,5.0,강원특별자치도
9487,f011810,대구근대역사관,3.6666666666666665,대구
9488,f011810,서문시장,3.3333333333333335,대구
9489,f011816,국립대구 박물관,3.6666666666666665,대구
9490,f011818,학동 흑진주 몽돌해변,3.3333333333333335,경남
9491,f011818,구조라성,1.6666666666666667,경남
9492,f011818,외도널서리,5.0,경남
9493,f011819,국채보상운동 기념공원,4.0,대구
9494,f011819,대구예술 발전소,5.0,대구
9495,f011819,더 현대 대구,4.0,대구
9496,f011819,김광석 다시 그리기 길,4.666666666666667,대구
9497,f011857,안동 하회마을,4.666666666666667,경북
9498,f011861,경포해수욕장,5.0,강원특별자치도
9499,f011861,아르떼 뮤지엄 강릉,4.666666666666667,강원특별자치도
9500,f011861,강릉 중앙시장,4.666666666666667,강원특별자치도
9501,f011861,강릉 월화 거리,3.6666666666666665,강원특별자치도
9502,f011864,스파크 랜드,4.333333333333333,대구
9503,f011866,대릉원,5.0,경북
9504,f011866,황성공원,3.3333333333333335,경북
9505,f011883,뮤지엄 산,4.666666666666667,
9506,f011890,바람의 언덕,5.0,경남
9507,f011890,학동 흑진주 몽돌해변,5.0,경남
9508,f011890,근포 땅굴,5.0,경남
9509,f011907,경주월드,5.0,경북
9510,f011907,첨성대,5.0,경북
9511,f011915,얼음골,5.0,경남
9512,f011916,신세계백화점 센텀시티점,5.0,부산
9513,f011916,신세계 센텀시티몰,4.666666666666667,부산
9514,f011916,행리단길,5.0,부산
9515,f011918,뮤지엄 원,4.666666666666667,부산
9516,f011918,신세계백화점 센텀시티점,4.333333333333333,부산
9517,f011918,광안리해수욕장,5.0,부산
9518,f011932,신세계백화점 센텀시티점,4.666666666666667,부산
9519,f011932,광안리해수욕장,4.333333333333333,부산
9520,f011933,예끼 마을,3.0,경북
9521,f011933,안동 하회마을,4.0,경북
9522,f011933,월영교,4.0,경북
9523,f011933,도산서원,3.3333333333333335,경북
9524,f011933,안동 하회마을,4.0,경북
9525,f011944,하동 케이블카,4.0,경남
9526,f011950,관풍헌,3.0,강원특별자치도
9527,f011950,청태산,5.0,강원특별자치도
9528,f011953,곤륜산 활공장,5.0,경북
9529,f011953,영일 대전 망대,5.0,경북
9530,f011953,구룡포 일본인 가옥거리,5.0,경북
9531,f011963,속초해수욕장,5.0,강원특별자치도
9532,f011963,속초관광수산시장,4.333333333333333,강원특별자치도
9533,f011963,속초 등대,4.666666666666667,강원특별자치도
9534,f011963,영금정,3.6666666666666665,강원특별자치도
9535,f011963,청초호,5.0,강원특별자치도
9536,f011978,천진해변,5.0,강원특별자치도
9537,f011979,KTG 상상마당 부산,3.6666666666666665,부산
9538,f011979,롯데백화점 부산본점,3.6666666666666665,부산
9539,f011979,삼정 타워,4.0,부산
9540,f011989,김천 부항댐 출렁다리,5.0,경북
9541,f011989,직지사,5.0,경북
9542,f012010,황련단길,3.6666666666666665,경북
9543,f012010,첨성대,3.6666666666666665,경북
9544,f012010,대릉원,5.0,경북
9545,f012010,형산강,5.0,경북
9546,f012010,월정교,5.0,경북
9547,f012011,강릉시립미술관,4.333333333333333,강원특별자치도
9548,f012011,강문해변,4.0,강원특별자치도
9549,f012011,346커피스토리,3.3333333333333335,강원특별자치도
9550,f012011,런닝맨 강릉점,3.6666666666666665,강원특별자치도
9551,f012011,강문해변,4.0,강원특별자치도
9552,f012111,죽서루,3.3333333333333335,강원특별자치도
9553,f012111,삼척 장밋공원,2.6666666666666665,강원특별자치도
9554,f012111,서릿골 감성마을,2.0,강원특별자치도
9555,f012111,삼척해변,5.0,강원특별자치도
9556,f012111,추암해변,4.0,강원특별자치도
9557,f012111,추암 촛대바위 출렁다리,3.3333333333333335,강원특별자치도
9558,f012111,도째비골해랑전망대,4.0,강원특별자치도
9559,f012111,논골마을,4.0,강원특별자치도
9560,f012111,동쪽 바다 중앙시장,5.0,강원특별자치도
9561,f012111,한 섬 해변,4.0,강원특별자치도
9562,f012114,영일대해수욕장,2.3333333333333335,경북
9563,f012115,대릉원,5.0,경북
9564,f012115,대릉원,4.666666666666667,경북
9565,f012115,첨성대,4.333333333333333,경북
9566,f012115,교촌마을,3.3333333333333335,경북
9567,f012115,월정교,4.0,경북
9568,f012115,경주석빙고,3.0,경북
9569,f012115,국립경주박물관,4.0,경북
9570,f012115,동궁과 월지,5.0,경북
9571,f012122,뮤지엄 원,4.0,부산
9572,f012126,신세계백화점 센텀시티점,5.0,부산
9573,f012128,광안리해수욕장,5.0,부산
9574,f012128,수영만 요트경기장,5.0,부산
9575,f012128,광안리해수욕장,5.0,부산
9576,f012136,대구 이월드,5.0,대구
9577,f012142,속초관광수산시장,5.0,강원특별자치도
9578,f012144,소양강 스카이워크,3.3333333333333335,강원특별자치도
9579,f012145,송정해변,4.0,강원특별자치도
9580,f012145,강릉 중앙시장,4.666666666666667,강원특별자치도
9581,f012145,홈플러스 강릉점,3.3333333333333335,강원특별자치도
9582,f012145,가마솥 옛 강정,4.0,강원특별자치도
9583,f012145,해파랑길 33코스,4.0,강원특별자치도
9584,f012145,한 섬 해변,4.0,강원특별자치도
9585,f012145,고 불개 해 변,3.0,강원특별자치도
9586,f012146,강문해변,4.0,강원특별자치도
9587,f012146,사근 긴 해변,4.666666666666667,강원특별자치도
9588,f012146,사근 긴 해변,5.0,강원특별자치도
9589,f012146,강문해변,5.0,강원특별자치도
9590,f012146,경포해수욕장,5.0,강원특별자치도
9591,f012146,경포호,4.0,강원특별자치도
9592,f012146,경포가 지연 습지,5.0,강원특별자치도
9593,f012146,강릉 중앙시장,4.0,강원특별자치도
9594,f012146,옥천동 은행나무,4.0,강원특별자치도
9595,f012150,대구 앞산 공원 전망대,5.0,대구
9596,f012150,크레이지팡팡,3.3333333333333335,대구
9597,f012156,불국사,5.0,경북
9598,f012156,대릉원,5.0,경북
9599,f012156,첨성대,5.0,경북
9600,f012156,경주 중앙시장,5.0,경북
9601,f012156,동궁과 월지,5.0,경북
9602,f012156,첨성대,5.0,경북
9603,f012156,월정교,5.0,경북
9604,f012156,국립경주박물관,5.0,경북
9605,f012156,황련단길,4.0,경북
9606,f012156,경주 문화관 1918,3.3333333333333335,경북
9607,f012158,부산진시장,5.0,부산
9608,f012160,사천해변,4.333333333333333,
9609,f012160,사천해변,4.0,강원특별자치도
9610,f012160,강릉 중앙시장,4.0,강원특별자치도
9611,f012160,강문해변,5.0,강원특별자치도
9612,f012181,만휴정,3.6666666666666665,경북
9613,f012181,낙강 물길 공원,4.0,경북
9614,f012181,도산서원,4.0,경북
9615,f012181,봉정사,4.0,경북
9616,f012181,안동 하회마을,4.333333333333333,경북
9617,f012185,국립 해양 박물관,4.333333333333333,부산
9618,f012205,낙산 해변,4.0,강원특별자치도
9619,f012205,속초관광수산시장,4.333333333333333,강원특별자치도
9620,f012224,첨성대,4.0,경북
9621,f012224,대릉원,4.666666666666667,경북
9622,f012224,경주농협 하나로마트 본점,5.0,경북
9623,f012224,경주월드,4.333333333333333,경북
9624,f012235,횡성 루지 체험장,5.0,
9625,f012238,모다 아웃렛 진주점,3.0,경남
9626,f012248,죽도 시장,5.0,경북
9627,f012248,호미반도 해안 둘레길,5.0,경북
9628,f012248,환호공원 스페이스 워크,5.0,경북
9629,f012289,남이섬,5.0,강원특별자치도
9630,f012298,대구미술관,4.0,대구
9631,f012298,더 현대 대구,5.0,대구
9632,f012298,신세계백화점 대구점,4.0,대구
9633,f012303,클럽 디 오아시스,5.0,부산
9634,f012305,불국사,5.0,경북
9635,f012321,BNK 부산은행 본점,5.0,부산
9636,f012329,반계리 은행나무,5.0,강원특별자치도
9637,f012329,코스트코 의정부점,5.0,경기
9638,f012333,황련단길,5.0,경북
9639,f012333,첨성대,5.0,경북
9640,f012364,중앙시장 입구 삼거리,3.6666666666666665,강원특별자치도
9641,f012364,중앙시장 입구 삼거리,4.666666666666667,강원특별자치도
9642,f012367,황련단길,3.6666666666666665,경북
9643,f012367,대릉원,4.333333333333333,경북
9644,f012376,설악 케이블카,5.0,강원특별자치도
9645,f012376,백담사,5.0,강원특별자치도
9646,f012377,대릉원,5.0,경북
9647,f012377,황련단길,5.0,경북
9648,f012380,영일대해수욕장,4.0,경북
9649,f012380,이가리 닻 전망대,4.0,경북
9650,f012380,이 가리 간이해변,4.0,경북
9651,f012380,환호공원 스페이스 워크,3.6666666666666665,
9652,f012380,호미곶,3.3333333333333335,경북
9653,f012380,구룡포 일본인 가옥거리,5.0,경북
9654,f012381,광안리해수욕장,4.0,부산
9655,f012385,황련단길,4.666666666666667,경북
9656,f012385,국립경주박물관,5.0,경북
9657,f012386,어민 수산시장,2.6666666666666665,강원특별자치도
9658,f012386,주문진 좌판 풍물시장,4.0,강원특별자치도
9659,f012386,정동진 조각 공원,4.666666666666667,강원특별자치도
9660,f012389,신세계백화점 김해점,3.6666666666666665,경남
9661,f012389,신세계백화점 김해점,5.0,경남
9662,f012389,신세계백화점 김해점,5.0,경남
9663,f012389,신세계백화점 김해점,3.3333333333333335,경남
9664,f012398,미인폭포,5.0,강원특별자치도
9665,f012415,낙산 해변,5.0,강원특별자치도
9666,f012415,송지호해수욕장,5.0,강원특별자치도
9667,f012427,성류굴,4.0,경북
9668,f012442,수영로교회,5.0,부산
9669,f012442,벡스코,2.6666666666666665,부산
9670,f012442,수영로교회,5.0,부산
9671,f012442,광안리해수욕장,3.3333333333333335,부산
9672,f012442,수영로교회,5.0,부산
9673,f012442,해운대해수욕장,5.0,부산
9674,f012442,행리단길,5.0,부산
9675,f012442,왕매미 오락실,5.0,부산
9676,f012442,해운대해수욕장,4.0,부산
9677,f012445,영천 강변공원,5.0,경북
9678,f012450,다대포해수욕장,4.0,부산
9679,f012459,경포해수욕장,5.0,강원특별자치도
9680,f012473,흰 여울 문화마을,5.0,부산
9681,f012473,영도 해녀문화전시관,1.6666666666666667,부산
9682,f012473,광안리해수욕장,5.0,부산
9683,f012473,롯데 프리미엄 아웃렛 동부산점,5.0,부산
9684,f012477,진하해수욕장,5.0,울산
9685,f012477,명선도,5.0,울산
9686,f012478,신세계백화점 센텀시티점,5.0,부산
9687,f012520,오류고아라 해변,5.0,경북
9688,f012520,석굴암,5.0,경북
9689,f012520,불국사,5.0,경북
9690,f012520,황련단길,5.0,경북
9691,f012520,동궁과 월지,5.0,경북
9692,f012521,부산 근현대 역사관 별관,3.6666666666666665,부산
9693,f012521,흰 여울 문화마을,4.333333333333333,부산
9694,f012521,흰 여울 해안 터널,4.666666666666667,부산
9695,f012521,롯데백화점 부산본점,4.0,부산
9696,f012521,범천동 호천 마을,3.0,부산
9697,f012521,자갈치시장,3.0,부산
9698,f012540,김광석 다시 그리기 길,5.0,대구
9699,f012543,벡스코,3.3333333333333335,부산
9700,f012543,광안리해수욕장,4.666666666666667,부산
9701,f012570,강릉 바우길,5.0,강원특별자치도
9702,f012570,안목 해변,5.0,강원특별자치도
9703,f012570,아르떼 뮤지엄 강릉,5.0,강원특별자치도
9704,f012585,통영 케이블카,5.0,경남
9705,f012594,남이섬,5.0,강원특별자치도
9706,f012594,남이섬 유원지 평화랑,3.3333333333333335,강원특별자치도
9707,f012594,남이섬 나미 콩쿠르 갤러리,3.3333333333333335,강원특별자치도
9708,f012607,대릉원 돌담길,5.0,경북
9709,f012607,대릉원,5.0,경북
9710,f012607,첨성대,3.6666666666666665,경북
9711,f012607,황련단길,5.0,경북
9712,f012607,월정교,4.0,경북
9713,f012607,바실라,3.6666666666666665,경북
9714,f012607,불국사,4.0,경북
9715,f012607,경북 천년 숲 정원,5.0,경북
9716,f012618,경포해수욕장,5.0,강원특별자치도
9717,f012618,강릉 중앙시장,5.0,강원특별자치도
9718,f012618,허균 허난설헌 기념관,4.0,강원특별자치도
9719,f012618,아르떼 뮤지엄 강릉,4.666666666666667,강원특별자치도
9720,f012625,춘천 삼악산 호수 케이블카,5.0,강원특별자치도
9721,f012629,구룡사,3.3333333333333335,강원특별자치도
9722,f012629,미로 예술 원주 중앙시장,4.0,강원특별자치도
9723,f012637,안동 구 시장,4.0,경북
9724,f012637,안동 구 시장,4.0,경북
9725,f012637,병산서원,3.6666666666666665,경북
9726,f012637,안동 하회마을,3.3333333333333335,경북
9727,f012637,안동 하회마을 만송정 숲,3.6666666666666665,경북
9728,f012637,월영교,4.0,경북
9729,f012641,일산해수욕장,5.0,울산
9730,f012641,장생포 고래 박물관,4.666666666666667,울산
9731,f012641,슬도,4.0,울산
9732,f012653,고투몰,3.0,서울
9733,f012653,속초해수욕장,5.0,강원특별자치도
9734,f012653,속초관광수산시장,4.0,강원특별자치도
9735,f012660,대릉원,5.0,경북
9736,f012660,첨성대,5.0,경북
9737,f012660,국립경주박물관,5.0,경북
9738,f012663,신세계 프리미엄 아웃렛 부산,4.333333333333333,부산
9739,f012663,간절곶,5.0,울산
9740,f012663,NC백화점 부산대점,4.333333333333333,부산
9741,f012663,롯데백화점 광복점,5.0,부산
9742,f012663,흰 여울 문화마을,4.333333333333333,부산
9743,f012663,BIFF 광장,3.3333333333333335,부산
9744,f012663,다대포해수욕장,5.0,부산
9745,f012670,속초해수욕장,5.0,
9746,f012678,철원역사 문화공원,5.0,강원특별자치도
9747,f012678,전곡선사 박물관,5.0,경기
9748,f012698,대왕암공원,3.0,울산
9749,f012698,태화강 국가정원 십리대숲,3.6666666666666665,울산
9750,f012698,간절곶,3.6666666666666665,울산
9751,f012703,안동소주 전통음식 박물관,3.6666666666666665,경북
9752,f012703,낙강 물길 공원,5.0,경북
9753,f012703,병산서원,4.666666666666667,경북
9754,f012703,안동 하회마을,5.0,경북
9755,f012707,대구읍성 상징 조형물,4.333333333333333,대구
9756,f012707,서문시장,5.0,대구
9757,f012707,주교좌 계산 대성당,4.0,대구
9758,f012721,삼정 타워,4.0,부산
9759,f012724,동궁과 월지,5.0,경북
9760,f012724,첨성대,5.0,경북
9761,f012724,교촌마을,3.6666666666666665,경북
9762,f012724,베이글 베이 글러,5.0,경북
9763,f012727,광안리해수욕장,4.0,부산
9764,f012727,KTG 상상마당 부산,4.333333333333333,부산
9765,f012736,횡성문화 예술 회관,5.0,강원특별자치도
9766,f012740,바루 서프,4.333333333333333,강원특별자치도
9767,f012740,금진 해변,3.6666666666666665,강원특별자치도
9768,f012745,죽지도 암,3.0,강원특별자치도
9769,f012757,속초관광수산시장,5.0,강원특별자치도
9770,f012757,설악산,5.0,강원특별자치도
9771,f012757,속초 아이,5.0,강원특별자치도
9772,f012773,광안리해수욕장,5.0,부산
9773,f012773,광안리해수욕장,5.0,부산
9774,f012773,광안리해수욕장,5.0,부산
9775,f012776,강릉 중앙시장,3.6666666666666665,강원특별자치도
9776,f012776,강문해변,3.6666666666666665,강원특별자치도
9777,f012776,아르떼 뮤지엄 강릉,5.0,강원특별자치도
9778,f012776,경포호,3.6666666666666665,강원특별자치도
9779,f012788,사근 긴 해변,5.0,강원특별자치도
9780,f012788,아르떼 뮤지엄 강릉,5.0,강원특별자치도
9781,f012788,강문해변,3.6666666666666665,강원특별자치도
9782,f012803,함안박물관,3.3333333333333335,경남
9783,f012803,함안 말이 산 고분군,4.0,경남
9784,f012811,대릉원,5.0,경북
9785,f012811,황남 옥수수 황리단길점,5.0,경북
9786,f012811,전촌용 굴,5.0,경북
9787,f012842,수타사,4.666666666666667,강원특별자치도
9788,f012843,황산공원,5.0,경남
9789,f012890,황련단길,4.333333333333333,경북
9790,f012890,대릉원,5.0,경북
9791,f012890,첨성대,3.6666666666666665,경북
9792,f012890,동궁과 월지,5.0,경북
9793,f012892,동강사진 박물관,2.0,강원특별자치도
9794,f012892,영월 서부시장,4.0,강원특별자치도
9795,f012892,한반도 지형 전망대,3.0,강원특별자치도
9796,f012892,젊은 달 와이 파크,2.0,강원특별자치도
9797,f012915,동화사,5.0,대구
9798,f012924,황지공원 황지연못,5.0,강원특별자치도
9799,f012924,황지자유시장,3.0,강원특별자치도
9800,f012924,매봉산 바람의 언덕,5.0,강원특별자치도
9801,f012924,황지자유시장,5.0,강원특별자치도
9802,f012924,미인폭포,5.0,강원특별자치도
9803,f012934,용추폭포,4.666666666666667,경남
9804,f012942,소양강 스카이워크,4.0,강원특별자치도
9805,f012942,육림 고개,3.0,강원특별자치도
9806,f012953,두류 공원,5.0,대구
9807,f012953,서문시장,4.0,대구
9808,f012953,대구 중구 골목투어 근대문화골목(2코스),4.0,대구
9809,f012970,흰 여울 문화마을,5.0,부산
9810,f012970,롯데마트 광복점,3.3333333333333335,부산
9811,f012970,광안리해수욕장,5.0,부산
9812,f012970,광안리해수욕장,5.0,부산
9813,f012970,광안리해수욕장,5.0,부산
9814,f012970,광안리해수욕장,5.0,부산
9815,f012970,광안리해수욕장,5.0,부산
9816,f012970,해동용궁사,5.0,부산
9817,f012970,해운대해수욕장,5.0,부산
9818,f012970,동백 섬,5.0,부산
9819,f012988,환호공원,4.333333333333333,경북
9820,f012988,환호공원 포항시립미술관,4.0,경북
9821,f012988,영일대해수욕장,4.333333333333333,경북
9822,f012992,블루 원 워터파크,5.0,경북
9823,f012992,황련단길,4.666666666666667,경북
9824,f012992,대릉원,4.0,경북
9825,f012993,청도읍 선,5.0,경북
9826,f013001,태종대유원지,4.333333333333333,부산
9827,f013001,태종대 다 노비 열차,3.3333333333333335,부산
9828,f013001,밀란 더 마켓,5.0,부산
9829,f013006,등대해수욕장,3.6666666666666665,강원특별자치도
9830,f013006,속초관광수산시장,3.6666666666666665,강원특별자치도
9831,f013016,해운대해수욕장,3.0,부산
9832,f013016,광안리해수욕장,4.0,부산
9833,f013038,강릉 중앙시장,4.0,강원특별자치도
9834,f013038,이마트 강릉점,4.0,강원특별자치도
9835,f013038,강문해변,3.6666666666666665,강원특별자치도
9836,f013039,소양강 스카이워크,3.0,강원특별자치도
9837,f013039,카페 감자밭 본점,5.0,강원특별자치도
9838,f013052,강다방 이야기 공장,3.6666666666666665,강원특별자치도
9839,f013052,안목 해변,5.0,강원특별자치도
9840,f013052,강문해변,5.0,강원특별자치도
9841,f013052,아르떼 뮤지엄 강릉,4.0,강원특별자치도
9842,f013064,광안리해수욕장,4.0,부산
9843,f013064,롯데백화점 부산본점,4.0,
9844,f013073,속초해수욕장,5.0,강원특별자치도
9845,f013073,속초 아이,5.0,강원특별자치도
9846,f013084,영도대교,2.3333333333333335,부산
9847,f013084,DGB 대구은행 파크,3.6666666666666665,대구
9848,f013098,국립경주박물관,4.0,경북
9849,f013101,베이커리 시어터,5.0,경기
9850,f013101,남이섬,5.0,강원특별자치도
9851,f013110,크레이지팡팡,5.0,대구
9852,f013110,스파크 랜드,5.0,대구
9853,f013113,간절곶,5.0,울산
9854,f013113,남창 옹기종기 시장,3.0,울산
9855,f013113,철구소 계곡,5.0,울산
9856,f013125,낙산사,2.3333333333333335,강원특별자치도
9857,f013125,하조대,3.3333333333333335,강원특별자치도
9858,f013135,서피 비치,5.0,강원특별자치도
9859,f013135,죽도해변,4.0,강원특별자치도
9860,f013135,죽도해변,4.0,강원특별자치도
9861,f013135,낙산사,4.0,강원특별자치도
9862,f013141,자수정 동굴나라,5.0,울산
9863,f013146,국립경주박물관,5.0,경북
9864,f013146,석굴암,5.0,경북
9865,f013146,첨성대,5.0,경북
9866,f013146,대릉원,5.0,경북
9867,f013171,삼척해변,5.0,강원특별자치도
9868,f013171,삼척해변,5.0,강원특별자치도
9869,f013171,강릉 중앙시장,5.0,강원특별자치도
9870,f013171,강릉 월화 거리,5.0,강원특별자치도
9871,f013177,강릉 중앙시장,3.0,강원특별자치도
9872,f013177,사근 긴 해변,2.6666666666666665,강원특별자치도
9873,f013177,홈플러스 강릉점,3.3333333333333335,강원특별자치도
9874,f013177,경포해수욕장,3.3333333333333335,강원특별자치도
9875,f013177,강릉 바우길,3.3333333333333335,강원특별자치도
9876,f013183,불국사,4.333333333333333,경북
9877,f013183,황련단길,3.0,경북
9878,f013183,황련단길,3.0,경북
9879,f013183,동궁과 월지,4.0,경북
9880,f013183,중앙로 지하상가,3.0,대전
9881,f013184,경주엑스포 대공원,3.6666666666666665,경북
9882,f013184,대릉원,4.0,경북
9883,f013198,양양농협 하나로마트 본점,4.666666666666667,강원특별자치도
9884,f013198,양양전통시장,3.6666666666666665,강원특별자치도
9885,f013199,국립경주박물관,4.0,경북
9886,f013199,황련단길,3.6666666666666665,경북
9887,f013199,경주엑스포 대공원,5.0,경북
9888,f013199,바니 베어뮤지엄,3.3333333333333335,경북
9889,f013201,대구예술 발전소,3.0,대구
9890,f013201,신세계백화점 대구점,4.666666666666667,대구
9891,f013219,첨성대,4.0,경북
9892,f013220,벡스코 제2전시장,3.6666666666666665,부산
9893,f013251,일해공원,5.0,경남
9894,f013251,합천영상테마파크,5.0,경남
9895,f013267,대왕암공원,5.0,울산
9896,f013267,태화강 국가 정원,5.0,울산
9897,f013359,소수서원,4.0,경북
9898,f013359,월영교,4.0,경북
9899,f013359,부용대,4.0,경북
9900,f013394,황산공원,5.0,경남
9901,f013396,호텔 수성,3.3333333333333335,대구
9902,f013396,수성못,5.0,대구
9903,f013407,속초 아이,5.0,강원특별자치도
9904,f013407,속초해수욕장,5.0,강원특별자치도
9905,f013407,속초관광수산시장,5.0,강원특별자치도
9906,f013410,해인사,3.3333333333333335,경남
9907,f013421,송대말 등대,3.3333333333333335,경북
9908,f013421,월정교,5.0,경북
9909,f013425,신세계백화점 센텀시티점,5.0,부산
9910,f013425,해운대해수욕장,5.0,부산
9911,f013425,행리단길,5.0,부산
9912,f013425,왕과 탕후루,5.0,부산
9913,f013425,신세계백화점 센텀시티점,5.0,부산
9914,f013437,부산영화체험 박물관,4.333333333333333,부산
9915,f013437,광안리해수욕장,4.333333333333333,부산
9916,f013437,밀란 더 마켓,4.0,부산
9917,f013437,롯데백화점 센텀시티점,4.0,부산
9918,f013437,부산역,4.0,부산
9919,f013442,광안리해수욕장,5.0,부산
9920,f013455,비발디파크 오션월드,5.0,강원특별자치도
9921,f013463,해운대해수욕장,5.0,부산
9922,f013463,수영만 요트경기장,5.0,부산
9923,f013478,동궁과 월지,4.0,경북
9924,f013478,첨성대,5.0,경북
9925,f013478,황남 옥수수 황리단길점,2.3333333333333335,경북
9926,f013478,대릉원,5.0,경북
9927,f013478,천마총,5.0,경북
9928,f013495,동궁과 월지,3.6666666666666665,경북
9929,f013495,황성공원,5.0,경북
9930,f013495,월정교,4.0,경북
9931,f013495,경주 중앙시장,5.0,경북
9932,f013495,영남루,5.0,경남
9933,f013505,강문해변,4.333333333333333,강원특별자치도
9934,f013505,경포해수욕장,5.0,강원특별자치도
9935,f013507,광안리해양레포츠센터,1.3333333333333333,부산
9936,f013507,광안리해수욕장,5.0,부산
9937,f013507,밀란 더 마켓,4.333333333333333,부산
9938,f013507,KTG 상상마당 부산,4.0,부산
9939,f013512,묵호항 수변공원,5.0,강원특별자치도
9940,f013512,논골담길,4.0,강원특별자치도
9941,f013512,어달해변,2.6666666666666665,강원특별자치도
9942,f013512,영월 서부시장,4.333333333333333,강원특별자치도
9943,f013512,영월 관광센터,2.0,강원특별자치도
9944,f013512,한반도 지형 전망대,5.0,강원특별자치도
9945,f013512,판은 섶다리,2.3333333333333335,강원특별자치도
9946,f013514,황련단길,4.0,경북
9947,f013514,대릉원,4.0,경북
9948,f013514,황련단길,4.0,경북
9949,f013514,경주 루지 월드,3.3333333333333335,경북
9950,f013514,동궁과 월지,4.333333333333333,경북
9951,f013520,광안리해수욕장,5.0,부산
9952,f013520,민락수변공원,5.0,부산
9953,f013520,암남 공원 해안산책로,5.0,부산
9954,f013525,밀양아리랑 우주천문대,5.0,경남
9955,f013525,국립 밀양 기상과학관,4.666666666666667,경남
9956,f013529,하이원 워터월드,5.0,강원특별자치도
9957,f013565,황룡사,5.0,경남
9958,f013565,통도사,4.0,경남
9959,f013565,임경대,4.0,경남
9960,f013565,황산공원,4.0,경남
9961,f013576,불국사,4.666666666666667,경북
9962,f013576,황금십원빵 본점,4.0,경북
9963,f013576,국립경주박물관,3.6666666666666665,경북
9964,f013576,동궁과 월지,4.0,경북
9965,f013576,대릉원,4.0,경북
9966,f013576,천마총,2.6666666666666665,경북
9967,f013576,황남 옥수수 황리단길점,4.0,경북
9968,f013592,월파정,3.3333333333333335,강원특별자치도
9969,f013592,오죽헌,5.0,강원특별자치도
9970,f013616,임경대,4.333333333333333,경남
9971,f013622,삼천포대교공원,3.6666666666666665,경남
9972,f013627,대릉원,5.0,경북
9973,f013627,첨성대,5.0,경북
9974,f013628,경주월드,5.0,경북
9975,f013628,황련단길,5.0,경북
9976,f013635,강촌레일파크 김유정역,4.333333333333333,강원특별자치도
9977,f013635,김유정문학촌,3.0,강원특별자치도
9978,f013638,영일대해수욕장,5.0,경북
9979,f013638,영일고,5.0,경북
9980,f013638,죽도 시장,5.0,경북
9981,f013638,환호공원,5.0,경북
9982,f013638,환호공원 포항시립미술관,3.6666666666666665,경북
9983,f013638,영일고,1.6666666666666667,경북
9984,f013677,문경새재도립공원,3.6666666666666665,경북
9985,f013681,무진장,5.0,경남
9986,f013681,농산정,3.3333333333333335,경남
9987,f013682,이케아 동부산점,4.0,부산
9988,f013692,광안리해수욕장,4.666666666666667,부산
9989,f013692,전포 카페거리,5.0,부산
9990,f013718,삼사해상공원,2.6666666666666665,경북
9991,f013718,영덕 해 파랑공원,3.6666666666666665,경북
9992,f013718,영덕해맞이공원,3.0,경북
9993,f013718,벌열 메타세쿼이아 숲,5.0,경북
9994,f013809,안목 해변,5.0,
9995,f013809,강문해변,5.0,
9996,f013850,경포해수욕장,4.0,강원특별자치도
9997,f013855,황산공원,3.0,경남
9998,f013861,황련단길,5.0,경북
9999,f013861,경주 보문관광단지,5.0,경북
10000,f013874,강릉 중앙시장,5.0,강원특별자치도
10001,f013874,아르떼 뮤지엄 강릉,5.0,강원특별자치도
10002,f013874,강문해변,4.666666666666667,강원특별자치도
10003,f013900,KTG 상상마당 부산,2.6666666666666665,부산
10004,f013900,전포 카페거리,4.333333333333333,부산
10005,f013900,광안리해수욕장,5.0,부산
10006,f013900,밀란 더 마켓,5.0,부산
10007,f013900,광안리해수욕장,5.0,부산
10008,f013900,부산 시립미술관,5.0,부산
10009,f013900,행리단길,3.6666666666666665,부산
10010,f013900,해운대해수욕장,3.3333333333333335,부산
10011,f013913,호미곶 해맞이 광장,3.6666666666666665,경북
10012,f013913,구룡포해수욕장,1.6666666666666667,경북
10013,f013913,포항 철길 숲,3.6666666666666665,경북
10014,f013927,정동진 레일바이크,5.0,강원특별자치도
10015,f013927,금진 해변,5.0,강원특별자치도
10016,f013960,석굴암,2.6666666666666665,경북
10017,f013960,동리 목월문학관,2.3333333333333335,경북
10018,f013960,불국사,5.0,경북
10019,f013960,황련단길,4.0,경북
10020,f013960,교촌마을,3.3333333333333335,경북
10021,f013960,월정교,4.0,경북
10022,f013960,첨성대,4.0,경북
10023,f013960,동궁과 월지,4.0,경북
10024,f013960,경주 중앙시장,1.3333333333333333,경북
10025,f013960,금관총,4.0,경북
10026,f013960,경주 봉황대,4.0,경북
10027,f013960,신라 대종,3.3333333333333335,경북
10028,f013960,쪽샘 유적 발굴 관,4.0,경북
10029,f013960,분황사,4.0,경북
10030,f013960,경주 황룡사지,4.333333333333333,경북
10031,f013960,국립경주박물관,4.0,경북
10032,f013960,황련단길,5.0,경북
10033,f013960,천마총,2.6666666666666665,경북
10034,f013969,황련단길,5.0,경북
10035,f013969,황련단길,5.0,경북
10036,f013969,동궁과 월지,5.0,경북
10037,f013969,황련단길,5.0,경북
10038,f013989,황련단길,5.0,경북
10039,f013989,대릉원,5.0,경북
10040,f013989,경주 봉황대,5.0,경북
10041,f013989,정글의 법칙,5.0,경북
10042,f013989,동궁과 월지,5.0,경북
10043,f014019,용지공원 용지호수 공원,4.0,경남
10044,f014019,경남도립미술관,4.333333333333333,경남
10045,f014019,롯데백화점 창원점,4.0,경남
10046,f014050,영금정,5.0,강원특별자치도
10047,f014050,카페 긷,5.0,강원특별자치도
10048,f014050,설악산 국립공원,5.0,강원특별자치도
10049,f014050,신흥사,5.0,강원특별자치도
10050,f014070,강릉 월화 거리,5.0,강원특별자치도
10051,f014070,안목 해변,5.0,강원특별자치도
10052,f014070,강릉 중앙시장,5.0,강원특별자치도
10053,f014075,진양호 동물원,4.666666666666667,경남
10054,f014075,국립진주 박물관,4.0,경남
10055,f014075,진주중앙시장,3.3333333333333335,경남
10056,f014076,경주역사유적지구 대릉원 지구,5.0,경북
10057,f014076,황련단길,5.0,경북
10058,f014076,첨성대,3.6666666666666665,경북
10059,f014076,월정교,5.0,경북
10060,f014080,해운대해수욕장,4.0,부산
10061,f014080,수영만 요트경기장,4.0,부산
10062,f014080,광안리해수욕장,4.666666666666667,부산
10063,f014088,동강사진 박물관,5.0,강원특별자치도
10064,f014088,화암 동굴,5.0,강원특별자치도
10065,f014088,강원랜드,4.0,강원특별자치도
10066,f014095,보문호,5.0,
10067,f014095,불국사,5.0,경북
10068,f014100,동구문화 플랫폼,3.0,부산
10069,f014120,대릉원,2.6666666666666665,경북
10070,f014120,첨성대,3.0,경북
10071,f014128,해운대 블루라인파크 송정 정거장,5.0,부산
10072,f014128,롯데 프리미엄 아웃렛 동부산점,4.333333333333333,부산
10073,f014128,대변항,5.0,부산
10074,f014128,죽성 드림세트장,3.6666666666666665,부산
10075,f014128,아홉 살 숲,5.0,부산
10076,f014129,대왕암공원,5.0,울산
10077,f014129,대왕암공원,5.0,울산
10078,f014129,태화강 국가 정원,5.0,울산
10079,f014129,홈플러스 울산점,4.333333333333333,울산
10080,f014129,주전몽돌해변,5.0,울산
10081,f014132,김천시립 박물관,4.0,경북
10082,f014144,뮤지엄 산,5.0,강원특별자치도
10083,f014174,경남도립미술관,4.666666666666667,경남
10084,f014183,안목 해변,4.0,강원특별자치도
10085,f014183,강릉 중앙시장,4.0,강원특별자치도
10086,f014183,경포해수욕장,2.6666666666666665,강원특별자치도
10087,f014187,경북대학교 대구캠퍼스,3.0,대구
10088,f014187,강정보 디아크 광장,4.333333333333333,대구
10089,f014187,2.28기념중앙공원,3.3333333333333335,대구
10090,f014246,죽도 시장,5.0,경북
10091,f014246,환호공원 스페이스 워크,5.0,경북
10092,f014246,환호공원 포항시립미술관,3.6666666666666665,경북
10093,f014246,영일대해수욕장,5.0,경북
10094,f014246,구룡포 일본인 가옥거리,5.0,경북
10095,f014246,포항 철길 숲,4.0,경북
10096,f014252,논골담길,4.0,강원특별자치도
10097,f014252,어달해변,5.0,강원특별자치도
10098,f014252,묵호등대,3.0,강원특별자치도
10099,f014252,한 섬 해변,5.0,강원특별자치도
10100,f014270,뮤지엄 딥 다이브,4.0,강원특별자치도
10101,f014270,발왕산 관광 케이블카,4.0,강원특별자치도
10102,f014270,알펜시아리조트 알파인코스터,4.0,강원특별자치도
10103,f014285,대릉원,5.0,경북
10104,f014285,동궁과 월지,4.666666666666667,경북
10105,f014285,첨성대,5.0,경북
10106,f014285,황련단길,5.0,경북
10107,f014285,월정교,5.0,경북
10108,f014285,경주 중앙시장,5.0,경북
10109,f014285,분황사,4.0,경북
10110,f014285,대릉원,4.0,경북
10111,f014285,천마총,3.0,경북
10112,f014286,대구 백화점 대백플라자점,5.0,대구
10113,f014287,소양강,5.0,강원특별자치도
10114,f014354,통도사,5.0,경남
10115,f014354,다대포해수욕장,5.0,부산
10116,f014380,경포해수욕장,3.6666666666666665,강원특별자치도
10117,f014380,영진해변,4.0,
10118,f014380,대관령,5.0,강원특별자치도
10119,f014411,피아트,5.0,부산
10120,f014444,경주월드,4.0,경북
10121,f014444,두 낫디 스타브 베이커스 경주,5.0,경북
10122,f014495,정동진 해변,4.0,강원특별자치도
10123,f014495,모래시계공원,4.333333333333333,강원특별자치도
10124,f014507,이 기대 해안산책로,4.333333333333333,부산
10125,f014507,오륙도 스카이워크,5.0,부산
10126,f014522,피닉스 평창 블루캐니언,3.3333333333333335,강원특별자치도
10127,f014533,강문해변,4.666666666666667,강원특별자치도
10128,f014533,경포 호수광장,4.0,강원특별자치도
10129,f014533,강릉 월화 거리,3.0,강원특별자치도
10130,f014533,강릉 중앙시장,3.3333333333333335,강원특별자치도
10131,f014533,감자 유원지,5.0,강원특별자치도
10132,f014574,철원 한탄강 주상절리길,4.666666666666667,강원특별자치도
10133,f014574,고석정,5.0,강원특별자치도
10134,f014575,뮤지엄 엑스,3.3333333333333335,강원특별자치도
10135,f014575,청간해변,3.6666666666666665,강원특별자치도
10136,f014575,속초관광수산시장,3.6666666666666665,강원특별자치도
10137,f014589,롯데 영 플라자 울산점,3.3333333333333335,울산
10138,f014589,업 스퀘어,3.0,울산
10139,f014589,태화강 국가정원 십리대숲,3.6666666666666665,울산
10140,f014600,흰 여울 문화마을,5.0,부산
10141,f014600,흰 여울 해안 터널,5.0,부산
10142,f014622,롯데 프리미엄 아웃렛 김해점,4.666666666666667,경남
10143,f014662,장생포 고래 박물관,3.0,울산
10144,f014662,장생포 고래 박물관,3.3333333333333335,울산
10145,f014662,장생포 고래 박물관,3.3333333333333335,울산
10146,f014662,장생포 고래문화마을,4.0,울산
10147,f014698,김유정역 (폐역),5.0,강원특별자치도
10148,f014698,김유정문학촌,5.0,강원특별자치도
10149,f014698,춘천 풍물시장,5.0,강원특별자치도
10150,f014698,소양강 스카이워크,5.0,강원특별자치도
10151,f014710,강릉 선교장,4.0,강원특별자치도
10152,f014710,하슬라아트월드,4.666666666666667,강원특별자치도
10153,f014710,하조대,3.0,강원특별자치도
10154,f014710,하조대해수욕장,3.0,강원특별자치도
10155,f014710,휴휴암,4.0,강원특별자치도
10156,f014724,나라나 비 강릉점,3.6666666666666665,강원특별자치도
10157,f014724,아르떼 뮤지엄 강릉,4.666666666666667,강원특별자치도
10158,f014724,주문진 수산시장,4.0,강원특별자치도
10159,f014737,비발디파크 오션월드,3.6666666666666665,강원특별자치도
10160,f014824,명동 닭갈비 골목,4.666666666666667,강원특별자치도
10161,f014824,육림 고개,3.0,강원특별자치도
10162,f014824,춘천 중앙시장,3.0,강원특별자치도
10163,f014859,화진포해변,5.0,강원특별자치도
10164,f014875,동성로 로데오거리,5.0,
10165,f014875,짱 오락실 대구 동성로 3호점,5.0,대구
10166,f014875,스파크 랜드,5.0,대구
10167,f014892,영일대해수욕장,4.666666666666667,경북
10168,f014892,영일대해수욕장,4.333333333333333,경북
10169,f014911,더 현대 대구,5.0,대구
10170,f014911,대구 삼성 라이온즈 파크,5.0,대구
10171,f014915,경주역사유적지구,5.0,경북
10172,f014915,대릉원,5.0,경북
10173,f014915,오 홀리데이,5.0,경북
10174,f014915,월정교,5.0,경북
10175,f014915,동궁과 월지,5.0,경북
10176,f014915,황련단길,5.0,경북
10177,f014943,동성로 로데오거리,5.0,대구
10178,f014943,나이스 키친,5.0,대구
10179,f014943,고스트 북스,5.0,대구
10180,f014943,신세계백화점 대구점,5.0,대구
10181,f014967,모곡 밤벌유원지,1.6666666666666667,강원특별자치도
10182,f014967,국립 산음자연휴양림,4.0,경기
10183,f014998,국토 정중앙 천문대,5.0,
10184,f014998,한반도섬,5.0,강원특별자치도
10185,f015017,장수 암,2.6666666666666665,경남
10186,f015019,배달 성전 삼성궁,4.666666666666667,경남
10187,f015019,화개 장터,3.3333333333333335,경남
10188,f015019,동정호,3.3333333333333335,경남
10189,f015022,뮤지엄 산,4.0,강원특별자치도
10190,f015022,미로 예술 원주 중앙시장,3.0,강원특별자치도
10191,f015032,남창 옹기종기 시장,5.0,울산
10192,f015073,씨라 이르 부산아쿠아리움,5.0,부산
10193,f015073,롯데 프리미엄 아웃렛 동부산점,5.0,부산
10194,f015078,김유정문학촌,3.6666666666666665,강원특별자치도
10195,f015078,춘천 중도 물레길,3.0,강원특별자치도
10196,f015079,벡스코 제2전시장,5.0,부산
10197,f015092,중앙시장 입구 삼거리,5.0,강원특별자치도
10198,f015092,등대해수욕장,5.0,강원특별자치도
10199,f015107,대성동 고분군,3.6666666666666665,경남
10200,f015107,수로왕릉,4.666666666666667,경남
10201,f015107,국립김해 박물관,5.0,경남
10202,f015107,신세계백화점 김해점,5.0,경남
10203,f015154,분황사,4.333333333333333,경북
10204,f015154,첨성대,3.6666666666666665,경북
10205,f015154,월영교,3.6666666666666665,경북
10206,f015159,국립경주박물관,5.0,경북
10207,f015159,분황사,5.0,경북
10208,f015159,교촌마을,4.0,경북
10209,f015193,더 현대 대구,5.0,대구
10210,f015235,황룡사,4.0,경남
10211,f015235,황산공원,5.0,경남
10212,f015254,홈플러스 포항점,3.6666666666666665,경북
10213,f015254,환호공원 스페이스 워크,4.666666666666667,경북
10214,f015266,코잔타,5.0,대구
10215,f015266,수성못,3.0,대구
10216,f015266,더 현대 대구,5.0,대구
10217,f015267,부산 시립미술관,4.0,부산
10218,f015267,해운대해수욕장,4.0,부산
10219,f015267,상국이네,3.0,부산
10220,f015267,해운대해수욕장,4.0,부산
10221,f015267,포니 필름,5.0,부산
10222,f015274,더 현대 대구,5.0,대구
10223,f015274,김광석 다시 그리기 길,3.3333333333333335,대구
10224,f015274,수성못,4.333333333333333,대구
10225,f015276,흰 여울 문화마을,3.3333333333333335,부산
10226,f015277,소양강 스카이워크,3.6666666666666665,강원특별자치도
10227,f015281,대릉원,4.333333333333333,경북
10228,f015281,국립경주박물관,5.0,경북
10229,f015281,동궁과 월지,5.0,경북
10230,f015282,고석정,2.6666666666666665,강원특별자치도
10231,f015282,한탄강 은하 수교,3.0,강원특별자치도
10232,f015284,월파정,5.0,강원특별자치도
10233,f015284,사근 긴 해변,2.3333333333333335,강원특별자치도
10234,f015284,경포해수욕장,3.0,강원특별자치도
10235,f015284,강문해변,4.0,강원특별자치도
10236,f015284,송정해변,4.0,강원특별자치도
10237,f015284,강릉 선교장,4.0,강원특별자치도
10238,f015284,강릉 중앙시장,4.333333333333333,강원특별자치도
10239,f015299,대릉원,5.0,경북
10240,f015299,천마총,5.0,경북
10241,f015299,월정교,5.0,경북
10242,f015303,스파 더 스페이스,5.0,경남
10243,f015309,장수 암,5.0,경남
10244,f015309,롯데 프리미엄 아웃렛 김해점,5.0,경남
10245,f015336,애플 아웃렛,4.0,부산
10246,f015340,강문해변,5.0,강원특별자치도
10247,f015345,연지,4.0,경북
10248,f015345,청도읍 선,5.0,경북
10249,f015383,소양강 처녀상,4.0,강원특별자치도
10250,f015383,김유정문학촌,5.0,강원특별자치도
10251,f015384,법기 수원지,5.0,경남
10252,f015388,국립 해양 박물관,4.333333333333333,부산
10253,f015395,영도대교,3.0,부산
10254,f015395,자갈치시장,3.0,부산
10255,f015395,부평 깡통시장,3.3333333333333335,부산
10256,f015395,용두산공원,3.3333333333333335,부산
10257,f015406,태화강 국가 정원,5.0,울산
10258,f015406,롯데백화점 울산점,5.0,울산
10259,f015423,신세계백화점 센텀시티점,4.333333333333333,부산
10260,f015423,전포 카페거리,5.0,부산
10261,f015423,흰 여울 문화마을,5.0,부산
10262,f015423,다대포해수욕장,5.0,부산
10263,f015427,함안 입곡 군립 공원 아라 힐링카페 무빙 보트,5.0,경남
10264,f015427,함안박물관,5.0,경남
10265,f015430,연화지,4.0,경북
10266,f015438,대관령 양떼목장,4.666666666666667,강원특별자치도
10267,f015438,뮤지엄 딥 다이브,5.0,강원특별자치도
10268,f015446,소양강댐 정상 주차장,5.0,강원특별자치도
10269,f015449,강문해변,5.0,강원특별자치도
10270,f015449,강릉 중앙시장,3.3333333333333335,강원특별자치도
10271,f015453,피아트,5.0,부산
10272,f015453,태종대유원지,5.0,부산
10273,f015457,더 현대 대구,4.666666666666667,대구
10274,f015459,태화강 국가 정원,1.0,울산
10275,f015459,태화강 국가정원 십리대숲,4.666666666666667,울산
10276,f015464,황금십원빵,5.0,경북
10277,f015467,동정호,4.666666666666667,경남
10278,f015467,쌍계사,4.666666666666667,경남
10279,f015467,정금 다원,5.0,경남
10280,f015468,통도사,3.6666666666666665,경남
10281,f015471,강동 몽돌해변,5.0,울산
10282,f015474,달성 공원,4.0,대구
10283,f015474,서문시장,3.3333333333333335,대구
10284,f015474,대구 동성로,4.0,
10285,f015480,노량대교 홍보관,4.0,경남
10286,f015480,최 참판 댁,4.0,경남
10287,f015480,동정호,4.0,경남
10288,f015480,하동송림공원,5.0,경남
10289,f015495,봉황대공원,4.333333333333333,경남
10290,f015495,봉리단길,3.3333333333333335,경남
10291,f015495,수로왕릉,5.0,경남
10292,f015495,연지공원,4.0,경남
10293,f015495,국립김해 박물관,4.0,경남
10294,f015496,장생포 고래 박물관,5.0,울산
10295,f015504,문경새재도립공원,5.0,경북
10296,f015504,문경철로자전거 진남역,4.333333333333333,경북
10297,f015512,불국사,5.0,경북
10298,f015512,월정교,5.0,경북
10299,f015512,교촌마을,5.0,경북
10300,f015519,제이드가든 수목원,3.3333333333333335,강원특별자치도
10301,f015519,인필드,2.0,강원특별자치도
10302,f015519,강원대학교 춘천캠퍼스,3.6666666666666665,강원특별자치도
10303,f015520,애플 아웃렛,4.0,부산
10304,f015523,청도 박물관,3.0,경북
10305,f015525,정선아리랑 시장,4.0,강원특별자치도
10306,f015527,몰운대,5.0,부산
10307,f015527,자갈치시장,3.3333333333333335,부산
10308,f015527,송도해수욕장,4.333333333333333,부산
10309,f015528,신세계백화점 센텀시티점,4.0,부산
10310,f015531,신세계백화점 김해점,5.0,경남
10311,f015531,연지공원,3.0,경남
10312,f015535,신 전 뮤지엄,5.0,대구
10313,f015535,홈플러스 칠곡점,5.0,대구
10314,f015536,스타벅스 춘천 구봉산 R,5.0,강원특별자치도
10315,f015536,춘천 풍물시장,3.0,강원특별자치도
10316,f015539,강문해변,4.0,강원특별자치도
10317,f015539,강릉 중앙시장,4.0,강원특별자치도
10318,f015540,카페 감자밭 본점,5.0,강원특별자치도
10319,f015540,춘천 중도 물레길,5.0,강원특별자치도
10320,f015540,KTG 상상마당 춘천,5.0,강원특별자치도
10321,f015542,홍천 미술관,4.0,강원특별자치도
10322,f015542,홍천중앙시장,2.0,강원특별자치도
10323,f015551,철원 한탄강 주상절리길,4.0,강원특별자치도
10324,f015557,청평사,4.0,강원특별자치도
10325,f015557,카페 감자밭 본점,4.0,강원특별자치도
10326,f015559,화진포,4.0,강원특별자치도
10327,f015559,화진포해변,3.0,강원특별자치도
10328,f015561,뮤지엄 산,5.0,강원특별자치도
10329,f015561,뮤지엄 산,5.0,강원특별자치도
10330,f015565,대구 동성로,3.0,
10331,f015565,주교좌 계산 대성당,4.0,대구
10332,f015565,청라언덕,4.0,대구
10333,f015565,서문시장,3.3333333333333335,대구
10334,f015565,스파크 랜드,4.0,대구
10335,f015565,2.28기념중앙공원,3.6666666666666665,대구
10336,f015565,대구약령시 한의약 박물관,4.0,대구
10337,f015565,대구 동성로,3.0,
10338,f015566,감포해국길,3.0,경북
10339,f015568,군파 클루지,5.0,경북
10340,f015568,청도 소싸움 미디어 체험관,4.666666666666667,경북
10341,f015568,와인터널,5.0,경북
10342,f015570,KTG 상상마당 부산,4.666666666666667,부산
10343,f015570,삼정 타워,5.0,부산
10344,f015573,이천 미란다호텔 스파플러스,1.0,경기
10345,f015574,자전거 카페 오후,5.0,강원특별자치도
10346,f015574,공지천 조각 공원,4.0,강원특별자치도
10347,f015574,KTG 상상마당 춘천,3.3333333333333335,강원특별자치도
10348,f015574,소양강 처녀상,2.3333333333333335,강원특별자치도
10349,f015576,신세계 프리미엄 아웃렛 부산,4.0,부산
10350,f015577,직지사,5.0,경북
10351,f015577,카페 밀,5.0,경북
10352,f015577,연화지,5.0,경북
10353,f015581,거창 항노화 힐링랜드,3.6666666666666665,경남
10354,f015581,수승대관광지,4.0,경남
10355,f015582,2.28기념중앙공원,3.6666666666666665,대구
10356,f015582,국채보상운동 기념공원,4.0,대구
10357,f015582,수성못,4.0,대구
10358,f015585,사천진 해변,5.0,강원특별자치도
10359,f015585,사천진 해변,5.0,강원특별자치도
10360,f015585,사천진 해변,5.0,강원특별자치도
10361,f015588,삼 성현 역사 문화공원,4.0,경북
10362,f015589,이효석문학관,5.0,강원특별자치도
10363,f015589,봉평 전통시장,5.0,강원특별자치도
10364,f015590,국립경주박물관,3.6666666666666665,경북
10365,f015590,천마총,3.6666666666666665,경북
10366,f015593,범어사,5.0,부산
10367,f015593,회동수원지,4.333333333333333,부산
10368,f015594,트레이더스 홀세일 클럽 서면점,4.666666666666667,부산
10369,f015594,부산 시민공원,5.0,부산
10370,f015594,트레이더스 홀세일 클럽 서면점,5.0,부산
10371,f015595,뮤지엄 산,4.0,강원특별자치도
10372,f015595,미로 예술 원주 중앙시장,3.0,강원특별자치도
10373,f015598,의령전통시장,3.3333333333333335,경남
10374,f015598,의령 구름다리,2.3333333333333335,경남
10375,f015605,소양강 스카이워크,3.0,강원특별자치도
10376,f015605,김유정역 경춘선,3.0,강원특별자치도
10377,f015605,가평 레일파크,3.0,경기
10378,f015606,첨성대,5.0,경북
10379,f015606,국립경주박물관,5.0,경북
10380,f015606,경북 천년 숲 정원,5.0,경북
10381,f015621,경주 문무대왕릉,3.3333333333333335,경북
10382,f015621,감은사지삼층석탑,3.3333333333333335,경북
10383,f015621,전촌용 굴,4.0,경북
10384,f015621,대릉원,3.6666666666666665,경북
10385,f015621,황련단길,4.0,경북
10386,f015621,경주역사유적지구,4.0,경북
10387,f015624,사천 바다 케이블카,4.0,경남
10388,f015628,김유정역 (폐역),4.333333333333333,강원특별자치도
10389,f015630,시크릿가든,5.0,대구
10390,f015639,롯데백화점 부산본점,4.666666666666667,부산
10391,f015640,진주중앙시장,5.0,경남
10392,f015640,호암 이병철 생가,5.0,경남
10393,f015640,솥바위,5.0,경남
10394,f015640,의령 구름다리,4.0,경남
10395,f015643,뮤지엄 산,3.6666666666666665,강원특별자치도
10396,f015643,육백마지기,5.0,강원특별자치도
10397,f015646,사천 바다 케이블카,5.0,경남
10398,f015646,아래 마루 아쿠아리움 본관,5.0,경남
10399,f015652,김유정역 (폐역),4.333333333333333,강원특별자치도
10400,f015655,불국사,5.0,경북
10401,f015655,동리 목월문학관,3.0,경북
10402,f015655,석굴암,5.0,경북
10403,f015655,황련단길,4.666666666666667,경북
10404,f015662,강문해변,5.0,강원특별자치도
10405,f015664,월포해수욕장,5.0,경북
10406,f015664,이가리 닻 전망대,5.0,경북
10407,f015664,사방기념공원,5.0,경북
10408,f015674,롯데백화점 부산본점,4.333333333333333,부산
10409,f015674,서면 지하상가,4.333333333333333,부산
10410,f015680,공지천,4.0,강원특별자치도
10411,f015681,송정해수욕장,4.0,부산
10412,f015681,해동용궁사,5.0,부산
10413,f015681,해운대해수욕장,4.0,부산
10414,f015685,홍천 무궁화 수목원,5.0,강원특별자치도
10415,f015685,수타사,5.0,강원특별자치도
10416,f015687,태화강 국가 정원,4.0,울산
10417,f015687,장생포 고래 박물관,4.0,울산
10418,f015687,장생포 고래 박물관,4.0,울산
10419,f015687,장생포 고래문화마을,4.0,울산
10420,f015716,광안리해수욕장,5.0,부산
10421,f015727,수승대 출렁다리,4.333333333333333,경남
10422,f015727,수승대관광지,5.0,경남
10423,f015727,금원산자연휴양림,5.0,경남
10424,f015734,부석사,5.0,경북
10425,f015738,대릉원,5.0,경북
10426,f015738,놋점들,5.0,경북
10427,f015738,월정교,5.0,경북
10428,f015738,국립경주박물관,5.0,경북
10429,f015738,첨성대,5.0,경북
10430,f015745,호미곶,4.0,경북
10431,f015745,구룡포 일본인 가옥거리,3.6666666666666665,경북
10432,f015745,죽도 시장,4.0,경북
10433,f015753,황남동 고분군,5.0,경북
10434,f015753,교촌마을,4.0,경북
10435,f015754,해피 초원 목장,5.0,강원특별자치도
10436,f015755,롯데 워터파크,5.0,경남
10437,f015762,뮤지엄 산,3.3333333333333335,강원특별자치도
10438,f015762,원주 강원감영,4.0,강원특별자치도
10439,f015762,미로 예술 원주 중앙시장,3.0,강원특별자치도
10440,f015776,소양강 스카이워크,4.0,강원특별자치도
10441,f015784,춘천 삼악산 호수 케이블카,5.0,강원특별자치도
10442,f015791,남애 3리 해변,4.333333333333333,강원특별자치도
10443,f015791,남애 3리 해변,3.3333333333333335,강원특별자치도
10444,f015791,기사문해수욕장,4.666666666666667,강원특별자치도
10445,f015805,뮤지엄 산,2.6666666666666665,강원특별자치도
10446,f015805,소금산 출렁다리,3.0,강원특별자치도
10447,f015805,반계리 은행나무,3.6666666666666665,강원특별자치도
10448,f015818,경주월드,5.0,경북
10449,f015818,가마솥 족발,4.333333333333333,경북
10450,f015823,국립춘천 박물관,5.0,강원특별자치도
10451,f015839,대릉원,4.666666666666667,경북
10452,f015839,황련단길,3.6666666666666665,경북
10453,f015839,베이글 베이 글러,5.0,경북
10454,f015839,어마 무시,3.6666666666666665,경북
10455,f015839,경상북도 산림환경연구원,4.666666666666667,경북
10456,f015844,불국사,4.333333333333333,경북
10457,f015844,경주역사유적지구 대릉원 지구,4.0,경북
10458,f015848,AK플라자 원주,4.0,강원특별자치도
10459,f015868,청라언덕,4.0,대구
10460,f015868,주교좌 계산 대성당,3.3333333333333335,대구
10461,f015868,서문시장,4.0,대구
10462,f015871,부산 시립미술관,3.6666666666666665,부산
10463,f015871,광안리해수욕장,4.666666666666667,부산
10464,f015873,조선해양문화관,5.0,경남
10465,f015873,거제도 현 시장,5.0,경남
10466,f015883,대릉원,5.0,경북
10467,f015883,월정교,4.333333333333333,경북
10468,f015883,첨성대,4.0,경북
10469,f015883,경주석빙고,3.0,경북
10470,f015883,동궁과 월지,4.333333333333333,경북
10471,f015891,장생포 고래 박물관,3.6666666666666665,울산
10472,f015891,장생포 고래 박물관,3.6666666666666665,울산
10473,f015891,태화강 동굴 피아,3.6666666666666665,울산
10474,f015891,태화강 국가 정원,4.0,울산
10475,f015891,태화강 국가정원 십리대숲,4.0,울산
10476,f015902,NC백화점 부산대점,4.0,부산
10477,f015902,해운대해수욕장,5.0,부산
10478,f015907,이케아 동부산점,4.0,부산
10479,f015907,상국이네,2.6666666666666665,부산
10480,f015907,행리단길,4.0,부산
10481,f015908,클럽 디 오아시스,3.0,부산
10482,f015909,해맞이공원,4.0,경남
10483,f015910,진하해수욕장,5.0,울산
10484,f015910,간절곶,5.0,울산
10485,f015910,나사해수욕장,4.0,울산
10486,f015911,경주월드,4.0,경북
10487,f015911,경주 동궁원,4.333333333333333,경북
10488,f015911,경주 중앙시장,4.0,경북
10489,f015912,울산 도서관,3.6666666666666665,울산
10490,f015912,울산시립미술관,3.6666666666666665,울산
10491,f015912,태화강 국가 정원,4.333333333333333,울산
10492,f015912,태화강 동굴 피아,4.333333333333333,울산
10493,f015914,수로왕릉,3.0,경남
10494,f015914,연지공원,4.0,경남
10495,f015915,롯데 프리미엄 아웃렛 김해점,4.333333333333333,경남
10496,f015915,코스트코 김해점,4.333333333333333,경남
10497,f015924,수성못,5.0,대구
10498,f015925,수타사,5.0,강원특별자치도
10499,f015928,해운대해수욕장,5.0,부산
10500,f015928,신세계백화점 센텀시티점,3.6666666666666665,부산
10501,f015928,광안리해수욕장,5.0,부산
10502,f015928,롯데백화점 부산본점,3.3333333333333335,부산
10503,f015930,황련단길,3.3333333333333335,경북
10504,f015930,대릉원,4.0,경북
10505,f015930,첨성대,4.0,경북
10506,f015930,동궁과 월지,4.0,경북
10507,f015930,월정교,4.0,경북
10508,f015934,연지,3.3333333333333335,경북
10509,f015934,청도읍 선,3.6666666666666665,경북
10510,f015936,창원 NC 파크,4.0,경남
10511,f015938,KTG 상상마당 부산,4.0,부산
10512,f015938,삼정 타워,4.0,부산
10513,f015938,동백 섬,5.0,부산
10514,f015938,해운대해수욕장,3.6666666666666665,부산
10515,f015939,서면 1번가,5.0,부산
10516,f015941,경주 보문관광단지,4.0,경북
10517,f015944,홈플러스 마산점,4.333333333333333,경남
10518,f015944,창원 NC 파크,4.0,경남
10519,f015951,호미곶,3.6666666666666665,경북
10520,f015951,환호공원 스페이스 워크,2.3333333333333335,경북
10521,f015952,대릉원,5.0,경북
10522,f015952,황련단길,2.6666666666666665,경북
10523,f015971,장생포 고래 박물관,4.666666666666667,울산
10524,f015971,간절곶,4.0,울산
10525,f015972,벡스코 제2전시장,4.0,부산
10526,f015974,직지문화공원 김천세계도자기 박물관,3.0,경북
10527,f015974,사 명대사공원,4.0,경북
10528,f015974,김천시립 박물관,3.0,경북
10529,f015974,직지사,4.333333333333333,경북
10530,f015991,뮤지엄 엑스,5.0,강원특별자치도
10531,f015991,속초관광수산시장,4.666666666666667,강원특별자치도
10532,f015991,속초해수욕장,5.0,강원특별자치도
10533,f016005,청하 시장,5.0,경북
10534,f016005,포항 운하,4.666666666666667,경북
10535,f016005,구룡포 일본인 가옥거리,3.6666666666666665,경북
10536,f016007,해운대해수욕장,5.0,부산
10537,f016024,대왕암,4.0,울산
10538,f016027,남이섬,5.0,강원특별자치도
10539,f016035,김유정문학촌,5.0,강원특별자치도
10540,f016038,사천 바다 케이블카,4.333333333333333,경남
10541,f016038,아래 마루 아쿠아리움 본관,4.0,경남
10542,f016040,낙산사,5.0,강원특별자치도
10543,f016041,고석정 국민관광지,5.0,강원특별자치도
10544,f016041,고석정 꽃밭,5.0,강원특별자치도
10545,f016053,자전거 카페 오후,5.0,강원특별자치도
10546,f016062,정글의 법칙,5.0,경북
10547,f016092,이상인 미술관,5.0,강원특별자치도
10548,f016097,장수 암,4.666666666666667,경남
10549,f016099,해운대해수욕장,5.0,부산
10550,f016099,롯데 프리미엄 아웃렛 동부산점,4.333333333333333,부산
10551,f016099,이케아 동부산점,4.0,부산
10552,f016099,롯데 프리미엄 아웃렛 동부산점,4.0,부산
10553,f016099,해동용궁사,5.0,부산
10554,f016099,롯데 프리미엄 아웃렛 동부산점,4.0,부산
10555,f016115,삼성궁,3.0,경남
10556,f016115,모다 아웃렛 진주점,3.0,경남
10557,f016120,동백 섬,5.0,부산
10558,f016120,더베이 11,5.0,부산
10559,f016120,수영만 요트경기장,5.0,부산
10560,f016120,해동용궁사,5.0,부산
10561,f016323,제이드가든 수목원,4.666666666666667,강원특별자치도
10562,f016323,소양강 스카이워크,3.6666666666666665,강원특별자치도
10563,f016331,태화강 국가 정원,5.0,울산
10564,f016331,간절곶,5.0,울산
10565,f016334,바람의 언덕,3.3333333333333335,경남
10566,f016335,신세계백화점 센텀시티점,4.666666666666667,부산
10567,f016335,해운대해수욕장,5.0,부산
10568,f016336,불국사,5.0,경북
10569,f016337,강릉 월화 거리,2.6666666666666665,강원특별자치도
10570,f016337,강릉 김밥,3.0,경기
10571,f016337,안목 해변,4.0,강원특별자치도
10572,f016337,배니 닭강정,4.0,강원특별자치도
10573,f016337,강릉 월화 거리,3.6666666666666665,강원특별자치도
10574,f016338,장생포 고래 박물관,4.666666666666667,울산
10575,f016339,이가리 닻 전망대,5.0,경북
10576,f016340,태화강 국가 정원,4.0,울산
10577,f016340,장생포 고래 박물관,3.6666666666666665,울산
10578,f016340,장생포 고래 박물관,3.6666666666666665,울산
10579,f016340,장생포 고래 박물관,3.6666666666666665,울산
10580,f016340,장생포 고래문화마을,3.6666666666666665,울산
10581,f016340,대왕암공원,5.0,울산
10582,f016340,진하해수욕장,3.6666666666666665,울산
10583,f016343,오도 1리 간이해수욕장,3.6666666666666665,
10584,f016343,오도 1리 간이해수욕장,4.333333333333333,
10585,f016343,영일대해수욕장,5.0,경북
10586,f016347,대가야박물관,5.0,경북
10587,f016348,계명대학교 대명캠퍼스,3.3333333333333335,대구
10588,f016348,서문시장,4.333333333333333,대구
10589,f016348,신세계백화점 대구점,4.333333333333333,대구
10590,f016381,연지,2.6666666666666665,경북
10591,f016389,등대해수욕장,5.0,강원특별자치도
10592,f016389,중앙시장 입구 삼거리,5.0,강원특별자치도
10593,f016389,속초해수욕장,5.0,강원특별자치도
10594,f016390,진주성,5.0,경남
10595,f016398,내원사,4.0,경남
10596,f016412,도째비골스카이밸리,4.333333333333333,강원특별자치도
10597,f016412,논골담길,4.333333333333333,강원특별자치도
10598,f016412,무릉 계곡,5.0,강원특별자치도
10599,f016412,추암해변,4.0,강원특별자치도
10600,f016414,창원 NC 파크,5.0,경남
10601,f016415,에티오피아 한국전 참전기념관,5.0,강원특별자치도
10602,f016415,소양강 스카이워크,5.0,강원특별자치도
10603,f016415,강원 특별 자치도립화목원,5.0,강원특별자치도
10604,f016417,서문시장,5.0,대구
10605,f016417,신세계백화점 대구점,5.0,대구
10606,f016420,매미성,4.0,경남
10607,f016420,와현모래숲해수욕장,5.0,경남
10608,f016422,광안리해수욕장,5.0,부산
10609,f016422,하루 필름 부산 광안리점,5.0,부산
10610,f016428,더 현대 대구,4.0,대구
10611,f016429,어달해변,5.0,강원특별자치도
10612,f016429,동쪽 바다 중앙시장,3.3333333333333335,강원특별자치도
10613,f016432,소양강댐 정상 주차장,3.6666666666666665,강원특별자치도
10614,f016432,공지천 조각 공원,2.6666666666666665,강원특별자치도
10615,f016444,법기 수원지,5.0,경남
10616,f016446,속초해수욕장,4.0,강원특별자치도
10617,f016446,속초관광수산시장,3.0,
10618,f016446,영금정,5.0,강원특별자치도
10619,f016446,속초 조양동 유적,1.3333333333333333,강원특별자치도
10620,f016448,구조라성,4.0,경남
10621,f016448,와현모래숲해수욕장,4.0,경남
10622,f016454,경주엑스포 대공원,2.0,경북
10623,f016454,대릉원,4.0,경북
10624,f016462,의암호 스카이워크,3.6666666666666665,강원특별자치도
10625,f016478,동성로 로데오거리,5.0,대구
10626,f016478,주교좌 계산 대성당,5.0,대구
10627,f016478,코오롱야외음악당,5.0,대구
10628,f016478,서문시장,5.0,대구
10629,f016482,봉리단길,2.3333333333333335,경남
10630,f016482,분산성,4.333333333333333,경남
10631,f016483,현대백화점 울산점,3.3333333333333335,울산
10632,f016483,태화강 국가 정원,5.0,울산
10633,f016490,국제시장 먹자골목,4.0,부산
10634,f016490,부평 깡통시장,4.333333333333333,부산
10635,f016490,F1963,5.0,부산
10636,f016499,경덕왕릉 의성 조문국사적 지,3.6666666666666665,경북
10637,f016499,고운사,3.3333333333333335,경북
10638,f016502,양구 백자 박물관,5.0,강원특별자치도
10639,f016502,한반도섬,5.0,강원특별자치도
10640,f016502,국토 정중앙 천문대,1.0,강원특별자치도
10641,f016507,해피 초원 목장,4.333333333333333,강원특별자치도
10642,f016510,황련단길,4.666666666666667,경북
10643,f016510,황련단길,4.666666666666667,경북
10644,f016510,경주읍성,3.6666666666666665,경북
10645,f016512,수타사,5.0,강원특별자치도
10646,f016518,문경철로자전거 진남역,3.3333333333333335,경북
10647,f016518,고모산성,3.0,경북
10648,f016518,문경오미자 테마 터널,4.0,경북
10649,f016519,동화사,4.0,대구
10650,f016521,황련단길,4.0,경북
10651,f016521,동궁과 월지,5.0,경북
10652,f016529,비발디파크 오션월드,4.0,강원특별자치도
10653,f016531,현대백화점 울산점,5.0,울산
10654,f016531,롯데 프리미엄 아웃렛 동부산점,5.0,부산
10655,f016533,경주엑스포 대공원,5.0,경북
10656,f016548,고석정 꽃밭,4.333333333333333,강원특별자치도
10657,f016549,청평사,5.0,강원특별자치도
10658,f016559,환호공원 스페이스 워크,3.3333333333333335,경북
10659,f016560,으로 지 자연 생태공원,5.0,경북
10660,f016562,원주한지테마파크,4.333333333333333,강원특별자치도
10661,f016567,피아트,5.0,부산
10662,f016567,해운대해수욕장,4.0,부산
10663,f016568,대릉원,4.0,경북
10664,f016576,양양전통시장,4.333333333333333,강원특별자치도
10665,f016583,송도 해상 케이블카 송도 베이 스테이션,5.0,부산
10666,f016586,경덕왕릉 의성 조문국사적 지,3.3333333333333335,경북
10667,f016586,영화 리틀 포레스트 촬영지,3.3333333333333335,대구
10668,f016590,대릉원,3.3333333333333335,경북
10669,f016596,광안리해수욕장,4.0,부산
10670,f016596,신세계백화점 센텀시티점,5.0,부산
10671,f016598,호암 이병철 생가,4.333333333333333,경남
10672,f016601,태화강 동굴 피아,3.3333333333333335,울산
10673,f016601,태화강 국가 정원,3.0,울산
10674,f016607,해운대 전통시장,5.0,부산
10675,f016607,해운대해수욕장,5.0,부산
10676,f016607,송림공원,3.0,부산
10677,f016607,동백 섬,5.0,부산
10678,f016607,F1963,5.0,부산
10679,f016607,전포 카페거리,5.0,부산
10680,f016607,다대포해수욕장,5.0,부산
10681,f016607,광안리해수욕장,5.0,부산
10682,f016611,하조대해수욕장,4.666666666666667,강원특별자치도
10683,f016612,삼정 타워,3.6666666666666665,부산
10684,f016612,NC백화점 서면점,5.0,부산
10685,f016612,국제시장,5.0,부산
10686,f016612,부평 깡통시장,5.0,부산
10687,f016622,롯데 프리미엄 아웃렛 동부산점,4.666666666666667,부산
10688,f016622,이케아 동부산점,4.0,부산
10689,f016622,롯데월드 어드벤처 부산,3.6666666666666665,부산
10690,f016624,모다 아웃렛 경주 포항점,4.666666666666667,경북
10691,f016624,형산강,5.0,
10692,f016624,첨성대,5.0,경북
10693,f016628,김유정역 (폐역),3.6666666666666665,강원특별자치도
10694,f016628,김유정문학촌,5.0,강원특별자치도
10695,f016628,춘천 삼악산 호수 케이블카,5.0,강원특별자치도
10696,f016628,소양강 스카이워크,5.0,강원특별자치도
10697,f016628,소양강 처녀상,5.0,강원특별자치도
10698,f016632,대릉원,4.333333333333333,경북
10699,f016632,불국사,4.0,경북
10700,f016632,월정교,3.6666666666666665,경북
10701,f016635,황지공원 황지연못,2.6666666666666665,강원특별자치도
10702,f016635,구문소,3.0,강원특별자치도
10703,f016639,경남도립미술관,5.0,경남
10704,f016639,용지공원 용지호수 공원,5.0,경남
10705,f016654,대릉원,4.333333333333333,경북
10706,f016654,황련단길,4.333333333333333,경북
10707,f016654,첨성대,5.0,경북
10708,f016655,무진장,4.0,
10709,f016655,고려동 유적지,3.0,경남
10710,f016655,함안 연꽃테마파크,3.0,경남
10711,f016655,함안 입곡 군립 공원 아라 힐링카페 무빙 보트,4.0,경남
10712,f016655,함안박물관,3.3333333333333335,경남
10713,f016655,악양 독방,3.3333333333333335,경남
10714,f016656,남사예담촌,4.0,경남
10715,f016664,보현산댐 짚와이어,4.0,경북
10716,f016665,국제시장,2.3333333333333335,부산
10717,f016665,부평 깡통시장,3.3333333333333335,부산
10718,f016665,BIFF 거리,3.6666666666666665,부산
10719,f016665,광안리해수욕장,3.0,부산
10720,f016671,선 스포츠 플라자 볼링장,5.0,대구
10721,f016676,디자인공원,5.0,경남
10722,f016679,대릉원,5.0,경북
10723,f016679,첨성대,5.0,경북
10724,f016679,대릉원,3.6666666666666665,경북
10725,f016679,황련단길,3.6666666666666665,경북
10726,f016683,국립경주박물관,5.0,경북
10727,f016686,국립춘천 박물관,5.0,강원특별자치도
10728,f016689,오어사,3.3333333333333335,경북
10729,f016689,기림사,5.0,경북
10730,f016700,부산 현대미술관,5.0,부산
10731,f016700,스타필드 시티 명지,5.0,부산
10732,f016703,소양강 스카이워크,4.0,강원특별자치도
10733,f016703,레고랜드 코리아리조트,4.333333333333333,강원특별자치도
10734,f016705,영일대해수욕장,5.0,경북
10735,f016718,영월 서부시장,5.0,강원특별자치도
10736,f016722,소양강댐 정상 주차장,5.0,강원특별자치도
10737,f016722,국립춘천 박물관,5.0,강원특별자치도
10738,f016724,횡성문화 예술 회관,2.3333333333333335,강원특별자치도
10739,f016733,대구미술관,4.0,대구
10740,f016741,김유정문학촌,5.0,강원특별자치도
10741,f016765,대구읍성 상징 조형물,5.0,대구
10742,f016765,경상감영공원,5.0,대구
10743,f016765,2.28기념중앙공원,5.0,대구
10744,f016766,고성 왕곡마을,4.333333333333333,강원특별자치도
10745,f016766,송지호해수욕장,5.0,강원특별자치도
10746,f016766,송지호해수욕장,5.0,강원특별자치도
10747,f016766,자작도해수욕장,2.6666666666666665,강원특별자치도
10748,f016772,태화강,3.0,울산
10749,f016773,광안리해수욕장,5.0,부산
10750,f016784,환호공원 스페이스 워크,2.6666666666666665,경북
10751,f016785,놋점들,3.3333333333333335,경북
10752,f016789,클라임 투게더,5.0,강원특별자치도
10753,f016792,춘천 중앙시장,2.6666666666666665,강원특별자치도
10754,f016795,금오산 케이블카,4.0,경북
10755,f016795,해운사,4.333333333333333,경북
10756,f016805,청도읍 선,4.0,경북
10757,f016807,애니메이션박물관,3.3333333333333335,강원특별자치도
10758,f016807,강원 특별 자치도립화목원,3.3333333333333335,강원특별자치도
10759,f016808,용두산공원,4.0,부산
10760,f016808,BIFF 광장,4.0,부산
10761,f016808,남포지하쇼핑센터,4.0,부산
10762,f016809,홍천 무궁화 수목원,4.0,강원특별자치도
10763,f016809,팔봉산관광지,5.0,강원특별자치도
10764,f016814,경주 핑크 뮬리 군락지,4.666666666666667,경북
10765,f016814,추억의 달동네,3.0,경북
10766,f016816,옛길 박물관,4.333333333333333,경북
10767,f016816,문경새재도립공원,5.0,경북
10768,f016819,문경새재도립공원,5.0,경북
10769,f016819,문경새재 오픈세트장,5.0,경북
10770,g000007,송정해수욕장,5.0,부산
10771,g001687,수승대관광지,4.333333333333333,경남
10772,g001687,거창 근대 의료 박물관,3.3333333333333335,경남
10773,g001687,거창 전통시장,4.333333333333333,경남
10774,g001687,거창 창포원,4.0,경남
10775,g001687,거창 허브빌리지,3.6666666666666665,경남
10776,g001687,무주반딧불축제,4.333333333333333,전북
10777,g006786,폭풍 속으로 드라마 세트장,3.6666666666666665,경북
10778,g006786,성류굴,5.0,경북
10779,g007350,젊은 달 와이 파크,4.666666666666667,강원특별자치도
10780,g007968,국립김해 박물관,5.0,경남
10781,g007968,수로왕릉,3.6666666666666665,경남
10782,g009803,첨성대,3.3333333333333335,경북
10783,g009803,경주월드,3.3333333333333335,경북
10784,e000005,월미도,5.0,인천
10785,e000005,월미테마파크,5.0,인천
10786,e000005,송도센트럴파크,5.0,인천
10787,e000005,을왕리 해수욕장,5.0,인천
10788,e000005,G 타워,5.0,인천
10789,e000043,행정안전부 대통령기록관,4.333333333333333,세종특별자치시
10790,e000043,국립세종수목원,5.0,세종특별자치시
10791,e000043,그리너리,4.333333333333333,세종특별자치시
10792,e000043,국립세종 도서관,5.0,세종특별자치시
10793,e000043,평택시 농업 생태원,3.6666666666666665,경기
10794,e000043,내리 문화공원,3.3333333333333335,경기
10795,e000316,리움미술관,4.0,서울
10796,e000316,63스퀘어,4.0,서울
10797,e000316,천주교 서울 대교구 주교좌 명동 대성당,4.0,서울
10798,e000316,문화역 서울 284,4.0,서울
10799,e000316,화성행궁,5.0,경기
10800,e000316,수원 화성 화서문,5.0,경기
10801,e000668,인천종합어시장,5.0,인천
10802,e001423,예산 상설시장,4.0,충남
10803,e001579,서울숲,5.0,서울
10804,e001579,신세계백화점 강남점,5.0,서울
10805,e001579,잠원한강공원,5.0,서울
10806,e002195,테마 오래,5.0,대전
10807,e003226,현충사,5.0,충남
10808,e003226,온양온천시장,4.666666666666667,충남
10809,e003226,신정호,5.0,충남
10810,e004870,석남사,3.6666666666666665,경기
10811,e004944,설봉공원,4.0,경기
10812,e004944,롯데 프리미엄 아울렛 이천점,4.0,경기
10813,e007408,충주 탄금공원(구 세계무술공원),4.0,충북
10814,e007408,충주 라바 랜드,5.0,충북
10815,e007408,중앙탑 사적공원,4.0,충북
10816,e011214,예당호 모노레일,4.333333333333333,충남
10817,e011214,예당호 출렁다리,5.0,충남
10818,e011214,예산 상설시장,4.0,충남
10819,e013132,왜목마을해수욕장,5.0,충남
10820,e013132,삽교호 놀이공원,5.0,충남
10821,e013143,한국만화 박물관,5.0,경기
10822,e013143,국립 중앙과학관,5.0,대전
10823,e013143,엑스포과학공원 한빛탑,5.0,대전
10824,e013144,한밭수목원,5.0,대전
10825,e013149,만천하 스카이워크,4.333333333333333,충북
10826,e013149,단양강잔도,4.333333333333333,충북
10827,e013149,단양구경시장,4.333333333333333,충북
10828,e013179,윤봉길의사기념관,5.0,충남
10829,e013184,성심당 본점,5.0,대전
10830,e013184,대전중앙시장,1.6666666666666667,대전
10831,e013188,신정호 관광단지,5.0,충남
10832,e013282,삽교호 놀이공원,3.3333333333333335,충남
10833,e013282,롯데시네마 당진,3.3333333333333335,충남
10834,f000001,태안 로컬푸드 직매장,5.0,충남
10835,f000001,해미읍성,5.0,충남
10836,f000004,방파제,5.0,
10837,f000004,방파제,5.0,
10838,f000030,태안서 부시장,3.3333333333333335,충남
10839,f000030,파도리 해식동굴,5.0,충남
10840,f000030,피나클랜드 수목원,5.0,충남
10841,f000030,모 나무르,4.0,충남
10842,f000030,지중해마을,2.0,충남
10843,f000030,세종 호수 공원,5.0,세종특별자치시
10844,f001718,만천하 스카이워크,4.333333333333333,충북
10845,f001718,단양구경시장,3.3333333333333335,충북
10846,f001718,고수동굴,5.0,충북
10847,f001718,다리안 관광지,4.0,충청북도
10848,f001718,도담삼봉,3.0,충북
10849,f001718,소백산,5.0,충북
10850,f008573,대청댐 전망대,4.333333333333333,충북
10851,f015541,삽교호 놀이공원,2.6666666666666665,충남
10852,f015541,아미 미술관,4.0,충남
10853,f015541,신리성지,5.0,충남
10854,f016471,도담삼봉,5.0,충북
10855,f016471,단양 금굴 구석기 유적지,2.3333333333333335,충북
10856,f016471,단양구경시장,4.333333333333333,충북
10857,f016471,수양개 선사유물전시관,4.333333333333333,충북
10858,f016471,수양개 빛 터널,5.0,충북
10859,f016830,역전시장,4.0,대전
10860,g000003,경암동 철길마을,3.3333333333333335,전북
10861,g000003,이마트 군산점,3.6666666666666665,전북
10862,g000003,선유도해수욕장,4.0,전북
10863,g000003,초원 사진관,2.6666666666666665,전북
10864,g000004,부소담악,4.666666666666667,충북
10865,g000005,벽화거리,2.6666666666666665,대전
10866,g000005,한화생명 이글스 파크,5.0,대전
10867,g000005,한국조폐공사 화폐박물관,4.666666666666667,대전
10868,g000005,한화생명 이글스 파크,4.666666666666667,대전
10869,g000005,엑스포과학공원 한빛탑,3.3333333333333335,대전
10870,g000005,엑스포과학공원 한빛탑,3.3333333333333335,대전
10871,g000005,한밭수목원,3.6666666666666665,대전
10872,g000005,대전 오월드,5.0,대전
10873,g000005,성심당 본점,3.6666666666666665,대전
10874,g000009,충주 무학시장,4.333333333333333,충북
10875,g000010,전주 월드컵 경기장,5.0,전북
10876,g000016,초원 사진관,2.0,전북
10877,g000016,동국사,4.0,전북
10878,g000016,선유도,5.0,전북
10879,g000016,대천해수욕장,4.0,충남
10880,g000017,천리포수목원,3.0,충남
10881,g000023,국립현대미술관 청주,4.0,충북
10882,g000023,청남대,5.0,충북
10883,g000025,삽교천,4.0,충남
10884,g000026,경암동 철길마을,5.0,전북
10885,g000026,전주 남부시장 한옥마을 야시장,5.0,전북
10886,g000026,전동성당,5.0,전북
10887,g000026,전주한옥마을,5.0,전북
10888,g000026,전주 난장,5.0,전북
10889,g000026,오목대,5.0,전북
10890,g000026,전주한옥마을,5.0,전북
10891,g000026,자만 벽화마을,4.0,전북
10892,g000191,전동성당,4.0,전북
10893,g000191,경기전,4.0,전북
10894,g000191,오목대,4.0,전북
10895,g000191,전라감영,3.3333333333333335,전북
10896,g000195,간월암,3.3333333333333335,충남
10897,g000195,몽산포해수욕장,1.6666666666666667,충남
10898,g000204,순천만 국가정원,4.666666666666667,전남
10899,g000204,대숲골 농원,5.0,전남
10900,g000204,여수 낭만포차 거리,5.0,전남
10901,g000204,아쿠아플라넷 여수,5.0,전남
10902,g000204,프롬나드,3.6666666666666665,전남
10903,g000204,이순신광장,3.0,전남
10904,g000206,미황사,3.6666666666666665,전남
10905,g000208,전라남도 산림자원연구소,4.0,전남
10906,g000215,소제동 철도관사촌,4.0,대전
10907,g000215,엑스포과학공원 한빛탑,5.0,대전
10908,g000215,한밭수목원,5.0,대전
10909,g000215,한밭수목원,5.0,대전
10910,g000215,한밭수목원,5.0,대전
10911,g000215,엑스포과학공원 한빛탑,5.0,대전
10912,g000220,대장봉,5.0,전북
10913,g000220,선유도해수욕장,4.666666666666667,전북
10914,g000220,선유도,3.6666666666666665,전북
10915,g000220,국립 신시도 자연휴양림,3.6666666666666665,전북
10916,g000225,순천만 국가정원,2.6666666666666665,전남
10917,g000226,대아저수지,3.6666666666666665,전북
10918,g000226,전주한옥마을,5.0,전북
10919,g000226,경기전,5.0,전북
10920,g000230,선암사,3.3333333333333335,전남
10921,g000230,LF 스퀘어 광양점,4.0,전남
10922,g000231,한밭수목원,5.0,대전
10923,g000231,엑스포과학공원 한빛탑,5.0,대전
10924,g000231,엑스포과학공원 한빛탑,5.0,대전
10925,g000231,한밭수목원,5.0,대전
10926,g000233,금성관,5.0,전남
10927,g000233,NC 웨이브 충장점,5.0,광주
10928,g000233,충장로 거리,5.0,광주
10929,g000234,방포해수욕장,4.333333333333333,충남
10930,g000234,삼봉해수욕장,4.0,충남
10931,g000235,김대중노벨평화상 기념관,4.333333333333333,전남
10932,g000235,고하도 전망대,3.6666666666666665,전남
10933,g000235,목포 해상 케이블카 북항 승강장,5.0,전남
10934,g000235,시화마을,4.666666666666667,전남
10935,g000235,목포 갓바위,2.0,전남
10936,g000235,국립 해양문화재연구소 목포해양유물전시관,5.0,전남
10937,g000235,목포자연사박물관,2.0,전남
10938,g000235,목포 대중음악의 전당,5.0,전남
10939,g000237,국립 충주 기상과학관,5.0,충북
10940,g000239,아가페 정원,3.0,전북
10941,g000239,익산 교도소 세트장,3.3333333333333335,전북
10942,g000239,금강 미래 체험관,3.3333333333333335,전북
10943,g000239,조류생태전시관,3.3333333333333335,충남
10944,g000239,장항 스카이워크,3.3333333333333335,충남
10945,g000239,국립 해양생물자원관,3.3333333333333335,충남
10946,g000239,초원 사진관,3.3333333333333335,전북
10947,g000239,신흥동 일본식 가옥,3.3333333333333335,전북
10948,g000239,테디베어뮤지엄 군산점,3.3333333333333335,전북
10949,g000239,군산근대역사박물관,3.3333333333333335,전북
10950,g000239,군산근대미술관,3.3333333333333335,전북
10951,g000239,옛 군산세관,3.3333333333333335,전북
10952,g000239,군산근대 건축관,3.3333333333333335,전북
10953,g000239,진포해양테마공원,3.3333333333333335,전북
10954,g000239,경암동 철길마을,3.3333333333333335,전북
10955,g000239,국립 익산 박물관,3.3333333333333335,전북
10956,g000239,익산보석 박물관,3.3333333333333335,전북
10957,g000240,순천만 국가정원,5.0,전남
10958,g000240,순천만습지,5.0,전남
10959,g000240,순천 문학관,5.0,전남
10960,g000240,순천드라마 촬영장,5.0,전남
10961,g000242,유월드 루지 테마파크,4.0,전남
10962,g000242,장도,5.0,전남
10963,g000242,이순신광장,5.0,전남
10964,g000242,여수 예술랜드,5.0,전남
10965,g000242,오동도,5.0,전남
10966,g000242,자산공원,3.3333333333333335,전남
10967,g000242,향일암,5.0,전남
10968,g000242,만성리 검은 모래해변,4.0,전남
10969,g000248,한국지질자원연구원 지질박물관,5.0,대전
10970,g000249,변산해수욕장,5.0,전북
10971,g000249,변산해수욕장,4.666666666666667,전북
10972,g000250,국립현대미술관 청주,5.0,충북
10973,g000250,육거리종합시장,5.0,충북
10974,g000251,보성 녹차밭,4.666666666666667,전남
10975,g000251,율포해수욕장,3.3333333333333335,전남
10976,g000252,변산해수욕장,4.0,전북
10977,g000252,소노벨 변산 오션 플레이,4.0,전북
10978,g000256,옥돌해수욕장,2.0,전북
10979,g000256,장자도,3.0,전북
10980,g000256,선유도,3.6666666666666665,전북
10981,g000256,선유도항방파제등대,2.6666666666666665,전북
10982,g000258,어은돌 해수욕장,3.3333333333333335,충남
10983,g000258,천리포수목원,5.0,충남
10984,g000258,어은돌 해수욕장,4.0,충남
10985,g000259,엑스포과학공원 한빛탑,3.0,대전
10986,g000260,국립전주 박물관,5.0,전북
10987,g000260,국립전주 박물관,3.3333333333333335,전북
10988,g000260,군산근대역사박물관,4.0,전북
10989,g000260,부여 가림성,4.333333333333333,충남
10990,g000260,국립부여박물관,5.0,충남
10991,g000260,국립부여박물관,5.0,충남
10992,g000260,정림사지박물관 정림사지 5층 석탑,4.0,충남
10993,g000260,롯데 아웃렛 부여점,5.0,충남
10994,g000262,국립 해양문화재연구소 목포해양유물전시관,4.0,전남
10995,g000262,목포 갓바위,3.3333333333333335,전남
10996,g000262,평화광장,1.3333333333333333,전남
10997,g000262,노적봉,4.0,전남
10998,g000262,서산동 시화 골목,4.0,전남
10999,g000262,연희네 슈퍼,4.0,전남
11000,g000262,목포근대역사관 1관,5.0,전남
11001,g000262,목포근대역사관 2관,4.333333333333333,전남
11002,g000262,목포진 역사공원,4.333333333333333,전남
11003,g000264,여수 미남크루즈,5.0,전남
11004,g000264,디오션리조트 워터파크,4.0,전남
11005,g000264,순천만 국가정원,4.0,전남
11006,g000265,한국도로공사 전주수목원,5.0,전북
11007,g000265,만경강,3.0,전북
11008,g000265,전북도립미술관,5.0,전북
11009,g000269,백제문화 단지,3.3333333333333335,충남
11010,g000269,롯데리조트 부여 아쿠아 가든,3.3333333333333335,충남
11011,g000269,국립부여박물관,3.3333333333333335,충남
11012,g000269,온양온천시장,3.0,충남
11013,g000269,영인산자연휴양림,3.6666666666666665,충남
11014,g000270,전주 덕진공원,4.333333333333333,전북
11015,g000270,변산해수욕장,4.333333333333333,전북
11016,g000270,전주한옥마을,4.0,전북
11017,g000280,소아르떼,4.0,전남
11018,g000285,전동성당,5.0,전북
11019,g000285,PNB 풍년제과 전주 본점,5.0,전북
11020,g000286,성심당 본점,5.0,대전
11021,g000286,성심당 케이크 부티크,5.0,대전
11022,g000287,국립 중앙과학관,5.0,
11023,g000290,궁남지,5.0,충남
11024,g000290,정림사지박물관 정림사지 5층 석탑,5.0,충남
11025,g000290,트레이더스 홀세일 클럽 동탄점,5.0,
11026,g000296,의림지,5.0,충북
11027,g000296,중앙탑 사적공원,5.0,충북
11028,g000298,대천해수욕장,5.0,충남
11029,g000298,상화원,5.0,충남
11030,g000298,우유 창고,5.0,충남
11031,g000298,보령 청보리밭,5.0,충남
11032,g000298,이마트 보령점,5.0,충남
11033,g000299,상화원,4.0,충남
11034,g000299,개화예술공원,4.0,충남
11035,g000299,대천해수욕장,4.0,충남
11036,g000299,머드광장,1.3333333333333333,충남
11037,g000299,보령석탄 박물관,4.0,충남
11038,g000301,경암동 철길마을,3.0,전북
11039,g000301,은파호수공원,5.0,전북
11040,g000301,추억의 교복 입고 바이크 타자,3.0,전북
11041,g000301,군산근대역사박물관,5.0,전북
11042,g000301,진포해양테마공원,4.0,전북
11043,g000301,옛 군산세관,3.0,전북
11044,g000301,신흥동 일본식 가옥,5.0,전북
11045,g000301,동국사,2.6666666666666665,전북
11046,g000301,군산근대미술관,3.0,전북
11047,g000301,군산근대 건축관,3.0,전북
11048,g000305,엑스포과학공원 한빛탑,5.0,대전
11049,g000305,대전 어린이 회관,5.0,대전
11050,g000305,천연기념물 센터,4.0,대전
11051,g000306,유기방 가옥,3.3333333333333335,충남
11052,g000308,대원정사,2.0,전북
11053,g000309,백제문화 단지,5.0,충남
11054,g000309,정림사지박물관 정림사지 5층 석탑,5.0,충남
11055,g000309,부소산성,5.0,충남
11056,g000309,송정 그림책 마을,5.0,충남
11057,g000309,국립부여박물관,5.0,충남
11058,g000309,엑스포과학공원 한빛탑,4.666666666666667,대전
11059,g000311,광한루원,5.0,전북
11060,g000311,광한루원,5.0,전북
11061,g000311,남원시립 김병종 미술관,5.0,전북
11062,g000311,전주 덕진공원,5.0,전북
11063,g000311,전주한옥마을,5.0,전북
11064,g000311,러쉬실내카트장,5.0,전북
11065,g000312,행정안전부 대통령기록관,5.0,세종특별자치시
11066,g000312,국립 조세 박물관,5.0,세종특별자치시
11067,g000312,이응 다리,5.0,세종특별자치시
11068,g000312,국립세종수목원,5.0,세종특별자치시
11069,g000313,성심당 본점,5.0,대전
11070,g000313,나사로 볼링장,3.3333333333333335,대전
11071,g000313,으능정이 스카이로드,3.0,대전
11072,g000313,코스트코 대전점,5.0,대전
11073,g000314,전주한옥마을,4.0,전북
11074,g000314,광주 기아 챔피언 스피드,5.0,광주
11075,g000316,경암동 철길마을,5.0,전북
11076,g000316,군산 3.1운동 1주년 기념관,4.333333333333333,전북
11077,g000316,초원 사진관,5.0,전북
11078,g000316,동국사,3.3333333333333335,전북
11079,g000316,군산근대미술관,3.3333333333333335,전북
11080,g000316,군산근대 건축관,3.3333333333333335,전북
11081,g000316,군산 월명공원,3.3333333333333335,전북
11082,g000318,부안청자 박물관,4.666666666666667,전북
11083,g000318,내소사,5.0,전북
11084,g000318,변산 마실 길 1코스(저 개미 패총기),5.0,전북
11085,g000318,변산 마실 길 2코스(노루목 상사와 길),5.0,전북
11086,g000318,채석강,5.0,전북
11087,g000318,모항해수욕장,4.0,전북
11088,g000319,한밭수목원,3.3333333333333335,대전
11089,g000319,엑스포과학공원 한빛탑,5.0,대전
11090,g000319,롯데백화점 대전점,4.0,대전
11091,g000319,한밭수목원,5.0,대전
11092,g000320,국립 익산 박물관,3.3333333333333335,전북
11093,g000320,백제 왕궁 박물관,3.3333333333333335,
11094,g000320,신흥동 일본식 가옥,4.0,전북
11095,g000320,동국사,4.0,전북
11096,g000321,수원컨벤션 센터,4.0,경기
11097,g000321,갤러리아백화점 광교점,5.0,경기
11098,g000322,오천 그린광장,4.666666666666667,전남
11099,g000322,이마트 순천점,4.0,전남
11100,g000328,율포해수욕장,5.0,전남
11101,g000328,목포 갓바위,3.0,전남
11102,g000328,퍼플 섬 주차장,2.3333333333333335,전남
11103,g000328,백길해수욕장,5.0,전남
11104,g000334,국립청주 박물관,5.0,충북
11105,g000336,내장산 조각 공원,5.0,전북
11106,g000336,정읍농협 하나로마트 상동점,5.0,전북
11107,g000338,호암지,4.0,충북
11108,g000338,탄금대,4.0,충북
11109,g000341,예산 상설시장,5.0,충남
11110,g000341,수덕사,5.0,충남
11111,g000345,여수 미남크루즈,5.0,전남
11112,g000346,예당호 모노레일,5.0,충남
11113,g000348,국립공주 박물관,4.666666666666667,충남
11114,g000348,공산성 매표소,4.333333333333333,충남
11115,g000348,공주 산성시장,4.0,충남
11116,g000351,격포해수욕장,4.0,전북
11117,g000354,배론성지,3.0,충북
11118,g000354,의림지,4.0,충북
11119,g000354,단양구경시장,3.3333333333333335,충북
11120,g000354,온달관광지,4.0,충북
11121,g000354,단양구경시장,4.0,충북
11122,g000357,향일암,5.0,전남
11123,g000357,오동도,4.0,전남
11124,g000357,향일암,5.0,전남
11125,g000357,마이산,3.3333333333333335,전북
11126,g000361,육거리종합시장,4.0,충북
11127,g000367,우림 정원,3.6666666666666665,충북
11128,g000367,충주 무학시장,3.3333333333333335,충북
11129,g000374,벨포르 놀이동산,4.0,
11130,g000374,블랙스톤 벨포르 리조트,4.333333333333333,충북
11131,g000374,벨포르 놀이동산,4.333333333333333,
11132,g000374,현대백화점 신촌점,4.333333333333333,서울
11133,g000378,무등산 국립공원,5.0,광주
11134,g000378,원효사,5.0,광주
11135,g000378,메타세쿼이아 가로수길,5.0,전남
11136,g000378,죽녹원,5.0,전남
11137,g000378,담양 관방제림,5.0,전남
11138,g000379,천리포수목원,4.333333333333333,충남
11139,g000380,웅진백제역사관,3.6666666666666665,충남
11140,g000380,국립공주 박물관,3.6666666666666665,충남
11141,g000380,공주 석장리 구석기 유적,4.333333333333333,충남
11142,g000380,공산성,4.333333333333333,충남
11143,g000380,백제문화 단지,4.333333333333333,충남
11144,g000380,궁남지,3.6666666666666665,충남
11145,g000380,부소산성,3.0,충남
11146,g000380,정림사지박물관 정림사지 5층 석탑,3.6666666666666665,충남
11147,g000380,국립부여박물관,3.6666666666666665,충남
11148,g000384,안면도 쥐라기 박물관,3.0,충남
11149,g000387,황룡강 생태공원,3.0,전남
11150,g000387,백양사,5.0,전남
11151,g000389,전주영화의 거리,2.6666666666666665,전북
11152,g000389,전주한옥마을,5.0,전북
11153,g000389,오목대,5.0,전북
11154,g000389,전주한옥마을,5.0,전북
11155,g000389,전주영화의 거리,5.0,전북
11156,g000389,전주 덕진공원,5.0,전북
11157,g000389,팔복 예술공장,5.0,전북
11158,g000389,청은 루,5.0,전북
11159,g000389,한국도로공사 전주수목원,5.0,전북
11160,g000391,활옷 동굴,5.0,
11161,g000391,국립 충주 기상과학관,3.0,
11162,g000391,충주 라바 랜드,1.6666666666666667,
11163,g000392,오천 그린광장,4.666666666666667,전남
11164,g000393,비로봉,5.0,충북
11165,g000393,단양구경시장,5.0,충북
11166,g000394,포레스트 리솜 해브나인스파,5.0,충북
11167,g000394,포레스트 리솜 해브나인스파,5.0,충북
11168,g000396,5.18민주화운동 기록관,3.6666666666666665,광주
11169,g000396,전일빌딩 245,5.0,광주
11170,g000396,5.18민주광장,5.0,광주
11171,g000396,국립아시아문화전당,5.0,광주
11172,g000396,국립 5.18민주묘지,5.0,광주
11173,g000397,부여 왕릉원,5.0,충남
11174,g000397,무량사,5.0,충남
11175,g000397,구드래나루터,5.0,충남
11176,g000397,정림사지박물관 정림사지 5층 석탑,5.0,충남
11177,g000397,국립부여박물관,5.0,충남
11178,g000399,순천만 국가정원,4.0,전남
11179,g000402,광주비엔날레,5.0,광주
11180,g000402,국립아시아문화전당,5.0,광주
11181,g000402,전일빌딩 245,5.0,광주
11182,g000404,순천만습지,5.0,전남
11183,g000404,오천 그린광장,5.0,전남
11184,g000404,순천만 국가정원,5.0,전남
11185,g000405,롯데백화점 전주점,5.0,전북
11186,g000405,한국도로공사 전주수목원,5.0,전북
11187,g000405,전주한옥마을,5.0,전북
11188,g000405,경기전,3.0,전북
11189,g000409,순천만 국가정원,5.0,전남
11190,g000409,순천만습지,5.0,전남
11191,g000409,오동도,3.3333333333333335,전남
11192,g000409,이순신광장,5.0,전남
11193,g000413,일등바위,4.666666666666667,전남
11194,g000413,목포근대역사 문화공간,3.6666666666666665,전남
11195,g000413,목포 대중음악의 전당,4.0,전남
11196,g000414,경기전,4.0,전북
11197,g000418,무녀도,4.0,전북
11198,g000419,죽도봉공원,5.0,전남
11199,g000419,송광사,5.0,전남
11200,g000419,순천만습지,5.0,전남
11201,g000419,순천만 국가정원,5.0,전남
11202,g000419,오천 그린광장,5.0,전남
11203,g000423,만천하 스카이워크,4.333333333333333,충북
11204,g000423,단양구경시장,5.0,충북
11205,g000423,고수동굴,3.0,충북
11206,g000423,다누리 아쿠아리움,5.0,충북
11207,g000423,단양구경시장,5.0,충북
11208,g000425,말랭이 마을,4.333333333333333,전북
11209,g000425,옥정호 붕어 섬 생태공원,5.0,전북
11210,g000425,익산 교도소 세트장,3.3333333333333335,전북
11211,g000427,쏠비치 진도 인피니티 풀,3.6666666666666665,전남
11212,g000429,공산성,4.0,충남
11213,g000429,국립공주 박물관,4.0,충남
11214,g000429,웅진백제역사관,3.3333333333333335,충남
11215,g000429,무령왕릉,3.6666666666666665,충남
11216,g000430,롯데시네마 당진,4.333333333333333,충남
11217,g000430,로드 195카페,5.0,충남
11218,g000435,서산 동부전통시장,3.0,충남
11219,g000435,서산버드랜드,5.0,충남
11220,g000436,남부시장 주차장,2.3333333333333335,전북
11221,g000436,익산 미륵사지,4.0,전북
11222,g000437,대전 오월드,5.0,대전
11223,g000437,장태산자연휴양림,4.333333333333333,대전
11224,g000440,명재고택,4.0,충남
11225,g000440,관촉사 석조미륵보살입상,4.0,충남
11226,g000440,논산 선샤인 랜드,4.0,충남
11227,g000440,탑정저수지,4.0,충남
11228,g000440,백제군사 박물관 (휴업 중),4.0,충남
11229,g000440,돈암서원,5.0,충남
11230,g000440,온빛 자연휴양림,4.0,충남
11231,g000440,장태산자연휴양림,4.0,대전
11232,g000441,목포근대역사관 2관,4.0,전남
11233,g000441,평화광장,4.0,전남
11234,g000441,목포 갓바위,4.0,전남
11235,g000441,김대중노벨평화상 기념관,4.0,전남
11236,g000441,씨엘이 베이커리 본점,3.3333333333333335,전남
11237,g000441,동부시장,3.0,전남
11238,g000442,구천동 농협 하나로마트 구천지점,5.0,전북
11239,g000442,덕유산국립공원,5.0,전북
11240,g000443,중앙탑 사적공원,5.0,충북
11241,g000443,충주고구려천문과학관,5.0,충북
11242,g000447,광주 기아 챔피언 스피드,5.0,광주
11243,g000447,국립아시아문화전당,5.0,광주
11244,g000447,국립아시아문화전당,5.0,광주
11245,g000453,경기전,3.0,전북
11246,g000453,옥정호 붕어 섬 생태공원,5.0,전북
11247,g000454,치명자산 성지 평화의 전당,5.0,전북
11248,g000454,롯데백화점 전주점,4.0,전북
11249,g000454,전주대사습 첨,5.0,전북
11250,g000459,국립 충주 기상과학관,4.333333333333333,충북
11251,g000459,활옷 동굴,4.666666666666667,충북
11252,g000459,충주 탄금공원(구 세계무술공원),4.0,충북
11253,g000460,단양구경시장,4.0,충북
11254,g000460,도담삼봉 관광지,3.3333333333333335,충북
11255,g000460,충주 탄금공원(구 세계무술공원),5.0,충북
11256,g000464,백양사,5.0,전남
11257,g000464,뱀사골계곡,5.0,전북
11258,g000464,화엄사,5.0,전남
11259,g000464,송광사,5.0,전남
11260,g000464,담양 관방제림,5.0,전남
11261,g000464,죽녹원,5.0,전남
11262,g000464,금산사,5.0,전북
11263,g000466,수주팔봉 구름다리,3.6666666666666665,충북
11264,g000466,청풍호 관광 모노레일,5.0,충북
11265,g000469,미르 섬,5.0,충남
11266,g000469,공산성,4.0,충남
11267,g000471,다누리 아쿠아리움,5.0,충북
11268,g000471,의림지 역사박물관,5.0,충북
11269,g000471,의림지 파크랜드,3.3333333333333335,충북
11270,g000471,제천옥순봉 출렁다리,5.0,충북
11271,g000471,제천 중앙시장,5.0,충북
11272,g000471,의림지,5.0,충북
11273,g000473,원불교 익산 성지,5.0,전북
11274,g000474,남천교,4.0,전북
11275,g000474,전주향교,5.0,전북
11276,g000474,오목대,3.0,전북
11277,g000474,PNB 풍년제과 한옥마을 1호점,5.0,전북
11278,g000474,경기전,4.0,전북
11279,g000477,정림사지박물관 정림사지 5층 석탑,4.666666666666667,충남
11280,g000477,국립부여박물관,4.666666666666667,충남
11281,g000477,국립부여박물관,5.0,충남
11282,g000477,롯데 아웃렛 부여점,2.3333333333333335,충남
11283,g000478,순천만 국가정원,4.333333333333333,전남
11284,g000478,순천만습지,4.333333333333333,전남
11285,g000478,향일암,5.0,전남
11286,g000478,이순신공원,4.0,전남
11287,g000478,오동도,5.0,전남
11288,g000478,만성리 검은 모래해변,5.0,전남
11289,g000478,석굴암,5.0,경북
11290,g000478,불국사 정문 주차장,5.0,경북
11291,g000478,국립경주박물관,5.0,경북
11292,g000481,청풍문화재 단지,5.0,충북
11293,g000481,수옥 폭포,4.333333333333333,충북
11294,g000481,좌구산 명상 구름다리,3.6666666666666665,충북
11295,g000486,공주 석장리 구석기 유적,5.0,충남
11296,g000486,공산성,5.0,충남
11297,g000486,공주 정기산 백제 유적,5.0,충남
11298,g000486,무령왕릉,5.0,충남
11299,g000486,국립공주 박물관,5.0,충남
11300,g000487,고운 식물원,5.0,충남
11301,g000487,장곡사,5.0,충남
11302,g000487,천장화 출렁다리,5.0,충남
11303,g000488,괴산전통시장,4.0,충북
11304,g000488,산맥이 옛길,5.0,충북
11305,g000490,옥천성당,4.0,충북
11306,g000490,정지용 문학관,3.0,충북
11307,g000490,정지용 문학관,4.0,충북
11308,g000490,옥천향교,3.0,충북
11309,g000492,의림지,5.0,충북
11310,g000498,5.18기념공원,4.333333333333333,광주
11311,g000498,전일빌딩 245,5.0,광주
11312,g000498,연희네 슈퍼,3.3333333333333335,전남
11313,g000499,정읍 허브원,3.0,전북
11314,g000499,정읍농협 하나로마트 상동점,4.0,전북
11315,g000499,고창읍성,4.0,전북
11316,g000502,아르떼 뮤지엄 여수,5.0,전남
11317,g000502,프롬나드,4.333333333333333,전북
11318,g000503,포레스트 리솜 해브나인스파,5.0,충북
11319,g000503,의림지,3.0,충북
11320,g000506,세종 호수공원,4.333333333333333,세종특별자치시
11321,g000506,동학사,5.0,충남
11322,g000507,도담삼봉,5.0,충북
11323,g000507,단양구경시장,3.6666666666666665,충북
11324,g000507,단양구경시장,4.0,충북
11325,g000507,고수동굴,4.0,충북
11326,g000508,산맥이 옛길,5.0,충북
11327,g000508,문광저수지,5.0,충북
11328,g000510,격포어촌계 회 센터 B동,4.0,전북
11329,g000510,부안누에타운,4.0,전북
11330,g000510,격포항,3.6666666666666665,전북
11331,g000515,한화생명 이글스 파크,4.333333333333333,대전
11332,g000515,성심당 본점,4.0,대전
11333,g000516,국립광주 박물관,4.333333333333333,광주
11334,g000516,광주시립미술관,5.0,광주
11335,g000516,5.18민주화운동 기록관,5.0,광주
11336,g000516,광주비엔날레,5.0,광주
11337,g000516,국립아시아문화전당,5.0,광주
11338,g000518,전주한옥마을,5.0,전북
11339,g000519,한밭수목원,5.0,대전
11340,g000519,엑스포과학공원 한빛탑,5.0,대전
11341,g000519,대전 오월드,5.0,대전
11342,g000520,예산 상설시장,5.0,충남
11343,g000520,추사 김정희 선생 고택,5.0,충남
11344,g000520,독립기념관,5.0,충남
11345,g000522,다누리 아쿠아리움,4.0,충북
11346,g000522,고수동굴,4.0,충북
11347,g000522,단양구경시장,5.0,충북
11348,g000532,석장리 박물관,2.6666666666666665,충남
11349,g000536,돈암서원,3.0,충남
11350,g000536,탑정저수지,3.0,충남
11351,g000536,관촉사 석조미륵보살입상,2.6666666666666665,충남
11352,g000536,천장화 출렁다리,3.0,충남
11353,g000536,공산성,3.0,충남
11354,g000536,마곡사,4.0,충남
11355,g000536,현충사,3.3333333333333335,충남
11356,g000540,아르떼 뮤지엄 여수,4.333333333333333,전남
11357,g000540,오동도,4.0,전남
11358,g000541,초원 사진관,3.3333333333333335,전북
11359,g000541,새만금 방조제 드라이브 코스,2.3333333333333335,전북
11360,g000541,선유도해수욕장,4.0,전북
11361,g000541,신시 1사거리,4.0,전북
11362,g000541,은파호수공원,3.3333333333333335,전북
11363,g000541,옛 군산세관,3.3333333333333335,전북
11364,g000541,신흥동 일본식 가옥,3.3333333333333335,전북
11365,g000544,한밭수목원,4.333333333333333,대전
11366,g000544,한밭수목원,5.0,대전
11367,g000544,유성온천공원 족욕체험장,3.3333333333333335,대전
11368,g000545,정부대전청사 숲 숲의 공원 A,3.0,대전
11369,g000545,한밭수목원,3.3333333333333335,대전
11370,g000545,한밭수목원,4.666666666666667,대전
11371,g000546,오천 그린광장,5.0,
11372,g000546,순천만 가든 마켓,5.0,전남
11373,g000546,청춘 창고,5.0,전남
11374,g000546,순천만 가든 마켓,5.0,전남
11375,g000546,순천만 국가정원,5.0,전남
11376,g000552,빛가람 전망대,3.3333333333333335,전남
11377,g000556,개화예술공원,3.3333333333333335,충남
11378,g000558,해미읍성,4.333333333333333,충남
11379,g000558,간월암,4.333333333333333,충남
11380,g000558,대천해수욕장,4.333333333333333,충남
11381,g000558,스플 라스 워터파크,4.0,충남
11382,g000558,삽교호 놀이공원,4.0,충남
11383,g000558,로드 195카페,5.0,충남
11384,g000560,마검포해수욕장,4.333333333333333,충남
11385,g000562,신두리 해수욕장,4.0,충남
11386,g000562,신두리 해안사구,4.333333333333333,충남
11387,g000562,만리포해수욕장,4.666666666666667,충남
11388,g000562,해미읍성,4.0,충남
11389,g000562,삼길포항,4.0,충남
11390,g000562,삽교호 바다공원,4.666666666666667,충남
11391,g000569,구드래나루터,4.0,충남
11392,g000569,궁남지,3.0,충남
11393,g000569,순천만 국가정원,4.0,전남
11394,g000569,천은사,3.0,전남
11395,g000570,스플 라스 워터파크,5.0,충남
11396,g000571,광한루원,4.0,전북
11397,g000571,여수세계박람회 스카이타워,4.0,전남
11398,g000571,여수 미남크루즈,4.0,전남
11399,g000571,향일암,4.0,전남
11400,g000571,여수 해상 케이블카,4.0,전남
11401,g000571,여수수산시장,4.0,전남
11402,g000572,천안박물관,4.0,충남
11403,g000577,보성 녹차밭,5.0,전남
11404,g000577,조선대학교,5.0,광주
11405,g000577,국립아시아문화전당,5.0,광주
11406,g000581,예당호 모노레일,5.0,충남
11407,g000581,예산 상설시장,3.0,충남
11408,g000581,수덕사,5.0,충남
11409,g000581,스플 라스 워터파크,4.0,충남
11410,g000582,보은 삼년산성,4.0,충북
11411,g000582,보은군 농경문화관,5.0,충북
11412,g000582,보은농협 하나로마트,4.0,충북
11413,g000585,태안 동부시장,3.0,충남
11414,g000590,초원 사진관,3.6666666666666665,전북
11415,g000590,국립생태원,5.0,충남
11416,g000592,한반도 지형 전망대,5.0,강원
11417,g000592,청령포 단종 유배지,5.0,강원
11418,g000592,단양구경시장,5.0,
11419,g000592,다누리 아쿠아리움,5.0,충북
11420,g000592,충주로 관광선 장회나루,5.0,충북
11421,g000602,군산근대화 거리,4.666666666666667,전북
11422,g000602,옛 군산세관,1.3333333333333333,전북
11423,g000602,동국사,4.333333333333333,전북
11424,g000604,탄금대,2.3333333333333335,충북
11425,g000604,중앙탑 사적공원,3.0,충북
11426,g000604,충주 박물관,2.3333333333333335,충북
11427,g000605,아쿠아플라넷 여수,4.666666666666667,전남
11428,g000605,이순신광장,4.0,전남
11429,g000605,하멜등대,3.6666666666666665,전남
11430,g000605,유월드 루지 테마파크,5.0,전남
11431,g000606,아쿠아플라넷 여수,4.0,전남
11432,g000607,포레스트 리솜 해브나인스파,4.0,충북
11433,g000607,의림지,2.3333333333333335,충북
11434,g000611,웅진백제역사관,3.6666666666666665,충남
11435,g000611,공산성,4.0,충남
11436,g000611,변산 마실 길 2코스(노루목 상사와 길),4.333333333333333,전북
11437,g000611,변산 마실 길 1코스(저 개미 패총기),3.6666666666666665,전북
11438,g000611,은파호수공원,3.6666666666666665,전북
11439,g000613,무량사,5.0,충남
11440,g000613,궁남지,4.0,충남
11441,g000613,롯데 아웃렛 부여점,3.0,충남
11442,g000614,전주한옥마을,3.6666666666666665,전북
11443,g000614,전주 남부시장 한옥마을 야시장,4.0,전북
11444,g000618,울돌목 스카이워크,5.0,전남
11445,g000618,정남진 장흥 토요시장,3.6666666666666665,전남
11446,g000622,채석강,5.0,전북
11447,g000622,격포해수욕장,5.0,전북
11448,g000624,국립아시아문화전당,5.0,광주
11449,g000624,광주 기아 챔피언 스피드,5.0,광주
11450,g000628,대천해수욕장,5.0,충남
11451,g000629,도담삼봉 관광지,3.6666666666666665,충북
11452,g000629,도담삼봉 단양 유람선 선착장,4.666666666666667,충북
11453,g000629,다누리 아쿠아리움,4.0,충북
11454,g000629,문경새재도립공원,4.333333333333333,경북
11455,g000636,웅도,4.333333333333333,충남
11456,g000637,격포해수욕장,4.0,전북
11457,g000637,내소사,5.0,전북
11458,g000638,지리산국립공원 백무동 탐방지원센터,5.0,경남
11459,g000638,지리산 천왕봉,5.0,경남
11460,g000638,메타세쿼이아 가로수길,5.0,전남
11461,g000638,담양 관방제림,5.0,전남
11462,g000638,담양 관방제림,5.0,전남
11463,g000638,메타세쿼이아 가로수길,5.0,전남
11464,g000638,웅천친수공원,5.0,전남
11465,g000638,선소대교,5.0,전남
11466,g000638,장도,5.0,전남
11467,g000639,경암동 철길마을,3.6666666666666665,전북
11468,g000639,선유도해수욕장,4.0,전북
11469,g000639,동국사,4.333333333333333,전북
11470,g000639,말랭이 마을,4.0,전북
11471,g000639,수호탑,4.0,전북
11472,g000639,옛 군산세관,4.0,전북
11473,g000639,군산근대 건축관,4.0,전북
11474,g000639,우체통 거리,3.0,전북
11475,g000639,초원 사진관,4.0,전북
11476,g000642,몽산포해수욕장,5.0,충남
11477,g000643,덕유산국립공원 탐방안내소,4.0,전북
11478,g000643,무주반딧불축제,4.333333333333333,전북
11479,g000643,무주 전통생활문화체험관,4.333333333333333,전북
11480,g000643,무주 한풍루,4.333333333333333,전북
11481,g000643,무주 한풍루,4.333333333333333,전북
11482,g000643,무주 전통생활문화체험관,4.0,전북
11483,g000648,곡성 세계장미축제,2.0,전남
11484,g000648,목포 스카이워크,5.0,전남
11485,g000648,메가박스 목포 하당,5.0,전남
11486,g000651,으능정이 문화의 거리,4.0,대전
11487,g000651,엑스포과학공원 한빛탑,5.0,대전
11488,g000651,롯데백화점 대전점,5.0,대전
11489,g000651,롯데백화점 대전점,3.6666666666666665,대전
11490,g000651,한밭수목원,4.333333333333333,대전
11491,g000651,한밭수목원,5.0,대전
11492,g000653,송광사,5.0,
11493,g000653,순천만 국가정원,5.0,전남
11494,g000654,대전 어린이 회관,5.0,대전
11495,g000654,엑스포과학공원 한빛탑,5.0,대전
11496,g000654,한밭수목원,5.0,대전
11497,g000654,둔산 선사유적지,5.0,대전
11498,g000654,대전중앙시장,5.0,대전
11499,g000654,유성온천공원 족욕체험장,5.0,대전
11500,g000654,국립 중앙과학관,5.0,대전
11501,g000657,대전 어린이 회관,4.666666666666667,대전
11502,g000657,대전 어린이 회관,5.0,대전
11503,g000657,한밭수목원,5.0,대전
11504,g000657,엑스포과학공원 한빛탑,3.0,대전
11505,g000657,대전 오월드,5.0,대전
11506,g000658,블랙스톤 벨포르 리조트,5.0,충북
11507,g000658,좌구산 명상 구름다리,5.0,충북
11508,g000665,전주동물원,5.0,전북
11509,g000670,노움 호텔,5.0,충북
11510,g000670,노움 호텔,5.0,충북
11511,g000672,우유 창고,4.0,충남
11512,g000672,보령 청보리밭,3.3333333333333335,충남
11513,g000672,대천해수욕장,4.0,충남
11514,g000672,부소산성,4.0,충남
11515,g000672,정림사지박물관 정림사지 5층 석탑,4.0,충남
11516,g000672,국립부여박물관,4.0,충남
11517,g000672,무령왕릉,2.0,충남
11518,g000672,롯데리조트 부여 아쿠아 가든,1.6666666666666667,충남
11519,g000672,궁남지,5.0,충남
11520,g000672,송정 그림책 마을,3.3333333333333335,충남
11521,g000675,베어트리 파크,3.6666666666666665,세종특별자치시
11522,g000678,월악산국립공원 제비봉 코스,5.0,충북
11523,g000678,수암골 전망대,4.0,충북
11524,g000678,롯데 아웃렛 청주점,3.0,충북
11525,g000678,옛 청주 역사공원,4.0,충북
11526,g000680,대둔산 금강구름다리,5.0,전북
11527,g000681,스플 라스 워터파크,5.0,충남
11528,g000685,부여 가림성,5.0,충남
11529,g000685,엑스포과학공원 한빛탑,3.3333333333333335,대전
11530,g000688,이순신광장,4.666666666666667,전남
11531,g000688,라마다플라자 바이 윈덤 여수 짚트랙,5.0,전남
11532,g000695,1913 송정역시장,4.333333333333333,광주
11533,g000696,성심당 본점,4.333333333333333,대전
11534,g000696,갤러리아백화점 타임월드점,4.0,대전
11535,g000697,순천만 국가정원,4.666666666666667,전남
11536,g000697,오천 그린광장,4.0,전남
11537,g000698,곡성 세계장미축제,5.0,전남
11538,g000699,한밭수목원,5.0,대전
11539,g000699,국립대전현충원,5.0,대전
11540,g000701,트레이더스 홀세일 클럽 천안아산점,4.333333333333333,충남
11541,g000702,국립 해양생물자원관,5.0,충남
11542,g000702,장항 스카이워크,5.0,
11543,g000702,국립생태원 에코리움,5.0,충남
11544,g000702,석정 휴 스파,5.0,전북
11545,g000702,고창읍성,5.0,전북
11546,g000702,선운산 생태숲,5.0,전북
11547,g000702,선운사,5.0,전북
11548,g000702,청녹원,4.0,전북
11549,g000703,순천만 국가정원,4.333333333333333,전남
11550,g000703,순천만습지,5.0,전남
11551,g000709,옛 군산세관,4.0,전북
11552,g000709,군산근대역사박물관,5.0,전북
11553,g000709,진포해양테마공원,4.0,전북
11554,g000709,선유도해수욕장,5.0,전북
11555,g000709,선유도항방파제등대,3.0,전북
11556,g000709,동국사,4.333333333333333,전북
11557,g000709,신흥동 일본식 가옥,1.3333333333333333,전북
11558,g000709,모어 앤 모어,4.0,전북
11559,g000709,초원 사진관,1.0,전북
11560,g000710,전주한옥마을,4.0,전북
11561,g000710,전주 덕진공원,4.0,전북
11562,g000710,오목대,4.0,전북
11563,g000710,전동성당,4.0,전북
11564,g000710,전주 남부시장 한옥마을 야시장,4.0,전북
11565,g000712,무주반딧불축제,4.333333333333333,전북
11566,g000712,등나무운동장,3.3333333333333335,전북
11567,g000712,등나무운동장,3.3333333333333335,전북
11568,g000712,덕유산국립공원,2.0,전북
11569,g000712,무주반딧불축제,2.3333333333333335,전북
11570,g000714,고수동굴,4.0,충북
11571,g000716,엑스포과학공원 한빛탑,5.0,대전
11572,g000716,삽교호,5.0,충남
11573,g000717,영남 용바위,5.0,전남
11574,g000719,각원사,5.0,충남
11575,g000719,온양온천랜드,5.0,충남
11576,g000722,국립공주 박물관,4.0,충남
11577,g000726,미르 섬,3.0,충남
11578,g000726,정안천 생태공원,3.3333333333333335,충남
11579,g000726,공주 산성시장,3.3333333333333335,충남
11580,g000726,박찬호 기념관,4.0,충남
11581,g000726,황새바위 성지,3.0,충남
11582,g000726,연미산 자연미술공원,3.3333333333333335,충남
11583,g000726,무령왕릉,4.0,충남
11584,g000726,국립공주 박물관,4.0,충남
11585,g000727,경천서 공원,5.0,경북
11586,g000729,소제동 철도관사촌,4.0,대전
11587,g000729,테마 오래,5.0,대전
11588,g000729,대전중앙시장,5.0,대전
11589,g000729,대전중앙시장,5.0,대전
11590,g000729,으능정이 스카이로드,3.0,대전
11591,g000729,성심당 문화원,4.0,대전
11592,g000729,으능정이 문화의 거리,3.0,대전
11593,g000729,트래블 라운지,4.666666666666667,대전
11594,g000730,소노벨 천안 오션 어드벤처,4.666666666666667,충남
11595,g000732,마이산 탑사,5.0,전북
11596,g000732,춘장대해수욕장,3.6666666666666665,충남
11597,g000732,국립생태원,5.0,충남
11598,g000732,장항 스카이워크,5.0,충남
11599,g000732,국립 해양생물자원관,5.0,충남
11600,g000732,서천특화시장,2.6666666666666665,충남
11601,g000732,전주한옥마을,3.3333333333333335,전북
11602,g000734,부안누에타운,3.6666666666666665,전북
11603,g000734,채석강,4.333333333333333,전북
11604,g000734,변산해수욕장,5.0,전북
11605,g000734,변산 마실 길 1코스(저 개미 패총기),5.0,전북
11606,g000734,한국농어촌공사 새만금 홍보관,5.0,전북
11607,g000735,삽교호관광지,5.0,충남
11608,g000735,하늘공원,3.0,
11609,g000743,산맥이 옛길,4.0,충북
11610,g000747,전주동물원,4.666666666666667,전북
11611,g000747,전주 덕진공원,5.0,전북
11612,g000754,아르떼 뮤지엄 여수,5.0,전남
11613,g000754,롯데마트 여수점,4.0,전남
11614,g000754,오동도,5.0,전남
11615,g000754,여수 해상 케이블카,5.0,전남
11616,g000754,장도,4.0,전남
11617,g000754,낭도,4.0,전남
11618,g000754,여수 낭만포차 거리,4.0,전남
11619,g000754,롯데마트 여수점,4.0,전남
11620,g000756,무등산 리프트 모노레일,3.3333333333333335,광주
11621,g000756,국립 5.18민주묘지,4.0,광주
11622,g000758,전주영화의 거리,5.0,전북
11623,g000758,전주한옥마을,2.0,전북
11624,g000769,유기방 가옥,3.0,충남
11625,g000769,마애 여래삼존상,3.0,충남
11626,g000769,해미읍성,4.666666666666667,충남
11627,g000770,공산성,5.0,충남
11628,g000770,무령왕릉,2.6666666666666665,충남
11629,g000773,단양구경시장,3.3333333333333335,충북
11630,g000775,전주 남부시장 한옥마을 야시장,5.0,전북
11631,g000775,전주동물원,5.0,전북
11632,g000775,러쉬실내카트장,3.0,전북
11633,g000776,순천만 국가정원,4.0,전남
11634,g000777,정남진 장흥 토요시장,3.0,전남
11635,g000779,이순신광장,5.0,전남
11636,g000779,피타 베이커스,5.0,전남
11637,g000779,웅천친수공원,5.0,전남
11638,g000781,보은 삼년산성,5.0,충북
11639,g000781,말티재 전망대,5.0,충북
11640,g000781,법주사,5.0,충북
11641,g000781,동학 농민혁명 기념공원,5.0,충북
11642,g000781,외암민속마을,5.0,충남
11643,g000781,현충사,5.0,충남
11644,g000782,사성암,5.0,전남
11645,g000782,광한루원,3.6666666666666665,전북
11646,g000784,목포 해상 케이블카 북항 승강장,4.0,전남
11647,g000785,롯데백화점 대전점,3.0,대전
11648,g000785,롯데백화점 대전점,3.0,대전
11649,g000786,스플 라스 워터파크,5.0,충남
11650,g000786,예산 상설시장,3.0,충남
11651,g000786,스플 라스 워터파크,5.0,충남
11652,g000788,정읍 허브원,5.0,전북
11653,g000788,박지도,5.0,전남
11654,g000788,반월도,5.0,전남
11655,g000788,백길해수욕장,4.0,전남
11656,g000789,청보리 창고,4.0,충남
11657,g000789,짚트랙 코리아,4.333333333333333,충남
11658,g000792,월류봉,5.0,충북
11659,g000792,영동 와인터널,4.0,충북
11660,g000792,천태산 영국사,4.0,충북
11661,g000794,블랙스톤 벨포르 리조트,5.0,충북
11662,g000804,국립 해양생물자원관,3.6666666666666665,충남
11663,g000804,상화원,3.6666666666666665,충남
11664,g000807,보은 우당 고택,2.3333333333333335,충북
11665,g000807,법주사,5.0,충북
11666,g000807,보은전통시장,3.0,충북
11667,g000807,속리산 테마파크 모노레일,2.3333333333333335,충북
11668,g000807,포레스트 리솜 해브나인스파,5.0,충북
11669,g000808,경암동 철길마을,5.0,
11670,g000808,마이산,5.0,
11671,g000809,예산 상설시장,4.0,충남
11672,g000809,수덕사,4.0,충남
11673,g000812,만성리 검은 모래해변,5.0,
11674,g000812,죽포항,3.0,전남
11675,g000815,파라다이스 스파 도고,5.0,충남
11676,g000818,나제통문,3.6666666666666665,전북
11677,g000818,구천동 계곡,5.0,전북
11678,g000819,선운사,5.0,전북
11679,g000820,국립생태원,5.0,충남
11680,g000820,국립 해양생물자원관,5.0,충남
11681,g000826,국립 익산 박물관,5.0,전북
11682,g000831,운림산방,4.0,전남
11683,g000831,명량 해상 케이블카,4.0,전남
11684,g000831,우수영 국민관광지,4.0,전남
11685,g000831,울돌목 스카이워크,4.0,전남
11686,g000832,변산해수욕장,5.0,전북
11687,g000832,곰소항 수산물 종합시장,5.0,전북
11688,g000834,국립 익산 박물관,4.0,전북
11689,g000834,익산 미륵사지,5.0,전북
11690,g000834,옥정호 붕어 섬 생태공원,5.0,전북
11691,g000836,라운지 OIC,3.3333333333333335,광주
11692,g000842,장항 스카이워크,5.0,충남
11693,g000848,속리산국립공원,5.0,충청북도
11694,g000848,포레포라,5.0,충북
11695,g000861,순천만 국가정원,4.333333333333333,전남
11696,g000861,북 전주농협 하나로마트 로컬푸드,4.0,전북
11697,g000862,국립생태원 하다란 놀이터,5.0,충남
11698,g000862,국립생태원 하다란 놀이터,5.0,충남
11699,g000864,노적봉,5.0,전남
11700,g000864,시화마을,3.0,전남
11701,g000864,목포 갓바위,3.0,전남
11702,g000864,목포근대역사관 1관,5.0,전남
11703,g000866,목포 해상 케이블카 북항 승강장,4.333333333333333,전남
11704,g000866,퍼프로 교,4.0,전남
11705,g000867,청해 포구 촬영장,5.0,전남
11706,g000867,공산성,5.0,충남
11707,g000867,공주한옥마을,5.0,충남
11708,g000869,국립공주 박물관,4.666666666666667,충남
11709,g000869,웅진백제역사관,3.6666666666666665,충남
11710,g000869,웅진백제역사관,3.0,충남
11711,g000869,공산성,5.0,충남
11712,g000869,미르 섬,3.3333333333333335,충남
11713,g000869,중동성당,4.0,충남
11714,g000875,의림지 파크랜드,3.6666666666666665,충북
11715,g000875,의림지 용추폭포 유리 전망대,4.666666666666667,충북
11716,g000875,의림지 역사박물관,5.0,충북
11717,g000875,포레스트 리솜 해브나인스파,5.0,충북
11718,g000875,의림지 역사박물관,5.0,충북
11719,g000880,천은사,5.0,전남
11720,g000880,쌍산재,5.0,전남
11721,g000880,배달 성전 삼성궁,5.0,
11722,g000881,간월암,5.0,충남
11723,g000881,유기방 가옥,3.0,충남
11724,g000883,대천항 수산시장,4.0,충남
11725,g000883,보령중앙시장,3.6666666666666665,충남
11726,g000883,우유 창고,5.0,충남
11727,g000883,청보리 창고,3.0,충남
11728,g000883,대천해수욕장,5.0,충남
11729,g000892,격포어촌계 회 센터 B동,4.0,전북
11730,g000892,채석강,5.0,전북
11731,g000892,격포해수욕장,5.0,전북
11732,g000892,소노벨 변산 오션 플레이,4.666666666666667,전북
11733,g000898,전주한옥마을,5.0,전북
11734,g000898,전주동물원,5.0,전북
11735,g000898,롯데백화점 전주점,5.0,전북
11736,g000899,진천 농다리,5.0,충북
11737,g000899,문의문화재 단지,5.0,충북
11738,g000901,유관순 열사 기념관,3.3333333333333335,충남
11739,g000901,파라다이스 스파 도고,2.6666666666666665,충남
11740,g000901,독립기념관,5.0,충남
11741,g000901,남선공원 종합체육관 스케이트장,5.0,대전
11742,g000901,유성온천공원 족욕체험장,5.0,대전
11743,g000902,미르 섬,4.333333333333333,충남
11744,g000902,공산성,4.0,충남
11745,g000902,공주 풀꽃 문학관,3.6666666666666665,충남
11746,g000906,벌천포해수욕장,5.0,충남
11747,g000906,삼길포항,5.0,충남
11748,g000906,황금산,5.0,충남
11749,g000906,마애 여래삼존상,5.0,충남
11750,g000906,해미읍성,5.0,충남
11751,g000906,서산중앙호수공원,5.0,충남
11752,g000907,장도,4.333333333333333,전남
11753,g000910,나바위 성지,4.666666666666667,전북
11754,g000910,치명자산 성지,3.6666666666666665,전북
11755,g000910,전주한옥마을,4.333333333333333,전북
11756,g000910,풍남문,4.0,전북
11757,g000910,전주한옥마을,5.0,전북
11758,g000910,전동성당,4.666666666666667,전북
11759,g000913,여수다,2.6666666666666665,전남
11760,g000913,이순신광장,4.0,전남
11761,g000913,아쿠아플라넷 여수,4.333333333333333,전남
11762,g000916,원조태평소국밥,5.0,대전
11763,g000916,한밭수목원,5.0,대전
11764,g000916,한밭수목원,4.0,대전
11765,g000917,오동도,3.6666666666666665,
11766,g000917,큰끝 등대,4.666666666666667,전남
11767,g000917,여수 낭만포차 거리,4.0,전남
11768,g000917,여수엑스포 컨벤션 센터,3.0,전남
11769,g000931,화엄사,5.0,전남
11770,g000931,섬진강 대나무 숲길,4.0,전남
11771,g000931,화개 장터,4.0,경남
11772,g000935,우암사적공원,4.333333333333333,대전
11773,g000935,식장산 해돋이 전망대,4.0,대전
11774,g000937,마이산,5.0,전북
11775,g000937,한밭수목원,5.0,대전
11776,g000937,유성온천공원 족욕체험장,5.0,대전
11777,g000938,순천만 국가정원,3.6666666666666665,전남
11778,g000939,한밭수목원,5.0,대전
11779,g000939,엑스포공원,4.0,대전
11780,g000940,지리산,5.0,경남
11781,g000940,지리산,5.0,경남
11782,g000940,지리산,5.0,경남
11783,g000940,지리산,5.0,경남
11784,g000943,춘장대해수욕장,3.3333333333333335,충남
11785,g000943,홍원항,3.0,충남
11786,g000943,춘장대해수욕장,3.3333333333333335,충남
11787,g000943,장항송림 산림욕장,3.3333333333333335,충남
11788,g000943,장항 스카이워크,3.3333333333333335,충남
11789,g000943,궁남지,3.3333333333333335,충남
11790,g000944,전주한옥마을,5.0,전북
11791,g000944,전주 난장,5.0,전북
11792,g000944,전주한옥마을,4.666666666666667,전북
11793,g000944,PNB 풍년제과 전주 본점,2.6666666666666665,전북
11794,g000944,전주한옥마을,4.0,전북
11795,g000945,전주 남부시장 청년몰,2.0,전북
11796,g000945,전동성당,4.0,전북
11797,g000945,전주한옥마을,4.0,전북
11798,g000945,한국도로공사 전주수목원,3.6666666666666665,전북
11799,g000946,박지도,4.0,전남
11800,g000947,군산근대역사박물관,4.0,전북
11801,g000947,초원 사진,2.6666666666666665,전북
11802,g000947,경암동 철길마을,3.0,전북
11803,g000947,일제강점기 군산역사관,3.0,전북
11804,g000949,전주동물원,4.333333333333333,전북
11805,g000949,전주한옥마을,4.0,전북
11806,g000949,전주 덕진공원,4.0,전북
11807,g000952,땅끝 모노레일,4.333333333333333,전남
11808,g000952,4est 수목원,3.6666666666666665,전남
11809,g000952,명량 해상 케이블카,4.0,전남
11810,g000952,우수영 국민관광지,2.0,전남
11811,g000952,울돌목 스카이워크,4.333333333333333,전남
11812,g000954,백길해수욕장,4.0,전남
11813,g000954,퍼프로 교,4.0,전남
11814,g000954,박지도,3.3333333333333335,전남
11815,g000954,반월도,3.3333333333333335,전남
11816,g000957,전라감영,4.0,전북
11817,g000957,한옥네컷,5.0,전북
11818,g000958,동학사,5.0,충남
11819,g000959,유월드 루지 테마파크,4.0,전남
11820,g000959,오동도,3.6666666666666665,전남
11821,g000959,롯데마트 여수점,4.0,전남
11822,g000959,여수 해양공원,4.0,전남
11823,g000959,향일암,3.0,전남
11824,g000959,고소동 벽화마을,3.0,전남
11825,g000959,롯데마트 여수점,4.0,전남
11826,g000959,순천만 국가정원,4.0,전남
11827,g000965,상무시민공원,5.0,광주
11828,g000965,5.18기념공원,5.0,광주
11829,g000965,5.18민주화운동 기록관,5.0,광주
11830,g000965,메타 프로방스,4.666666666666667,전남
11831,g000965,담양온천,5.0,전남
11832,g000967,원각사,4.0,
11833,g000967,의림지 역사박물관,3.3333333333333335,충북
11834,g000967,의림지 파크랜드,2.3333333333333335,충북
11835,g000967,의림지,4.0,충북
11836,g000972,목포 해상 케이블카 북항 승강장,2.6666666666666665,전남
11837,g000972,평화광장,4.333333333333333,전남
11838,g000972,퍼프로 교,3.3333333333333335,전남
11839,g000972,연희네 슈퍼,4.333333333333333,전남
11840,g000972,목포 갓바위,3.3333333333333335,전남
11841,g000974,공산성,5.0,충남
11842,g000974,웅진백제역사관,4.333333333333333,충남
11843,g000974,공산성,4.0,충남
11844,g000974,공주 메타세쿼이아숲길,5.0,충남
11845,g000974,국립공주 박물관,3.3333333333333335,충남
11846,g000976,공산성,4.0,충남
11847,g000976,연산 문화창고,5.0,충남
11848,g000976,금마 서동공원,5.0,전북
11849,g000976,국립세종수목원,5.0,세종특별자치시
11850,g000982,보령중앙시장,2.6666666666666665,충남
11851,g000982,무창포해수욕장,4.333333333333333,충남
11852,g000982,죽도 관광지,2.0,충남
11853,g000982,대천해수욕장,5.0,충남
11854,g000983,소노벨 천안 오션 어드벤처,4.0,충남
11855,g000985,영동체육관,5.0,충북
11856,g000985,과일나라 테마공원,5.0,충북
11857,g000985,영동체육관,5.0,충북
11858,g000986,대둔산 자연휴양림,5.0,충남
11859,g000987,변산해수욕장,4.666666666666667,전북
11860,g000987,채석강,3.6666666666666665,전북
11861,g000988,화순 고인돌 유적,1.6666666666666667,전남
11862,g000989,롯데마트 군산점,3.6666666666666665,전북
11863,g000989,신흥동 일본식 가옥,3.3333333333333335,전북
11864,g000989,선유도해수욕장,3.6666666666666665,전북
11865,g000989,신시 1사거리,5.0,전북
11866,g000991,남원시립 김병종 미술관,3.6666666666666665,전북
11867,g000991,광한루원,4.0,전북
11868,g000991,남원시립 김병종 미술관,4.0,전북
11869,g000992,함안 말이 산 고분군,5.0,경남
11870,g000992,함안 연꽃테마파크,3.3333333333333335,경남
11871,g000992,함안박물관,3.3333333333333335,경남
11872,g000992,무진장,2.6666666666666665,경남
11873,g000992,순천만 국가정원,3.6666666666666665,전남
11874,g000992,고하도 전망대,5.0,전남
11875,g000992,목포근대역사관 1관,5.0,전남
11876,g000992,목포근대역사관 2관,5.0,전남
11877,g000993,은파호수공원,5.0,전북
11878,g000993,선유도해수욕장,5.0,전북
11879,g000993,선유도,5.0,전북
11880,g000993,선유도,3.3333333333333335,전북
11881,g000996,국립세종수목원,5.0,세종특별자치시
11882,g000996,세종 호수공원,4.333333333333333,
11883,g000998,한밭수목원,4.666666666666667,대전
11884,g000998,대전천,4.0,
11885,g001000,전주 남부시장 한옥마을 야시장,3.3333333333333335,전북
11886,g001000,경기전,3.0,전북
11887,g001002,웅도 제1 이 두 교,4.0,
11888,g001002,웅도 제1 이 두 교,3.6666666666666665,
11889,g001003,갤러리아백화점 센터시티점,3.6666666666666665,충남
11890,g001003,모다 아웃렛 천안아산점,4.333333333333333,충남
11891,g001003,대전시립 박물관,4.333333333333333,대전
11892,g001003,유성 5일장,5.0,
11893,g001004,청녹원,5.0,전북
11894,g001004,반월도,5.0,전남
11895,g001004,퍼프로 교,5.0,전남
11896,g001004,박지도,5.0,전남
11897,g001004,큰끝 등대,4.0,전남
11898,g001004,오동도,4.0,전남
11899,g001004,여수 해상 케이블카,5.0,전남
11900,g001004,여수 낭만포차 거리,5.0,전남
11901,g001006,한밭수목원,4.0,대전
11902,g001008,벌교 금융조합,4.0,전남
11903,g001011,태안서 부시장,3.0,충남
11904,g001014,고소동 벽화마을,2.3333333333333335,전남
11905,g001014,여수 낭만포차 거리,3.3333333333333335,전남
11906,g001014,아쿠아플라넷 여수,3.0,전남
11907,g001014,아쿠아플라넷 여수,3.3333333333333335,전남
11908,g001014,이순신광장,3.3333333333333335,전남
11909,g001014,돌산공원,3.0,전남
11910,g001014,여수 해양공원,3.0,전남
11911,g001014,하멜등대,3.0,전남
11912,g001016,성심당 문화원,3.6666666666666665,대전
11913,g001019,대전 오월드,3.0,대전
11914,g001022,계룡스파텔 대온천 탕,5.0,대전
11915,g001022,엑스포과학공원 한빛탑,5.0,대전
11916,g001022,대청호,5.0,충북
11917,g001026,예산 상설시장,3.3333333333333335,충남
11918,g001028,배티성지,4.0,충북
11919,g001028,진천 농다리,4.0,충북
11920,g001033,전주 남부시장 한옥마을 야시장,5.0,
11921,g001033,경기전,5.0,전북
11922,g001033,전주한옥마을,5.0,전북
11923,g001033,전주한옥마을,5.0,전북
11924,g001033,라이엘 모자 박물관,5.0,전북
11925,g001033,한국도로공사 전주수목원,5.0,전북
11926,g001035,롯데 아웃렛 청주점,4.0,충북
11927,g001038,전주동물원,3.6666666666666665,전북
11928,g001038,롯데몰 군산점,5.0,전북
11929,g001039,청풍정,4.333333333333333,충북
11930,g001040,초원 사진관,3.0,전북
11931,g001040,신흥동 일본식 가옥,3.0,전북
11932,g001040,옛 군산세관,3.6666666666666665,전북
11933,g001040,경암동 철길마을,3.6666666666666665,전북
11934,g001040,선유도해수욕장,3.0,전북
11935,g001041,군산근대역사박물관,4.0,전북
11936,g001041,테디베어뮤지엄 군산점,5.0,전북
11937,g001046,한밭수목원,4.0,대전
11938,g001046,한밭수목원,4.0,대전
11939,g001047,전주한옥마을,5.0,전북
11940,g001047,경기전,4.0,전북
11941,g001047,전주한옥마을,5.0,전북
11942,g001047,한국도로공사 전주수목원,4.666666666666667,전북
11943,g001048,지중해마을,2.6666666666666665,충남
11944,g001048,파라다이스 스파 도고,4.333333333333333,충남
11945,g001048,삽교호 놀이공원,4.0,충남
11946,g001050,국립세종수목원,5.0,세종특별자치시
11947,g001051,선암사,5.0,전남
11948,g001051,낙안읍성 민속마을,5.0,전남
11949,g001052,천안중앙시장,4.0,충남
11950,g001052,신세계백화점 천안아산점,3.6666666666666665,충남
11951,g001052,아라리오갤러리 천안,4.0,충남
11952,g001053,곡성 세계장미축제,4.666666666666667,전남
11953,g001053,침실 습지,3.3333333333333335,전남
11954,g001056,소노벨 천안 오션 어드벤처,5.0,충남
11955,g001056,독립기념관,5.0,충남
11956,g001063,엑스포과학공원 한빛탑,2.6666666666666665,대전
11957,g001063,국립 중앙과학관,3.6666666666666665,대전
11958,g001068,단양구경시장,4.0,충북
11959,g001068,카페 산,4.0,충북
11960,g001070,우림 정원,3.0,충북
11961,g001076,초원 사진관,4.333333333333333,전북
11962,g001076,말랭이 마을,3.3333333333333335,전북
11963,g001076,신흥 도시숲공원,3.0,전북
11964,g001076,군산 월명공원,3.3333333333333335,전북
11965,g001076,여수 해상 케이블카 자산 정류장,5.0,전남
11966,g001076,하멜등대,4.0,전남
11967,g001076,만성리 검은 모래해변,4.666666666666667,전남
11968,g001076,꽃지해수욕장,3.6666666666666665,충남
11969,g001076,신두리 해안사구,5.0,충남
11970,g001076,경기도 민물고기생태학습관,4.0,경기
11971,g001077,이마트 서산점,4.0,충남
11972,g001077,만리포해수욕장,5.0,충남
11973,g001081,화엄사,5.0,전남
11974,g001081,천은사,5.0,전남
11975,g001081,광한루원,5.0,전북
11976,g001083,무주 반디랜드,4.0,전북
11977,g001083,무주반딧불축제,5.0,전북
11978,g001083,등나무운동장,5.0,전북
11979,g001083,무주반딧불축제,4.0,전북
11980,g001083,등나무운동장,5.0,전북
11981,g001083,무주반딧불축제,4.666666666666667,전북
11982,g001086,국립공주 박물관,4.666666666666667,충남
11983,g001086,웅진백제역사관,4.0,충남
11984,g001086,웅진백제역사관,5.0,충남
11985,g001086,공주 정기산 백제 유적,4.0,충남
11986,g001086,황새바위 성지,4.0,충남
11987,g001086,공산성,5.0,충남
11988,g001086,공주 산성시장 문화공원,5.0,충남
11989,g001086,충청남도 역사박물관,4.0,충남
11990,g001086,중동성당,5.0,충남
11991,g001086,공주 독립운동 기념관,5.0,충남
11992,g001086,공주 풀꽃 문학관,4.0,충남
11993,g001086,미르 섬,5.0,충남
11994,g001095,한화생명 이글스 파크,4.0,대전
11995,g001100,세종 호수공원,4.0,세종특별자치시
11996,g001100,홈플러스 세종점,4.0,세종특별자치시
11997,g001103,엑스포과학공원 한빛탑,3.3333333333333335,대전
11998,g001103,엑스포과학공원 한빛탑,5.0,대전
11999,g001104,대천항 수산시장,4.666666666666667,충남
12000,g001104,S 마트,4.0,충남
12001,g001104,대천해수욕장,5.0,충남
12002,g001106,공주 메타세쿼이아숲길,3.6666666666666665,충남
12003,g001106,제민천,5.0,충남
12004,g001109,파라다이스 스파 도고,5.0,충남
12005,g001109,지중해마을,5.0,충남
12006,g001111,포레스트 리솜 해브나인스파,5.0,충북
12007,g001112,장도,5.0,전남
12008,g001113,성심당 DCC점,5.0,대전
12009,g001113,한밭수목원,5.0,대전
12010,g001114,국립대전현충원,5.0,대전
12011,g001114,엑스포과학공원 한빛탑,5.0,대전
12012,g001114,엑스포과학공원 한빛탑,5.0,대전
12013,g001114,예산 상설시장,5.0,충남
12014,g001118,국립아시아문화전당,3.6666666666666665,광주
12015,g001118,국립아시아문화전당,5.0,광주
12016,g001118,1913 송정역시장,4.333333333333333,광주
12017,g001124,박찬호 기념관,4.333333333333333,충남
12018,g001124,황새바위 성지,4.333333333333333,충남
12019,g001124,은강교,4.0,충남
12020,g001124,공산성,4.0,충남
12021,g001124,웅진백제역사관,4.333333333333333,충남
12022,g001124,국립공주 박물관,5.0,충남
12023,g001124,나태주 골목길,5.0,충남
12024,g001132,패러 이야기,5.0,
12025,g001132,고수동굴,5.0,충북
12026,g001132,단양구경시장,5.0,충북
12027,g001132,구인사,5.0,충북
12028,g001132,도담삼봉,5.0,충북
12029,g001133,전주한옥마을,5.0,전북
12030,g001135,목포근대역사관 1관,4.0,전남
12031,g001135,목포근대역사관 2관,4.0,전남
12032,g001135,목포 갓바위,5.0,전남
12033,g001135,평화광장,5.0,전남
12034,g001136,천태산 영국사,5.0,충북
12035,g001138,말티재 전망대,5.0,충북
12036,g001138,법주사,5.0,충북
12037,g001144,상당산성,5.0,충북
12038,g001147,전주한옥마을,5.0,전북
12039,g001147,기지 제수변공원,5.0,전북
12040,g001147,남부시장 주차장,5.0,전북
12041,g001147,자만 벽화마을,5.0,전북
12042,g001151,송호관광지,5.0,충북
12043,g001151,천태산 영국사,4.0,충북
12044,g001154,말티재 전망대,3.6666666666666665,충북
12045,g001154,법주사,4.333333333333333,충북
12046,g001164,선유도해수욕장,3.3333333333333335,전북
12047,g001164,장자도,3.6666666666666665,전북
12048,g001164,은파호수공원,5.0,전북
12049,g001164,은파호수공원,5.0,전북
12050,g001164,진포해양테마공원,3.6666666666666665,전북
12051,g001166,국립세종수목원,4.0,세종특별자치시
12052,g001166,세종 호수공원,4.0,세종특별자치시
12053,g001169,수생식물학습원,5.0,충북
12054,g001169,부소담악,4.0,충북
12055,g001169,옥천향교,3.0,충북
12056,g001169,육영수 생가,3.3333333333333335,충북
12057,g001169,옥천성당,5.0,충북
12058,g001169,정지용 문학관,5.0,충북
12059,g001169,청남대,2.3333333333333335,충북
12060,g001171,함평자연 생태공원,4.333333333333333,전남
12061,g001173,AK플라자 수원,4.0,경기
12062,g001173,용봉산 자연휴양림,4.333333333333333,충남
12063,g001187,장성호 수변 트레킹 길,5.0,전남
12064,g001189,목포근대역사관 1관,4.0,전남
12065,g001189,연희네 슈퍼,3.3333333333333335,전남
12066,g001189,김대중노벨평화상 기념관,2.6666666666666665,전남
12067,g001189,국립 해양문화재연구소 목포해양유물전시관,5.0,전남
12068,g001189,목포 갓바위,4.666666666666667,전남
12069,g001189,목포자연사박물관,5.0,전남
12070,g001191,비로봉,5.0,충북
12071,g001194,국립현대미술관 청주,4.0,충북
12072,g001194,문화 제조창 본관,2.0,충북
12073,g001194,수암골,3.3333333333333335,충북
12074,g001194,육거리종합시장,5.0,충북
12075,g001196,팔복 예술공장,5.0,전북
12076,g001196,전주한옥마을,4.0,전북
12077,g001196,전동성당,4.0,전북
12078,g001196,전주 남부시장 한옥마을 야시장,4.0,전북
12079,g001196,오목대,4.0,전북
12080,g001196,남천교,4.0,전북
12081,g001196,국립무형 유산원,5.0,전북
12082,g001196,한벽당,4.0,전북
12083,g001196,자만 벽화마을,4.0,전북
12084,g001196,전주 덕진공원,5.0,전북
12085,g001197,초원 사진관,4.0,전북
12086,g001199,녹동바다불꽃축제,4.0,전남
12087,g001200,사인암,5.0,충북
12088,g001200,고수동굴,3.6666666666666665,충북
12089,g001203,순천 조례호수공원,5.0,전남
12090,g001203,순천만 국가정원,5.0,전남
12091,g001203,순천만 국가정원,5.0,전남
12092,g001204,세종 호수공원,4.0,세종특별자치시
12093,g001206,아르떼 뮤지엄 여수,3.6666666666666665,전남
12094,g001206,오동도,4.333333333333333,전남
12095,g001206,이순신공원,5.0,전남
12096,g001206,이순신공원,4.666666666666667,전남
12097,g001206,진남관 (24년 말 예정),3.3333333333333335,전남
12098,g001206,고소동 천사벽화골목,2.6666666666666665,전남
12099,g001206,이순신광장,2.6666666666666665,전남
12100,g001208,포레스트 리솜 해브나인스파,3.3333333333333335,충북
12101,g001208,의림지,4.666666666666667,충북
12102,g001209,백제문화 단지,4.0,충남
12103,g001209,구드래나루터,3.0,충남
12104,g001209,국립부여박물관,4.0,충남
12105,g001209,궁남지,4.0,충남
12106,g001219,불갑사,5.0,전남
12107,g001221,대전 오월드,5.0,대전
12108,g001222,해어름,5.0,충남
12109,g001223,지리산 허브밸리,4.0,전라북도
12110,g001223,춘향테마파크,4.0,전북
12111,g001224,에버랜드,2.6666666666666665,경기
12112,g001224,두정 먹자골목,3.3333333333333335,충남
12113,g001224,천호 저수지,2.6666666666666665,충남
12114,g001230,태안서 부시장,3.3333333333333335,충남
12115,g001231,고수동굴,3.3333333333333335,충북
12116,g001231,다누리 아쿠아리움,4.666666666666667,충북
12117,g001231,단양구경시장,5.0,충북
12118,g001231,충주 박물관,5.0,충북
12119,g001233,베어트리 파크,3.0,세종특별자치시
12120,g001233,국립현대미술관 청주,4.0,충북
12121,g001233,국립 중앙과학관,5.0,대전
12122,g001235,군산근대화 거리,3.3333333333333335,전북
12123,g001235,장항 스카이워크,3.6666666666666665,충남
12124,g001235,대천해수욕장,5.0,충남
12125,g001237,담양 관방제림,4.333333333333333,전남
12126,g001243,롯데 아웃렛 광주 월드컵점,5.0,광주
12127,g001243,풍암저수지,5.0,광주
12128,g001243,조선대학교,5.0,광주
12129,g001250,파도리해수욕장,4.0,충남
12130,g001256,금산사,3.0,전북
12131,g001257,꽃지해수욕장,4.333333333333333,충남
12132,g001258,죽녹원,5.0,전남
12133,g001258,딜라이트 담양,5.0,전남
12134,g001258,전주한옥마을,5.0,전북
12135,g001261,백수해안도로,4.666666666666667,전남
12136,g001272,광주비엔날레,5.0,광주
12137,g001272,광주역사민속박물관,2.0,광주
12138,g001272,국립 5.18민주묘지,5.0,광주
12139,g001272,광주호호수생태원,4.333333333333333,광주
12140,g001272,1913 송정역시장,3.3333333333333335,광주
12141,g001273,개화예술공원,3.6666666666666665,충남
12142,g001273,보령석탄 박물관,4.0,충남
12143,g001276,말티재,5.0,충북
12144,g001276,솔향공원 스카이 바이크,5.0,충북
12145,g001280,돌문어 상회,2.0,전남
12146,g001280,큰끝 등대,5.0,전남
12147,g001280,무슬목해수욕장,3.3333333333333335,전남
12148,g001289,송호관광지,5.0,충북
12149,g001289,송호관광지,5.0,충북
12150,g001290,옥녀봉,4.0,충남
12151,g001290,나바위 성지,4.0,전북
12152,g001291,순천만 국가정원,4.0,전남
12153,g001291,순천만습지,4.0,전남
12154,g001293,중앙탑공원 중원 탑평리 7층 석탑,4.0,충북
12155,g001293,충주 박물관,4.0,충북
12156,g001293,충주고구려비전시관,4.0,충북
12157,g001293,충주 무학시장,3.3333333333333335,충북
12158,g001296,라운지 OIC,3.6666666666666665,광주
12159,g001296,국립아시아문화전당,3.0,광주
12160,g001296,숨바꼭질,2.6666666666666665,광주
12161,g001297,신세계백화점 광주신세계점,4.666666666666667,광주
12162,g001297,이마트 광주점,5.0,광주
12163,g001299,꽃지해수욕장,3.6666666666666665,충남
12164,g001299,코리안 플라워파크,3.3333333333333335,충남
12165,g001300,청풍 호반 케이블카 물태리역,5.0,충북
12166,g001300,만천하 스카이워크,5.0,충북
12167,g001300,도담삼봉 관광지,3.0,충북
12168,g001301,전주한옥마을,3.3333333333333335,전북
12169,g001301,전주 덕진공원,5.0,전북
12170,g001305,갤러리아백화점 타임월드점,3.6666666666666665,대전
12171,g001305,유성 5일장,5.0,
12172,g001309,아르떼 뮤지엄 여수,5.0,전남
12173,g001309,하멜등대,3.3333333333333335,전남
12174,g001309,만성리 검은 모래해변,4.333333333333333,전남
12175,g001313,한화생명 이글스 파크,5.0,대전
12176,g001313,한화생명 이글스 파크,5.0,대전
12177,g001315,한화생명 이글스 파크,5.0,대전
12178,g001315,유림공원,3.0,대전
12179,g001315,엑스포과학공원 한빛탑,2.6666666666666665,대전
12180,g001315,국립 중앙과학관,3.6666666666666665,대전
12181,g001319,아미 미술관,5.0,충남
12182,g001320,부여 가림성,4.0,충남
12183,g001320,금강신관공원,4.0,충남
12184,g001320,공산성,3.6666666666666665,충남
12185,g001322,예산 상설시장,3.6666666666666665,충남
12186,g001322,예당호 출렁다리,2.3333333333333335,충남
12187,g001323,공세리성당,4.0,충남
12188,g001323,외암민속마을,3.0,충남
12189,g001329,옛 청주 역사공원,4.333333333333333,충북
12190,g001338,한밭수목원,4.333333333333333,대전
12191,g001338,한밭수목원,4.0,대전
12192,g001338,한밭수목원,4.666666666666667,대전
12193,g001343,LF 스퀘어 광양점,4.333333333333333,전남
12194,g001344,선암사,5.0,전남
12195,g001346,춘장대해수욕장,5.0,충남
12196,g001346,춘장대해수욕장,5.0,충남
12197,g001346,춘장대해수욕장,5.0,충남
12198,g001346,국립 해양생물자원관,5.0,충남
12199,g001346,장항 스카이워크,5.0,충남
12200,g001346,국립 해양생물자원관,5.0,충남
12201,g001350,청주랜드,3.3333333333333335,충북
12202,g001350,좌구산 명상 구름다리,5.0,충북
12203,g001352,한국도로공사 전주수목원,5.0,전북
12204,g001352,동고사,3.0,전북
12205,g001352,전주한옥마을,3.6666666666666665,전북
12206,g001353,옛 청주 역사공원,3.6666666666666665,충북
12207,g001353,발산공원,3.0,충북
12208,g001364,보령 청보리밭,4.0,충남
12209,g001364,안면도수산시장,5.0,충남
12210,g001371,다누리 아쿠아리움,5.0,충북
12211,g001371,단양구경시장,4.0,충북
12212,g001374,금호 화순리조트 아쿠아나,5.0,전남
12213,g001381,태안서 부시장,2.3333333333333335,충남
12214,g001383,5.18민주광장,3.3333333333333335,광주
12215,g001386,청녹원,4.0,전북
12216,g001386,선운사,5.0,전북
12217,g001386,금호 화순리조트 아쿠아나,5.0,전남
12218,g001388,포리 뉴,5.0,충남
12219,g001390,중앙로 지하상가,3.6666666666666665,대전
12220,g001390,테마공원,3.0,대전
12221,g001390,보문산,4.0,대전
12222,g001390,보문산,4.0,대전
12223,g001390,한밭수목원,5.0,대전
12224,g001556,단양구경시장,5.0,충북
12225,g001563,천안중앙시장,4.0,충남
12226,g001563,트레이더스 홀세일 클럽 천안아산점,4.333333333333333,충남
12227,g001564,대전 오월드,4.333333333333333,대전
12228,g001564,한밭수목원,5.0,대전
12229,g001564,엑스포과학공원 한빛탑,3.0,대전
12230,g001564,엑스포과학공원 한빛탑,3.6666666666666665,대전
12231,g001565,국립부여박물관,5.0,충남
12232,g001565,정림사지박물관 정림사지 5층 석탑,5.0,충남
12233,g001566,예당호 출렁다리,4.0,충남
12234,g001566,외암민속마을,5.0,충남
12235,g001567,충주 라바 랜드,4.0,충북
12236,g001575,청포대해수욕장,5.0,충남
12237,g001575,안면도 쥐라기 공원,5.0,충남
12238,g001576,한밭수목원,4.0,대전
12239,g001576,한밭수목원,5.0,대전
12240,g001576,테마 오래,5.0,대전
12241,g001576,성심당 본점,5.0,대전
12242,g001580,경암동 철길마을,4.666666666666667,전북
12243,g001580,초원 사진관,5.0,전북
12244,g001580,한인옥,5.0,전북
12245,g001584,파라다이스 스파 도고,3.0,충남
12246,g001587,엑스포과학공원 한빛탑,5.0,대전
12247,g001587,엑스포과학공원 한빛탑,2.6666666666666665,대전
12248,g001587,으능정이 문화의 거리,3.0,대전
12249,g001587,소제동 카페거리,4.0,
12250,g001587,롯데백화점 대전점,3.0,대전
12251,g001587,중앙로 지하상가,3.0,대전
12252,g001590,고소동 천사벽화골목,4.333333333333333,전남
12253,g001590,진남관 (24년 말 예정),3.3333333333333335,전남
12254,g001590,소호동 동다리,5.0,전남
12255,g001590,소호동 동다리,5.0,전남
12256,g001590,선소대교,5.0,전남
12257,g001590,장도,5.0,전남
12258,g001598,국립공주 박물관,3.0,충남
12259,g001598,국립 해양생물자원관,3.0,충남
12260,g001598,서천특화시장,5.0,충남
12261,g001599,좌구산 명상 구름다리,3.6666666666666665,충북
12262,g001599,블랙스톤 벨포르 리조트,2.3333333333333335,충북
12263,g001599,블랙스톤 벨포르 리조트 익스트림 루지,4.666666666666667,충북
12264,g001603,신흥동 일본식 가옥,3.6666666666666665,전북
12265,g001606,백제문화체험 박물관,5.0,충남
12266,g001611,공산성,4.0,충남
12267,g001611,미르 섬,4.333333333333333,충남
12268,g001612,율포해수욕장,5.0,전남
12269,g001614,육거리종합시장,5.0,충북
12270,g001614,상당산성,5.0,충북
12271,g001615,동부창고,3.0,충북
12272,g001619,의림지,5.0,충북
12273,g001623,보림사,5.0,전남
12274,g001625,육거리종합시장,4.0,충북
12275,g001627,수생식물학습원,4.666666666666667,충북
12276,g001630,천리포수목원,4.666666666666667,충남
12277,g001630,천리포수목원,5.0,충남
12278,g001630,만리포해수욕장,5.0,충남
12279,g001630,청포대해수욕장,4.0,충남
12280,g001640,대천해수욕장,4.0,충남
12281,g001644,미르 섬,5.0,충남
12282,g001644,미르 섬,5.0,충남
12283,g001644,공산성,5.0,충남
12284,g001644,공주 산성시장,5.0,충남
12285,g001644,동학사계곡,5.0,충남
12286,g001645,채석강,5.0,전북
12287,g001646,국립대전현충원,4.333333333333333,대전
12288,g001648,펭귄 마을,4.333333333333333,광주
12289,g001651,보령 청보리밭,4.0,충남
12290,g001651,충청수영성,4.666666666666667,충남
12291,g001651,상화원,3.6666666666666665,충남
12292,g001651,제천비행장,5.0,충북
12293,g001652,광주비엔날레,3.0,광주
12294,g001656,성심당 문화원,5.0,대전
12295,g001656,한화생명 이글스 파크,5.0,대전
12296,g001656,엑스포과학공원 한빛탑,5.0,대전
12297,g001662,결초보은 시장,3.3333333333333335,충북
12298,g001665,느러니 전망대,5.0,전남
12299,g001668,꽃지해수욕장,5.0,충남
12300,g001669,청남대,4.333333333333333,충북
12301,g001669,대청댐 전망대,3.0,충북
12302,g001673,청은 루,4.333333333333333,전북
12303,g001673,최명희문학관,4.0,전북
12304,g001674,블랙스톤 벨포르 리조트,5.0,충북
12305,g001674,블랙스톤 벨포르 리조트,3.3333333333333335,충북
12306,g001674,블랙스톤 벨포르 리조트,4.0,충북
12307,g001674,블랙스톤 벨포르 리조트,5.0,충북
12308,g001677,대천해수욕장,5.0,충남
12309,g001677,보령머드테마파크,5.0,충남
12310,g001678,군산근대역사박물관,3.0,전북
12311,g001678,경암동 철길마을,3.0,전북
12312,g001678,동국사,3.0,전북
12313,g001678,은파호수공원,3.6666666666666665,전북
12314,g001679,송광사,5.0,전북
12315,g001681,큰끝 등대,5.0,전남
12316,g001681,오동도,5.0,전남
12317,g001681,하멜등대,5.0,전남
12318,g001684,예당호 출렁다리,4.666666666666667,충남
12319,g001684,봉수산 자연휴양림,5.0,충남
12320,g001684,예산 상설시장,3.3333333333333335,충남
12321,g001686,미르 섬,4.333333333333333,충남
12322,g001689,모악산,5.0,전북
12323,g001690,은파호수공원,4.0,전북
12324,g001690,국립 신시도 자연휴양림,3.6666666666666665,전북
12325,g001692,청풍 호반 케이블카 물태리역,5.0,충북
12326,g001692,청풍문화재 단지,4.0,충북
12327,g001692,의림지,4.0,충북
12328,g001693,모악산,5.0,전북
12329,g001694,속 동전망대,3.6666666666666665,충남
12330,g001695,충주고구려비전시관,5.0,충북
12331,g001695,중원문화길 2코스(역사 문화길),5.0,충북
12332,g001695,충주 박물관,4.0,충북
12333,g001695,중앙탑공원 중원 탑평리 7층 석탑,5.0,충북
12334,g001695,탄금대,3.6666666666666665,충북
12335,g001697,함평군 양서 파충류 생태공원,4.0,전남
12336,g001697,영광 칠산 다워,4.0,전남
12337,g001697,박지도,4.0,전남
12338,g001698,죽녹원,3.6666666666666665,전남
12339,g001698,담양 관방제림,3.3333333333333335,전남
12340,g001700,덕유산국립공원,5.0,전북
12341,g001700,구천동 계곡,5.0,전북
12342,g001701,무주반딧불축제,4.0,전북
12343,g001701,구천동 계곡,4.0,전북
12344,g001701,나제통문,3.3333333333333335,전북
12345,g001702,웅진백제역사관,4.0,충남
12346,g001702,국립공주 박물관,4.666666666666667,충남
12347,g001702,공산성,4.0,충남
12348,g001702,미르 섬,4.666666666666667,충남
12349,g001702,공주 산성시장 문화공원,4.333333333333333,충남
12350,g001702,연미산 자연미술공원,3.6666666666666665,충남
12351,g001702,신세계백화점 천안아산점,4.666666666666667,충남
12352,g001703,한화생명 이글스 파크,5.0,대전
12353,g001703,대전중앙시장,5.0,대전
12354,g001703,성심당 케이크 부티크,3.0,대전
12355,g001704,수옥 폭포,5.0,충북
12356,g001704,세종전통시장,5.0,세종특별자치시
12357,g001704,홈플러스 세종점,3.3333333333333335,세종특별자치시
12358,g001704,유니클로 세종 파이낸스센터점,4.0,세종특별자치시
12359,g001708,엑스포과학공원 한빛탑,4.0,대전
12360,g001710,광주 기아 챔피언 스피드,5.0,광주
12361,g001710,국립아시아문화전당,5.0,광주
12362,g001710,광주비엔날레,5.0,광주
12363,g001715,공산성,5.0,충남
12364,g001715,공주 산성시장,5.0,충남
12365,g001715,부자 떡집,5.0,충남
12366,g001716,초원 사진관,5.0,전북
12367,g001716,군산근대미술관,3.6666666666666665,전북
12368,g001716,동국사,4.0,전북
12369,g001718,이순신광장,4.0,전남
12370,g001718,고소동 벽화마을,2.3333333333333335,전남
12371,g001718,이순신광장,5.0,전남
12372,g001721,마이산,4.0,전북
12373,g001722,엑스포다리,5.0,대전
12374,g001722,둔산 선사유적지,4.0,대전
12375,g001724,변산해수욕장,5.0,전북
12376,g001724,변산 마실 길 1코스(저 개미 패총기),5.0,전북
12377,g001724,채석강,5.0,전북
12378,g001734,으능정이 스카이로드,3.3333333333333335,대전
12379,g001734,테마 오래,4.0,대전
12380,g001734,소제동 철도관사촌,4.0,대전
12381,g001734,대전중앙시장,4.0,대전
12382,g001734,우암사적공원,4.333333333333333,대전
12383,g001734,대동 하늘공원,4.0,대전
12384,g001734,으능정이 스카이로드,4.0,대전
12385,g001740,좌수영 음식문화거리,3.3333333333333335,전남
12386,g001740,이순신광장,4.0,전남
12387,g001741,순천만 국가정원,4.333333333333333,전남
12388,g001741,순천만 국가정원,5.0,전남
12389,g001741,순천만습지 순천만 갈대 군락지,5.0,전남
12390,g001743,세종 호수공원,5.0,세종특별자치시
12391,g001755,보은 삼년산성,3.3333333333333335,충북
12392,g001755,정이품송,5.0,충북
12393,g001755,말티재 전망대,5.0,충북
12394,g001761,도담삼봉 관광지,4.333333333333333,충북
12395,g001761,단양구경시장,5.0,충북
12396,g001761,장미터널,5.0,충북
12397,g001761,사인암,4.333333333333333,충북
12398,g001761,하선암,4.333333333333333,충북
12399,g001761,의림지 용추폭포 유리 전망대,3.6666666666666665,충북
12400,g001763,변산해수욕장,3.6666666666666665,전북
12401,g001764,전주한옥마을,5.0,전북
12402,g001764,치명자산 성지,5.0,전북
12403,g001765,사성암,4.666666666666667,전남
12404,g001765,천은사,5.0,전남
12405,g001765,구례 수목원,3.3333333333333335,전남
12406,g001765,곡성 섬진강 기차마을,5.0,전남
12407,g001765,침실 습지,1.6666666666666667,전남
12408,g001768,대전 어린이 회관,5.0,대전
12409,g001768,지중해마을,5.0,충남
12410,g001768,장영실 과학관,5.0,충남
12411,g001779,광주비엔날레,5.0,광주
12412,g001779,국립아시아문화전당,5.0,광주
12413,g001779,호랑가시나무 아트 폴리곤,3.0,광주
12414,g001779,동곡 미술관,4.0,광주
12415,g001780,보림사,4.0,전남
12416,g001780,전라남도 산림자원연구소,4.0,전남
12417,g001786,경암동 철길마을,2.6666666666666665,전북
12418,g001786,진포해양테마공원,3.3333333333333335,전북
12419,g001786,군산근대역사박물관,3.3333333333333335,전북
12420,g001786,장항 스카이워크,3.3333333333333335,충남
12421,g001789,신세계백화점 천안아산점,5.0,충남
12422,g001789,독립기념관,5.0,충남
12423,g001789,뚜쥬루 돌가마점,5.0,충남
12424,g001791,해어름,4.0,충남
12425,g001794,신리성지,4.0,충남
12426,g001795,수주팔봉 구름다리,5.0,충북
12427,g001795,단양구경시장,4.0,충북
12428,g001796,곡교천,4.333333333333333,충남
12429,g001796,신세계백화점 천안아산점,4.333333333333333,충남
12430,g001797,중앙탑 사적공원,3.6666666666666665,충북
12431,g001797,탄금대,4.0,충북
12432,g001797,충주 풍물시장,1.3333333333333333,충북
12433,g001797,국립 충주 기상과학관,3.3333333333333335,충북
12434,g001797,수주팔봉 구름다리,3.3333333333333335,충북
12435,g001797,우림 정원,3.6666666666666665,충북
12436,g001798,괴산 자연드림파크 스포츠 힐링센터,5.0,충북
12437,g001798,괴산 자연드림파크 스포츠 힐링센터,5.0,충북
12438,g001798,산맥이 옛길,5.0,충북
12439,g001803,전주한옥마을,4.666666666666667,전북
12440,g001803,자만 벽화마을,2.3333333333333335,전북
12441,g001806,경암동 철길마을,3.3333333333333335,전북
12442,g001806,군산근대화 거리,3.6666666666666665,전북
12443,g001806,은파호수공원,4.333333333333333,전북
12444,g001806,옥녀 교차로,3.0,전북
12445,g001806,무녀도,5.0,전북
12446,g001806,무녀 2구 마을버스,5.0,전북
12447,g001806,옥녀 교차로,3.3333333333333335,전북
12448,g001806,선유도,3.6666666666666665,전북
12449,g001806,선유도해수욕장,3.0,전북
12450,g001806,대장봉,3.3333333333333335,전북
12451,g001806,옥돌해수욕장,2.6666666666666665,전북
12452,g001806,신시 1사거리,4.333333333333333,전북
12453,g001810,한밭수목원,4.666666666666667,대전
12454,g001810,한밭수목원,5.0,대전
12455,g001810,성심당 DCC점,4.333333333333333,대전
12456,g001810,대전 어린이 회관,5.0,대전
12457,g001810,엑스포과학공원 한빛탑,5.0,대전
12458,g001812,독립기념관,5.0,충남
12459,g001812,모다 아웃렛 천안아산점,5.0,충남
12460,g001818,아랫장,2.3333333333333335,전남
12461,g001818,순천만 국가정원,5.0,전남
12462,g001818,순천만습지 순천만 갈대 군락지,5.0,전남
12463,g001818,순천 문학관,4.333333333333333,전남
12464,g001818,낙안읍성 민속마을,5.0,전남
12465,g001819,전주한옥마을,4.0,전북
12466,g001819,전주 난장,5.0,전북
12467,g001826,국립세종수목원,3.0,세종특별자치시
12468,g001826,국립세종 도서관,5.0,세종특별자치시
12469,g001829,한밭수목원,4.0,대전
12470,g001829,한밭수목원,5.0,대전
12471,g001829,한밭수목원,5.0,대전
12472,g001830,전주 월드컵 경기장,2.0,전북
12473,g001830,전주한옥마을,5.0,전북
12474,g001832,말티재 전망대,3.6666666666666665,충북
12475,g001832,법주사,5.0,충북
12476,g001833,장항 스카이워크,3.0,충남
12477,g001833,롯데몰 군산점,4.333333333333333,전북
12478,g001834,대전 오월드,5.0,대전
12479,g001835,황룡강 생태공원,4.0,전남
12480,g001836,모사금해수욕장,5.0,전남
12481,g001846,신정호 관광단지,4.666666666666667,충남
12482,g001850,청녹원,3.0,전북
12483,g001856,파도리해수욕장,5.0,충남
12484,g001856,천리포수목원,5.0,충남
12485,g001856,만리포해수욕장,4.0,충남
12486,g001856,몽산포해수욕장,4.0,충남
12487,g001857,담양온천,4.0,전남
12488,g001859,국립부여박물관,5.0,충남
12489,g001859,정림사지박물관 정림사지 5층 석탑,5.0,충남
12490,g001866,이응 다리,5.0,세종특별자치시
12491,g001868,보은 우당 고택,4.0,충북
12492,g001868,말티재 전망대,5.0,충북
12493,g001868,법주사,5.0,충북
12494,g001868,보은 삼년산성,4.0,충북
12495,g001868,보은전통시장,4.0,충북
12496,g001875,신세계백화점 광주신세계점,5.0,광주
12497,g001875,이마트 광주점,5.0,광주
12498,g001877,구례 수목원,4.0,전남
12499,g001877,섬진강 대나무 숲길,4.0,전남
12500,g001879,빛가람 전망대,5.0,전남
12501,g001880,아쿠아플라넷 여수,5.0,전남
12502,g001882,디오션리조트 워터파크,5.0,전남
12503,g001882,하멜등대,3.3333333333333335,전남
12504,g001884,월영산 출렁다리,5.0,
12505,g001884,월류봉,5.0,충북
12506,g001888,한화생명 이글스 파크,5.0,대전
12507,g001888,한밭수목원,5.0,대전
12508,g001888,한밭수목원,2.6666666666666665,대전
12509,g001888,엑스포과학공원 한빛탑,3.6666666666666665,대전
12510,g001888,한화생명 이글스 파크,5.0,대전
12511,g001891,한밭수목원,3.3333333333333335,대전
12512,g001891,한밭수목원,3.3333333333333335,대전
12513,g001895,아랫장,4.0,전남
12514,g001895,순천 조례호수공원,4.0,전남
12515,g001900,온 줄 아문 및 동헌,3.0,충남
12516,g001900,신정호,3.6666666666666665,충남
12517,g001900,외암민속마을,4.666666666666667,충남
12518,g001900,고운 식물원,5.0,충남
12519,g001900,청양시장,1.6666666666666667,충남
12520,g001900,천장화 출렁다리,5.0,충남
12521,g001913,엑스포과학공원 한빛탑,5.0,대전
12522,g001913,엑스포과학공원 한빛탑,4.0,대전
12523,g001913,엑스포과학공원 한빛탑,5.0,대전
12524,g001913,엑스포과학공원 한빛탑,5.0,대전
12525,g001913,엑스포과학공원 한빛탑,5.0,대전
12526,g001916,한밭수목원,3.6666666666666665,대전
12527,g001916,엑스포과학공원 한빛탑,4.0,대전
12528,g001916,성심당 DCC점,4.666666666666667,대전
12529,g001920,사선대,5.0,전북
12530,g001920,옥정호 붕어 섬 생태공원,4.333333333333333,전북
12531,g001928,전주공예품 전시관,5.0,전북
12532,g001928,전동성당,5.0,전북
12533,g001928,오목대,5.0,전북
12534,g001928,전주향교,4.0,전북
12535,g001929,청풍 호반 케이블카 물태리역,4.666666666666667,충북
12536,g001929,제천옥순봉 출렁다리,4.333333333333333,충북
12537,g001929,의림지,4.333333333333333,충북
12538,g001929,단양구경시장,3.3333333333333335,충북
12539,g001929,월악산국립공원 제비봉 코스,5.0,충북
12540,g001932,수덕사,4.0,충남
12541,g001932,예당호 출렁다리,4.333333333333333,충남
12542,g001932,예산 상설시장,5.0,충남
12543,g001932,국립 예산 치유의 숲,4.666666666666667,충남
12544,g001932,추사 김정희 선생 고택,4.0,충남
12545,g001932,국립공주 박물관,5.0,충남
12546,g001932,유구 색동수국정원,5.0,충남
12547,g001932,공산성,4.666666666666667,충남
12548,g001954,윤제림,4.666666666666667,전남
12549,g001963,추사 김정희 선생 고택,4.0,충남
12550,g001963,수덕사,4.0,충남
12551,g001963,해미읍성,4.0,충남
12552,g001963,해미 순교성지,4.0,충남
12553,g001964,목포자연사박물관,4.666666666666667,전남
12554,g001964,목포 갓바위,5.0,전남
12555,g001964,목포근대역사관 1관,5.0,전남
12556,g001964,유달산,5.0,전남
12557,g001965,채석강,4.0,전북
12558,g001965,내소사,5.0,전북
12559,g001965,계룡산국립공원,5.0,충남
12560,g001977,박달재 자연휴양림,5.0,충북
12561,g001977,포레스트 리솜 해브나인스파,5.0,충북
12562,g001977,충주고구려천문과학관,5.0,충북
12563,g001981,일제강점기 군산역사관,4.0,전북
12564,g001981,동국사,3.6666666666666665,전북
12565,g001981,선유도해수욕장,5.0,전북
12566,g001981,변산 마실 길 1코스(저 개미 패총기),4.333333333333333,전북
12567,g001981,초원 사진관,4.0,전북
12568,g001981,진포해양테마공원,4.0,전북
12569,g001981,군산근대역사박물관,4.0,전북
12570,g001981,진포해양테마공원,3.6666666666666665,전북
12571,g001984,수주팔봉,5.0,충북
12572,g001984,의림지,5.0,충북
12573,g001984,의림지 용추폭포 유리 전망대,5.0,충북
12574,g001984,의림지 파크랜드,5.0,충북
12575,g001993,수생식물학습원,5.0,충북
12576,g002017,세종 호수공원,4.666666666666667,세종특별자치시
12577,g002019,담양국수거리,3.6666666666666665,전남
12578,g002019,죽녹원,4.666666666666667,전남
12579,g002019,담양 관방제림,3.0,전남
12580,g002019,딜라이트 담양,5.0,전남
12581,g002028,독립기념관,4.0,충남
12582,g002032,마곡사,4.0,충남
12583,g002035,이순신광장,3.0,전남
12584,g002035,여수 해양공원,3.0,전남
12585,g002037,국립대전현충원,5.0,대전
12586,g002037,성심당 본점,5.0,대전
12587,g002041,삽교호관광지,4.333333333333333,충남
12588,g002041,현충사,5.0,충남
12589,g002041,외암민속마을,5.0,충남
12590,g002041,왜목마을해수욕장,5.0,충남
12591,g002041,배다리 생태공원,5.0,경기
12592,g002046,도담삼봉 관광지,3.0,
12593,g002046,석문,2.3333333333333335,충북
12594,g002046,소금정공원,3.3333333333333335,충북
12595,g002046,단양 금굴 구석기 유적지,1.3333333333333333,충북
12596,g002056,수생식물학습원,3.6666666666666665,충북
12597,g002059,수생식물학습원,4.666666666666667,충북
12598,g002059,부소담악,2.6666666666666665,충북
12599,g002059,대전근현대사전시관,4.0,대전
12600,g002059,장태산자연휴양림,5.0,대전
12601,g002059,엑스포과학공원 한빛탑,3.3333333333333335,대전
12602,g002073,엑스포과학공원 한빛탑,5.0,대전
12603,g002075,마곡사,5.0,충남
12604,g002075,공주 산성시장,5.0,충남
12605,g002075,공산성,5.0,충남
12606,g002078,금강로하스 산홋빛공원,4.0,대전
12607,g002078,금강로하스 산홋빛공원,4.0,대전
12608,g002088,옛 터 민속박물관,2.3333333333333335,대전
12609,g002089,메타세쿼이아 가로수길,5.0,전남
12610,g002089,죽녹원,5.0,전남
12611,g002089,소쇄원,5.0,전남
12612,g002094,낙안읍성 민속마을,3.6666666666666665,전남
12613,g002094,순천만 국가정원,4.333333333333333,전남
12614,g002094,순천만습지,4.0,전남
12615,g002094,순천만 국가정원,4.0,전남
12616,g002104,교동 미술관 2관,5.0,전북
12617,g002104,전동성당,5.0,전북
12618,g002104,전주공예품 전시관,5.0,전북
12619,g002104,전북대학교 전주캠퍼스,5.0,전북
12620,g002104,한국도로공사 전주수목원,5.0,전북
12621,g002109,송강정,5.0,전남
12622,g002109,금호 화순 스파 리조트,5.0,전남
12623,g002109,금호 화순 스파 리조트,5.0,전남
12624,g002110,포레스트 리솜 해브나인스파,4.0,충북
12625,g002110,포레스트 리솜 해브나인스파,4.0,충북
12626,g002120,하늘물빛정원,4.0,충남
12627,g002122,전라남도 산림자원연구소,5.0,전남
12628,g002122,국립나주 박물관,4.0,전남
12629,g002130,독립기념관,5.0,충남
12630,g002134,미르 섬,5.0,충남
12631,g002134,유구 색동수국정원,5.0,충남
12632,g002134,공주 메타세쿼이아숲길,5.0,충남
12633,g002134,공산성,5.0,충남
12634,g002144,전주한옥 레일바이크,3.0,전북
12635,g002144,전주한옥마을,4.666666666666667,전북
12636,g002148,온빛 자연휴양림,3.3333333333333335,충남
12637,g002148,탑정호 출렁다리,4.0,충남
12638,g002151,고창 고인돌 박물관,3.6666666666666665,전북
12639,g002151,고창읍성,3.3333333333333335,전북
12640,g002151,석정 휴 스파,4.0,전북
12641,g002151,청녹원,3.0,전북
12642,g002152,도담삼봉 관광지,3.6666666666666665,충북
12643,g002152,단양구경시장,4.0,충북
12644,g002152,장미터널,3.6666666666666665,충북
12645,g002152,단양구경시장,4.0,충북
12646,g002152,다리안 관광지,4.0,충북
12647,g002152,단양구경시장,3.3333333333333335,충북
12648,g002152,단양강잔도,4.0,충북
12649,g002154,춘장대해수욕장,3.0,충남
12650,g002154,홍원항,3.3333333333333335,충남
12651,g002156,곰소염전,2.0,전북
12652,g002156,격포항 수산시장,4.333333333333333,전북
12653,g002159,중앙탑 사적공원,5.0,충북
12654,g002159,중앙탑공원 중원 탑평리 7층 석탑,5.0,충북
12655,g002164,현대백화점 충청점,4.0,충북
12656,g002164,롯데 아웃렛 청주점,4.0,충북
12657,g002164,진재공원,3.6666666666666665,충북
12658,g002164,성안길,4.0,
12659,g002164,다이소 청주본점,4.0,충북
12660,g002164,청주 중앙공원,3.6666666666666665,충북
12661,g002169,군산 예술의전당,5.0,전북
12662,g002169,군산 예술의전당,5.0,전북
12663,g002169,탑정호 출렁다리,3.6666666666666665,충남
12664,g002176,온달관광지,3.3333333333333335,충북
12665,g002176,카페 산,3.6666666666666665,충북
12666,g002177,충주로 관광선 장회나루,3.6666666666666665,충북
12667,g002178,담양 관방제림,5.0,전남
12668,g002189,삽교호관광지,5.0,충남
12669,g002189,삽교호 놀이공원,5.0,충남
12670,g002189,삽교호 바다공원,4.0,충남
12671,g002189,아미 미술관,4.0,충남
12672,g002189,엑스포과학공원 한빛탑,5.0,대전
12673,g002190,공주한옥마을,2.0,충남
12674,g002190,국립공주 박물관,3.0,충남
12675,g002190,무령왕릉,3.0,충남
12676,g002190,웅진백제역사관,2.6666666666666665,충남
12677,g002190,공주 풀꽃 문학관,3.0,충남
12678,g002190,옛 공주읍 사무소,2.3333333333333335,충남
12679,g002190,중동성당,2.6666666666666665,충남
12680,g002190,박찬호 기념관,2.0,충남
12681,g002190,공산성,4.0,충남
12682,g002190,국립 중앙과학관,3.6666666666666665,대전
12683,g002190,한밭수목원,3.0,대전
12684,g002190,한밭수목원,3.0,대전
12685,g002190,한밭수목원,3.3333333333333335,대전
12686,g002195,벌교 금융조합,3.3333333333333335,전남
12687,g002202,대전 어린이 회관,4.666666666666667,대전
12688,g002207,변산해수욕장,4.333333333333333,전북
12689,g002207,적벽강,5.0,전북
12690,g002207,격포항 수산시장,3.6666666666666665,전북
12691,g002207,채석강,5.0,전북
12692,g002212,윤제림,4.666666666666667,전남
12693,g002214,머드광장,4.333333333333333,충남
12694,g002220,서울대공원 둘레길,3.0,
12695,g002222,광한루원,2.6666666666666665,전북
12696,g002224,제천 중앙시장,5.0,충북
12697,g002224,의림지,5.0,충북
12698,g002230,오목교,5.0,전북
12699,g002232,전동성당,5.0,전북
12700,g002232,전라감영,5.0,전북
12701,g002232,객사길,5.0,전북
12702,g002235,경기전,5.0,전북
12703,g002235,전동성당,4.0,전북
12704,g002235,전주한옥마을,4.0,전북
12705,g002238,대전근현대사전시관,2.0,대전
12706,g002238,테마 오래,3.0,대전
12707,g002238,원조태평소국밥,4.0,대전
12708,g002238,한밭수목원,3.0,대전
12709,g002241,진천 농다리,4.0,충북
12710,g002241,괴산 트리하우스,5.0,충북
12711,g002241,괴산 자연드림파크 스포츠 힐링센터,5.0,충북
12712,g002244,청남대,5.0,충북
12713,g002245,아름다운 정원과 수목,3.3333333333333335,충남
12714,g002245,소노벨 천안 오션 어드벤처,3.3333333333333335,충남
12715,g002245,독립기념관,5.0,충남
12716,g002247,제천옥순봉 출렁다리,3.3333333333333335,충북
12717,g002247,청풍문화재 단지,4.666666666666667,충북
12718,g002247,청풍호 관광 모노레일,4.0,충북
12719,g002247,의림지,4.0,충북
12720,g002247,제천 중앙시장,2.6666666666666665,충북
12721,g002255,대청댐 전망대,5.0,충북
12722,g002255,현대백화점 충청점,5.0,충북
12723,g002255,청남대,5.0,충북
12724,g002256,고수동굴,5.0,충북
12725,g002256,단양구경시장,3.6666666666666665,충북
12726,g002256,소노문단양 오션 플레이,2.3333333333333335,충북
12727,g002264,전주한옥마을,4.0,전북
12728,g002264,전주 남부시장 한옥마을 야시장,4.0,전북
12729,g002264,전주한옥마을,4.0,전북
12730,g002264,한국도로공사 전주수목원,4.0,전북
12731,g002271,전주한옥마을,5.0,전북
12732,g002271,PNB 풍년제과 전주 본점,5.0,전북
12733,g002271,동고사,3.3333333333333335,전북
12734,g002271,경기전,5.0,전북
12735,g002271,전주한옥마을,5.0,전북
12736,g002273,마이산,5.0,전북
12737,g002275,현충사,4.0,충남
12738,g002275,공세리성당,3.6666666666666665,충남
12739,g002412,궁남지,5.0,충남
12740,g002412,롯데리조트 부여 아쿠아 가든,3.0,충남
12741,g002412,롯데 아웃렛 부여점,5.0,충남
12742,g002416,월악산국립공원 덕주 야영장 피크닉 전용 영지,5.0,충북
12743,g002417,전주한옥마을,5.0,전북
12744,g002417,경기전,4.0,전북
12745,g002421,한국도로공사 전주수목원,4.666666666666667,전북
12746,g002421,전동성당,4.666666666666667,전북
12747,g002421,국립무형 유산원,4.666666666666667,전북
12748,g002421,경기전,5.0,전북
12749,g002421,전주 남부시장 한옥마을 야시장,3.3333333333333335,전북
12750,g002421,전주한옥마을,3.6666666666666665,전북
12751,g002421,오목대,4.666666666666667,전북
12752,g002429,부소담악,3.6666666666666665,충북
12753,g002429,수생식물학습원,3.6666666666666665,충북
12754,g002429,정지용 문학관,4.0,충북
12755,g002429,육영수 생가,4.333333333333333,충북
12756,g002431,뚜쥬루 돌가마점,4.0,충남
12757,g002431,천안 타운홀 전망대,5.0,충남
12758,g002431,천안 옛날호두과자 본점,5.0,충남
12759,g002436,사선대,5.0,전북
12760,g002436,전주동물원,2.3333333333333335,전북
12761,g002438,윤제림,5.0,전남
12762,g002438,보성 녹차밭,5.0,전남
12763,g002440,대천해수욕장,5.0,충남
12764,g002440,예산 상설시장,3.6666666666666665,충남
12765,g002441,국립 중앙과학관,4.333333333333333,대전
12766,g002441,한밭수목원,3.3333333333333335,대전
12767,g002445,광주 기아 챔피언 스피드,5.0,광주
12768,g002446,국립전주 박물관,5.0,전북
12769,g002446,전주한옥마을,5.0,전북
12770,g002465,전주 난장,4.0,전북
12771,g002465,한국도로공사 전주수목원,4.0,전북
12772,g002465,경기전,4.0,전북
12773,g002465,머더가 커 2호점,5.0,전북
12774,g002465,전주 남부시장 한옥마을 야시장,3.0,전북
12775,g002465,전동성당,4.0,전북
12776,g002466,청주랜드,5.0,충북
12777,g002472,궁남지,4.333333333333333,충남
12778,g002472,국립부여박물관,4.666666666666667,충남
12779,g002473,경기전,4.0,전북
12780,g002473,전동성당,4.333333333333333,전북
12781,g002473,오목대,1.6666666666666667,전북
12782,g002473,전동성당,4.0,전북
12783,g002473,전주향교,2.3333333333333335,전북
12784,g002475,안국사,3.6666666666666665,전북
12785,g002475,적상산 전망대,4.0,전북
12786,g002475,구천동 계곡,5.0,전북
12787,g002475,덕유산국립공원 탐방안내소,4.0,전북
12788,g002478,순천만 국가정원,5.0,전남
12789,g002483,계명대학교 대명캠퍼스,5.0,대구
12790,g002492,행정안전부 대통령기록관,5.0,세종특별자치시
12791,g002492,세종 호수공원,5.0,세종특별자치시
12792,g002497,대청호,5.0,대전
12793,g002500,광주 기아 챔피언 스피드,4.0,광주
12794,g002500,광주 기아 챔피언 스피드,4.0,광주
12795,g002500,펭귄 마을,4.0,광주
12796,g002512,명암유원지,4.0,충북
12797,g002512,현대백화점 충청점,4.0,충북
12798,g002513,한밭수목원,5.0,대전
12799,g002513,대전근현대사전시관,3.3333333333333335,대전
12800,g002513,테마 오래,4.666666666666667,대전
12801,g002516,춘향테마파크,3.3333333333333335,전북
12802,g002516,조갑녀살풀이명무관,3.3333333333333335,전북
12803,g002516,남원 고전소설문학관,1.3333333333333333,전북
12804,g002516,광한루원,4.333333333333333,전북
12805,g002516,남원시립 김병종 미술관,1.3333333333333333,전북
12806,g002516,서도역 영상 촬영장,5.0,전북
12807,g002516,지리산 허브밸리,1.0,전북
12808,g002519,벽골제,4.0,전북
12809,g002521,포레스트 리솜 해브나인스파,4.0,충북
12810,g002533,청포대해수욕장,5.0,충남
12811,g002538,공산성,4.0,충남
12812,g002538,공주 산성시장 문화공원,4.666666666666667,
12813,g002538,공산성,4.0,충남
12814,g002538,국립공주 박물관,4.333333333333333,충남
12815,g002538,무령왕릉,2.0,충남
12816,g002542,채석강,5.0,전북
12817,g002542,전주 월드컵 경기장,3.6666666666666665,전북
12818,g002543,GS칼텍스 예울마루,5.0,전남
12819,g002545,공산성,3.6666666666666665,충남
12820,g002545,공주 산성시장,3.3333333333333335,충남
12821,g002545,공주 메타세쿼이아숲길,3.0,충남
12822,g002545,웅진백제역사관,3.3333333333333335,충남
12823,g002546,블랙스톤 벨포르 리조트 벨포르 목장,3.0,
12824,g002546,블랙스톤 벨포르 리조트 익스트림 루지,4.666666666666667,충북
12825,g002546,블랙스톤 벨포르 리조트,3.3333333333333335,충북
12826,g002552,전주한옥마을,5.0,전북
12827,g002552,전주 덕진공원,5.0,전북
12828,g002552,전동성당,5.0,전북
12829,g002552,경기전,3.3333333333333335,전북
12830,g002554,부여 가림성,3.3333333333333335,충남
12831,g002554,궁남지,3.6666666666666665,충남
12832,g002554,백제문화 단지,4.0,충남
12833,g002560,변산해수욕장,5.0,전북
12834,g002560,격포항 수산시장,4.0,전북
12835,g002560,채석강,5.0,전북
12836,g002560,내소사,4.666666666666667,전북
12837,g002564,군산근대역사박물관,4.0,전북
12838,g002564,군산근대미술관,2.6666666666666665,전북
12839,g002564,옛 군산세관,3.6666666666666665,전북
12840,g002564,진포해양테마공원,3.6666666666666665,전북
12841,g002564,신흥동 일본식 가옥,4.0,전북
12842,g002564,테디베어뮤지엄 군산점,3.3333333333333335,전북
12843,g002564,동국사,2.6666666666666665,전북
12844,g002564,일제강점기 군산역사관,2.3333333333333335,전북
12845,g002564,경암동 철길마을,4.333333333333333,전북
12846,g002565,은행나무 길,4.333333333333333,충남
12847,g002565,장영실 과학관,4.666666666666667,충남
12848,g002565,장영실 과학관,3.6666666666666665,충남
12849,g002570,장항송림 산림욕장,3.3333333333333335,충남
12850,g002583,담양 관방제림,5.0,전남
12851,g002583,죽녹원,5.0,전남
12852,g002583,메타 프로방스,2.6666666666666665,전남
12853,g002583,명옥헌 원림,5.0,전남
12854,g002583,소쇄원,5.0,전남
12855,g002588,군산근대역사박물관,3.6666666666666665,전북
12856,g002588,경암동 철길마을,4.333333333333333,전북
12857,g002588,군산 3.1운동 1주년 기념관,5.0,전북
12858,g002593,한독의약 박물관,4.666666666666667,충북
12859,g002593,진천 종 박물관,3.6666666666666665,충북
12860,g002601,원효사,3.3333333333333335,광주
12861,g002601,CGV 광주 상무,4.0,광주
12862,g002603,골절 저수지,5.0,충남
12863,g002603,합덕성당,4.0,충남
12864,g002603,신리성지,5.0,충남
12865,g002603,삽교호 놀이공원,5.0,충남
12866,g002606,고창읍성,4.0,전북
12867,g002606,고창 판소리 박물관,3.0,전북
12868,g002606,고창 고인돌 박물관,3.0,전북
12869,g002607,전주한옥마을,4.0,전북
12870,g002607,전동성당,4.0,전북
12871,g002612,진천 농다리,5.0,충북
12872,g002616,월악산국립공원 덕주 야영장 피크닉 전용 영지,5.0,충북
12873,g002620,아산 곡교천 야영장,5.0,충남
12874,g002620,아산 곡교천 야영장,5.0,충남
12875,g002620,이마트 아산점,5.0,충남
12876,g002622,대천해수욕장,5.0,충남
12877,g002624,다누리 아쿠아리움,4.0,충북
12878,g002624,단양구경시장,4.0,충북
12879,g002624,만천하 스카이워크,4.0,충북
12880,g002624,소노문단양 오션 플레이,4.0,충북
12881,g002624,도담삼봉,4.0,충북
12882,g002627,블랙스톤 벨포르 리조트,3.6666666666666665,충북
12883,g002627,블랙스톤 벨포르 리조트,3.0,충북
12884,g002627,블랙스톤 벨포르 리조트,4.0,충북
12885,g002632,오송 호수공원,3.3333333333333335,충북
12886,g002632,국립청주 박물관,3.3333333333333335,충북
12887,g002632,청주시립미술관,4.0,충북
12888,g002632,고인쇄 박물관,2.6666666666666665,충북
12889,g002632,정북동 토성,4.0,충북
12890,g002634,빛가람 전망대,4.0,전남
12891,g002636,서도역 영상 촬영장,3.6666666666666665,전북
12892,g002637,곡교천,5.0,충남
12893,g002637,아산 곡교천 야영장,5.0,충남
12894,g002637,아산 곡교천 야영장,5.0,충남
12895,g002638,군산근대미술관,2.0,전북
12896,g002638,장미 갤러리,4.0,전북
12897,g002638,군산근대역사박물관,4.333333333333333,전북
12898,g002638,신흥동 일본식 가옥,3.3333333333333335,전북
12899,g002638,동국사,3.0,전북
12900,g002638,군산 월명공원,4.0,전북
12901,g002647,엑스포과학공원 한빛탑,5.0,대전
12902,g002647,엑스포과학공원 한빛탑,5.0,대전
12903,g002647,국립 중앙과학관,5.0,대전
12904,g002648,윤제림,4.0,전남
12905,g002648,율포해수욕장,4.0,전남
12906,g002657,오동도,3.6666666666666665,전남
12907,g002657,이순신광장,2.3333333333333335,전남
12908,g002658,롯데마트 청량리점,5.0,서울
12909,g002658,의림지,4.0,충북
12910,g002668,청은 루,4.0,전북
12911,g002668,전주한옥마을,3.6666666666666665,전북
12912,g002671,이순신광장,5.0,전남
12913,g002671,아쿠아플라넷 여수,4.333333333333333,전남
12914,g002671,아르떼 뮤지엄 여수,3.6666666666666665,전남
12915,g002679,연곡계곡,5.0,충북
12916,g002680,엑스포과학공원 한빛탑,4.333333333333333,대전
12917,g002680,한밭수목원,4.333333333333333,대전
12918,g002680,한밭수목원,4.333333333333333,대전
12919,g002683,의림지 역사박물관,5.0,충북
12920,g002688,국립희리산해송자연휴양림,2.6666666666666665,충남
12921,g002688,서천특화시장,4.0,충남
12922,g002688,부소산성,4.0,충남
12923,g002690,세종전통시장,4.333333333333333,세종특별자치시
12924,g002690,세종 호수공원,5.0,세종특별자치시
12925,g002690,국립세종수목원,5.0,세종특별자치시
12926,g002691,소쇄원,5.0,전남
12927,g002691,팔영산 편백 치유의 숲,5.0,전남
12928,g002693,국립아시아문화전당,5.0,광주
12929,g002693,전일빌딩 245,5.0,광주
12930,g002693,국립아시아문화전당,5.0,광주
12931,g002693,이이남 스튜디오,5.0,광주
12932,g002693,호랑가시나무 아트 폴리곤,5.0,광주
12933,g002698,한밭수목원,5.0,대전
12934,g002698,대전중앙시장,3.0,대전
12935,g002701,성심당 본점,5.0,대전
12936,g002701,대전시립미술관 창작센터,1.6666666666666667,대전
12937,g002701,정동문화사,5.0,대전
12938,g002701,한밭수목원,5.0,대전
12939,g002703,장성 편백 치유의 숲,5.0,전남
12940,g002703,백양사,5.0,전남
12941,g002704,야월 교회,5.0,전남
12942,g002704,야월 교회,5.0,전남
12943,g002705,전주한옥마을,5.0,전북
12944,g002705,카카오 프렌즈 전주한옥마을점,4.666666666666667,전북
12945,g002705,전주 남부시장 한옥마을 야시장,4.333333333333333,전북
12946,g002705,한국도로공사 전주수목원,5.0,전북
12947,g002711,소금산 출렁다리,5.0,강원특별자치도
12948,g002718,수통골,5.0,대전
12949,g002719,지리산 허브밸리,4.0,전북
12950,g002719,춘향테마파크,4.0,전북
12951,g002719,광한루원,4.0,전북
12952,g002727,수주팔봉,5.0,충북
12953,g002727,게으른 악어,5.0,충북
12954,g002727,수양개 선사유물전시관,4.333333333333333,충북
12955,g002727,이끼 터널,5.0,충북
12956,g002727,단양강잔도,5.0,충북
12957,g002727,단양강잔도,5.0,충북
12958,g002727,불교 천태 중앙박물관,5.0,충북
12959,g002727,사인암,5.0,충북
12960,g002729,용화사,5.0,충북
12961,g002729,국립현대미술관 청주,5.0,충북
12962,g002729,상당산성,5.0,충북
12963,g002731,익산보석 박물관,5.0,전북
12964,g002731,아가페 정원,2.0,전북
12965,g002732,전주한옥마을,4.666666666666667,전북
12966,g002732,전주한옥마을,4.0,전북
12967,g002732,전주한옥마을,2.6666666666666665,전북
12968,g002732,롯데백화점 전주점,4.0,전북
12969,g002738,죽녹원,4.0,전남
12970,g002738,메타세쿼이아 가로수길,4.0,전남
12971,g002738,메타 프로방스,4.0,전남
12972,g002738,담양 관방제림,5.0,전남
12973,g002738,소쇄원,5.0,전남
12974,g002744,전주한옥마을,4.0,전북
12975,g002744,전동성당,4.0,전북
12976,g002745,기지시 줄다리기 박물관,5.0,충남
12977,g002750,전주 월드컵 경기장,4.333333333333333,전북
12978,g002753,삽교호 놀이공원,4.0,충남
12979,g002753,청포대해수욕장,4.333333333333333,충남
12980,g002759,소노벨 천안 오션 어드벤처,4.0,충남
12981,g002759,연화지,3.6666666666666665,충남
12982,g002759,독립기념관,4.0,충남
12983,g002762,구천동 계곡,3.6666666666666665,전북
12984,g002762,태권도원,4.0,전북
12985,g002764,금호 화순리조트 아쿠아나,4.0,전남
12986,g002764,동구리 호수공원,4.0,전남
12987,g002765,유구 색동수국정원,3.3333333333333335,충남
12988,g002766,곰소염전,4.333333333333333,전북
12989,g002766,격포해수욕장,5.0,전북
12990,g002767,한밭수목원,4.333333333333333,대전
12991,g002767,엑스포과학공원 한빛탑,3.6666666666666665,대전
12992,g002767,국립 중앙과학관,5.0,대전
12993,g002770,경기전,5.0,전북
12994,g002770,청은 루,5.0,전북
12995,g002770,한국도로공사 전주수목원,5.0,전북
12996,g002776,국립공주 박물관,3.0,충남
12997,g002784,대천해수욕장,4.333333333333333,충남
12998,g002784,비인 해수욕장,4.0,충남
12999,g002784,개화예술공원,4.0,충남
13000,g002793,메타세쿼이아 가로수길,4.333333333333333,전남
13001,g002793,죽녹원,4.666666666666667,전남
13002,g002798,이마트 보령점,5.0,충남
13003,g002798,대천해수욕장,5.0,충남
13004,g002798,충청수영성,3.0,충남
13005,g002798,청보리 창고,3.0,충남
13006,g002798,우유 창고,5.0,충남
13007,g002798,대천해수욕장,5.0,충남
13008,g002798,상화원,3.6666666666666665,충남
13009,g002802,신정호 관광단지,4.666666666666667,충남
13010,g002802,지중해마을,1.3333333333333333,충남
13011,g002802,독립기념관,5.0,충남
13012,g002804,아라리오갤러리 천안,4.0,충남
13013,g002804,천안 타운홀 전망대,4.333333333333333,충남
13014,g002804,지중해마을,3.0,충남
13015,g002804,모 나무르,4.0,충남
13016,g002804,현충사,4.666666666666667,충남
13017,g002806,1913 송정역시장,5.0,광주
13018,g002806,5.18민주화운동 기록관,5.0,광주
13019,g002806,전일빌딩 245,2.3333333333333335,광주
13020,g002809,경기전,5.0,전북
13021,g002809,전동성당,5.0,전북
13022,g002809,전주향교,5.0,전북
13023,g002809,오목대,5.0,전북
13024,g002811,이이남 갤러리 카페,5.0,광주
13025,g002811,펭귄 마을,2.6666666666666665,광주
13026,g002811,유일선 선교사 사택,2.3333333333333335,광주
13027,g002811,죽녹원,5.0,전남
13028,g002811,전남대학교 광주캠퍼스,5.0,광주
13029,g002819,한밭수목원,5.0,대전
13030,g002819,천연기념물 센터,4.0,대전
13031,g002819,한밭수목원,3.3333333333333335,대전
13032,g002820,단양구경시장,3.3333333333333335,충북
13033,g002825,단양구경시장,4.666666666666667,충북
13034,g002825,단양구경시장,5.0,충북
13035,g002827,아쿠아플라넷 여수,4.333333333333333,전남
13036,g002828,오동도,5.0,전남
13037,g002828,이순신광장,5.0,전남
13038,g002829,부여 가림성,3.6666666666666665,충남
13039,g002829,국립부여박물관,4.333333333333333,충남
13040,g002829,백제문화 단지,3.3333333333333335,충남
13041,g002829,정림사지박물관 정림사지 5층 석탑,3.3333333333333335,충남
13042,g002829,전주한옥마을,3.0,전북
13043,g002832,신세계백화점 광주신세계점,4.333333333333333,광주
13044,g002832,중외공원,3.0,광주
13045,g002832,광주비엔날레,2.6666666666666665,광주
13046,g002833,광주호호수생태원,4.666666666666667,광주
13047,g002838,동학사계곡,5.0,충남
13048,g002842,아산스파비스,4.0,충남
13049,g002851,엑스포과학공원 한빛탑,4.0,대전
13050,g002854,전동성당,5.0,전북
13051,g002856,남원시립 김병종 미술관,4.0,전북
13052,g002856,광한루원,5.0,전북
13053,g002857,지리산국립공원 백무동 탐방지원센터,4.0,경남
13054,g002857,지리산 천왕봉,4.333333333333333,경남
13055,g002865,자만 벽화마을,4.666666666666667,
13056,g002865,전주공예품 전시관,5.0,전북
13057,g002865,전주한옥마을,5.0,전북
13058,g002865,경기전,5.0,전북
13059,g002867,삽교호 놀이공원,5.0,충남
13060,g002872,꾸지나무골해수욕장,4.0,충남
13061,g002874,동학사계곡,4.0,충남
13062,g002875,국립생태원,4.0,충남
13063,g002880,신두리 해수욕장,4.333333333333333,
13064,g002880,파도리해수욕장,4.0,충남
13065,g002880,파도리 해식동굴,5.0,충남
13066,g002880,팜카밀레 허브농원,5.0,충남
13067,g002886,광한루원,5.0,전북
13068,g002887,대전근현대사전시관,2.0,대전
13069,g002887,대전중앙시장,1.3333333333333333,대전
13070,g002887,엑스포과학공원 한빛탑,4.0,대전
13071,g002887,성심당 DCC점,5.0,대전
13072,g002890,대둔산 도립공원,4.666666666666667,충남
13073,g002891,국립대전현충원,4.0,대전
13074,g002891,대천해수욕장,4.0,충남
13075,g002891,대천해수욕장,4.666666666666667,충남
13076,g002891,탑정호 출렁다리,2.6666666666666665,충남
13077,g002896,CGV 대전터미널,3.6666666666666665,대전
13078,g002896,테마공원,3.3333333333333335,대전
13079,g002897,포레스트 리솜 해브나인스파,5.0,충북
13080,g002897,포레스트 리솜 해브나인스파,5.0,충북
13081,g002903,무주 반디랜드,5.0,전북
13082,g002903,태권도원,5.0,전북
13083,g002903,머루와인동굴,3.6666666666666665,전북
13084,g002903,무주반딧불시장,1.0,전북
13085,g002903,태권도원,5.0,전북
13086,g002906,전주한옥마을,5.0,전북
13087,g002908,충청수영성,4.0,충남
13088,g002912,한화생명 이글스 파크,5.0,대전
13089,g002912,한화생명 이글스 파크,5.0,대전
13090,g002912,으능정이 스카이로드,5.0,대전
13091,g002912,NC백화점 중앙로역점,5.0,대전
13092,g002916,청남대,4.333333333333333,충북
13093,g002916,육거리종합시장,2.0,충북
13094,g002916,독립기념관,4.333333333333333,충남
13095,g002918,부소담악,3.3333333333333335,충북
13096,g002918,정지용 문학관,5.0,충북
13097,g002918,수생식물학습원,5.0,충북
13098,g002928,광주 미디어아트플랫폼 G.MAP,5.0,광주
13099,g002928,국립아시아문화전당,5.0,광주
13100,g002928,5.18기념공원,3.0,광주
13101,g002933,딜라이트 담양,5.0,전남
13102,g002933,죽녹원,5.0,전남
13103,g002943,소금산 그랜드밸리,3.0,강원특별자치도
13104,g002943,탄금대,2.0,충북
13105,g002943,충주고구려비전시관,4.333333333333333,충북
13106,g002944,대천항 수산시장,4.0,충남
13107,g002944,대천해수욕장,4.0,충남
13108,g002944,대천해수욕장,3.3333333333333335,
13109,g002946,아미 미술관,5.0,충남
13110,g002946,신리성지,5.0,충남
13111,g002949,메타 프로방스,4.0,전남
13112,g002952,여미랑,5.0,전북
13113,g002952,동국사,3.0,전북
13114,g002952,신흥동 일본식 가옥,5.0,전북
13115,g002952,초원 사진관,3.0,전북
13116,g002952,군산근대역사박물관,5.0,전북
13117,g002953,공주 메타세쿼이아숲길,5.0,충남
13118,g002953,온빛 자연휴양림,3.6666666666666665,충남
13119,g002953,탑정저수지,5.0,충남
13120,g002955,대전천,3.0,대전
13121,g002963,엑스포과학공원 한빛탑,4.333333333333333,대전
13122,g002963,엑스포과학공원 한빛탑,4.0,대전
13123,g002967,한밭수목원,5.0,대전
13124,g002967,한밭수목원,5.0,대전
13125,g002967,엑스포과학공원 한빛탑,5.0,대전
13126,g002974,국립부여박물관,5.0,충남
13127,g002974,궁남지,4.0,충남
13128,g002975,의림지,4.0,충북
13129,g002975,청풍문화재 단지,5.0,충북
13130,g002975,청풍호 관광 모노레일,5.0,충북
13131,g002985,다산초당,3.6666666666666665,전남
13132,g002985,영랑생가,3.6666666666666665,전남
13133,g002986,신흥동 일본식 가옥,5.0,전북
13134,g002986,광주 기아 챔피언 스피드,5.0,광주
13135,g002987,백수해안도로,4.333333333333333,전남
13136,g002988,대전 어린이 회관,5.0,대전
13137,g002988,갤러리아백화점 타임월드점,5.0,대전
13138,g002989,한밭수목원,5.0,대전
13139,g002989,한밭수목원,5.0,대전
13140,g002991,엑스포과학공원 한빛탑,3.6666666666666665,대전
13141,g002991,성심당 케이크 부티크,5.0,대전
13142,g002991,한밭수목원,4.333333333333333,대전
13143,g002993,쌍곡계곡,5.0,
13144,g002995,경기전,5.0,전북
13145,g002995,전동성당,5.0,전북
13146,g002995,카카오 프렌즈 전주한옥마을점,5.0,전북
13147,g002999,제민천,3.6666666666666665,충남
13148,g002999,공산성,3.3333333333333335,충남
13149,g002999,미르 섬,4.333333333333333,충남
13150,g002999,동학사,3.3333333333333335,충남
13151,g003001,월영산 출렁다리,4.333333333333333,충남
13152,g003001,영동 와인터널,3.6666666666666665,충북
13153,g003001,월류봉,4.0,충북
13154,g003004,목포 갓바위,3.3333333333333335,전남
13155,g003004,서산동 시화 골목,4.0,전남
13156,g003004,유달산,5.0,전남
13157,g003026,탑정호 출렁다리,4.0,충남
13158,g003026,논산 선샤인 랜드,4.0,충남
13159,g003026,돈암서원,4.0,충남
13160,g003028,이순신광장,4.0,전남
13161,g003028,아르떼 뮤지엄 여수,5.0,전남
13162,g003029,4est 수목원,4.666666666666667,전남
13163,g003034,대전천,5.0,대전
13164,g003035,유일선 선교사 사택,4.666666666666667,광주
13165,g003035,지산유원지,3.0,광주
13166,g003039,한옥마을 도서관,5.0,전북
13167,g003039,경기전,5.0,전북
13168,g003042,구시포해수욕장,5.0,전북
13169,g003043,청풍호 관광 모노레일,3.3333333333333335,충북
13170,g003043,청풍문화재 단지,4.0,충북
13171,g003043,단양강잔도,4.666666666666667,충북
13172,g003043,단양구경시장,3.0,충북
13173,g003043,수양개 빛 터널,3.0,충북
13174,g003047,포레스트 리솜 해브나인스파,4.666666666666667,충북
13175,g003050,전주동물원,5.0,전북
13176,g003050,동문 헌책 도서관,5.0,전북
13177,g003050,전주한옥마을,5.0,전북
13178,g003050,전주한옥마을,5.0,전북
13179,g003050,전주 덕진공원,5.0,전북
13180,g003051,파라다이스 스파 도고,4.0,충남
13181,g003053,전주한옥마을,5.0,전북
13182,g003053,경기전,2.0,전북
13183,g003053,마이산 탑사,3.3333333333333335,전북
13184,g003058,엑스포과학공원 한빛탑,5.0,대전
13185,g003058,엑스포과학공원 한빛탑,5.0,대전
13186,g003061,순천만 국가정원,5.0,전남
13187,g003062,풍유가,4.666666666666667,대전
13188,g003062,엑스포과학공원 한빛탑,4.0,대전
13189,g003062,한밭수목원,4.0,대전
13190,g003062,엑스포과학공원 한빛탑,4.666666666666667,대전
13191,g003065,5.18민주화운동 기록관,5.0,광주
13192,g003067,순천만 국가정원,4.0,전남
13193,g003067,순천만습지,5.0,전남
13194,g003067,낙안읍성 민속마을,3.0,전남
13195,g003067,선암사,3.0,전남
13196,g003067,곡성 섬진강 기차마을,2.6666666666666665,전남
13197,g003068,영월 관광센터,5.0,강원특별자치도
13198,g003068,의림지,5.0,충북
13199,g003071,소백산,4.333333333333333,충북
13200,g003077,단양구경시장,5.0,충북
13201,g003077,패러 이야기,5.0,
13202,g003077,구인사,5.0,충북
13203,g003077,의림지,5.0,충북
13204,g003077,의림지 용추폭포 유리 전망대,5.0,충북
13205,g003079,엑스포과학공원 한빛탑,5.0,대전
13206,g003086,광동호,5.0,충남
13207,g003086,신두리 해수욕장,5.0,충남
13208,g003086,파도리해수욕장,5.0,충남
13209,g003086,광동호,5.0,충남
13210,g003090,말티재 전망대,5.0,충북
13211,g003090,법주사,5.0,충북
13212,g003090,속리산 세조 길,5.0,충북
13213,g003092,국립세종수목원,4.0,세종특별자치시
13214,g003096,순천만 국가정원,5.0,전남
13215,g003097,전주한옥마을,4.666666666666667,전북
13216,g003097,한벽당,4.333333333333333,전북
13217,g003097,전주한옥마을,5.0,전북
13218,g003098,순천드라마 촬영장,4.0,전남
13219,g003098,순천만 국가정원,5.0,전남
13220,g003098,와온해변,5.0,전남
13221,g003098,아랫장,4.333333333333333,전남
13222,g003098,청춘 창고,5.0,전남
13223,g003101,롯데마트 군산점,3.3333333333333335,전북
13224,g003101,은파호수공원,3.6666666666666665,전북
13225,g003104,궁남지,4.333333333333333,충남
13226,g003104,롯데 아웃렛 부여점,5.0,충남
13227,g003104,롯데리조트 부여 아쿠아 가든,5.0,충남
13228,g003108,보은전통시장,4.0,충북
13229,g003115,아라리오갤러리 천안,5.0,충남
13230,g003115,신세계백화점 천안아산점,5.0,충남
13231,g003118,예당호 출렁다리,2.6666666666666665,충남
13232,g003118,석남사,4.0,경기
13233,g003119,전주한옥마을,5.0,전북
13234,g003119,경기전,5.0,전북
13235,g003119,전동성당,4.333333333333333,전북
13236,g003119,전주 남부시장 한옥마을 야시장,4.666666666666667,전북
13237,g003119,전주영화의 거리,1.3333333333333333,전북
13238,g003120,한옥마을 도서관,5.0,전북
13239,g003120,전주한옥마을,5.0,전북
13240,g003120,경기전,4.333333333333333,전북
13241,g003120,전주 덕진공원,5.0,전북
13242,g003120,전주 덕진공원,5.0,전북
13243,g003121,탄금대,5.0,충북
13244,g003121,중앙탑공원 중원 탑평리 7층 석탑,5.0,충북
13245,g003121,충주고구려비전시관,5.0,충북
13246,g003130,국립세종수목원,3.6666666666666665,세종특별자치시
13247,g003135,예산 상설시장,5.0,충남
13248,g003135,윤봉길의사기념관,5.0,충남
13249,g003137,엑스포과학공원 한빛탑,4.0,대전
13250,g003137,한밭수목원,4.0,대전
13251,g003140,백련사,4.0,전남
13252,g003140,다산 박물관,4.0,전남
13253,g003140,영랑생가,4.0,전남
13254,g003140,세계 모란공원,4.0,전남
13255,g003140,가우도,4.0,전남
13256,g003140,강진만 생태공원,4.0,전남
13257,g003140,사의재,4.0,전남
13258,g003143,일제강점기 군산역사관,2.3333333333333335,전북
13259,g003143,신흥동 일본식 가옥,2.6666666666666665,전북
13260,g003143,초원 사진관,3.0,전북
13261,g003143,장항 스카이워크,4.0,충남
13262,g003143,은파호수공원,4.666666666666667,전북
13263,g003143,옥녀 교차로,3.0,전북
13264,g003143,경암동 철길마을,3.0,전북
13265,g003144,국립 5.18민주묘지,3.6666666666666665,광주
13266,g003144,광주호호수생태원,3.0,광주
13267,g003144,펭귄 마을,4.0,광주
13268,g003144,신세계백화점 광주신세계점,4.666666666666667,광주
13269,g003145,의림지,3.0,충북
13270,g003145,비룡다 저수지,2.0,충북
13271,g003150,단양 패러글라이딩 패러에 반하다,5.0,충북
13272,g003150,단양구경시장,5.0,충북
13273,g003151,엑스포과학공원 한빛탑,2.6666666666666665,대전
13274,g003153,군산근대역사박물관,2.3333333333333335,전북
13275,g003153,군산근대미술관,2.6666666666666665,전북
13276,g003153,초원 사진관,2.0,전북
13277,g003154,아산스파비스,4.666666666666667,충남
13278,g003159,탑전 호수변 생태공원,4.333333333333333,충남
13279,g003159,탑정호 출렁다리,3.0,충남
13280,g003162,세종 호수공원,3.6666666666666665,세종특별자치시
13281,g003162,이응 다리,4.0,세종특별자치시
13282,g003162,코스트코 세종점,4.0,세종특별자치시
13283,g003162,국립세종수목원,5.0,세종특별자치시
13284,g003165,프렐류드,4.0,대전
13285,g003165,NC백화점 중앙로역점,3.0,대전
13286,g003165,중앙시장 정원 상가,3.0,대전
13287,g003165,한밭수목원,5.0,대전
13288,g003165,롯데백화점 대전점,4.333333333333333,대전
13289,g003165,갤러리아백화점 타임월드점,3.3333333333333335,대전
13290,g003168,블랙스톤 벨포르 리조트,3.0,충북
13291,g003169,이마트 광주점,5.0,광주
13292,g003173,성심당 본점,3.0,대전
13293,g003173,우암사적공원,5.0,대전
13294,g003173,명상 정원,5.0,대전
13295,g003174,국립현대미술관 청주,5.0,충북
13296,g003177,공주 산성시장,3.3333333333333335,
13297,g003177,마곡사,4.0,
13298,g003179,국립부여박물관,5.0,충남
13299,g003179,백제문화 단지,5.0,충남
13300,g003179,유구 색동수국정원,4.0,충남
13301,g003179,미르 섬,2.0,충남
13302,g003182,신두리 해수욕장,5.0,충남
13303,g003189,낙안읍성 민속마을,5.0,전남
13304,g003189,순천만 국가정원,5.0,전남
13305,g003192,옥계폭포,4.0,충북
13306,g003193,단양구경시장,3.6666666666666665,충북
13307,g003193,패러 이야기,2.6666666666666665,
13308,g003193,구인사,3.0,충북
13309,g003193,도담삼봉 단양 유람선 선착장,3.6666666666666665,충북
13310,g003194,메타 프로방스,4.333333333333333,전남
13311,g003194,담양 메타세쿼이아 랜드 어린이 프로방스,4.333333333333333,전남
13312,g003195,산맥이 옛길,5.0,충북
13313,g003196,엑스포과학공원 한빛탑,4.0,대전
13314,g003196,천연기념물 센터,5.0,대전
13315,g003196,한밭수목원,5.0,대전
13316,g003199,NC 웨이브 충장점,5.0,광주
13317,g003199,국립아시아문화전당,5.0,광주
13318,g003200,옥정호 붕어 섬 생태공원,4.0,전북
13319,g003202,천장화 출렁다리,3.0,충남
13320,g003208,옛 공주읍 사무소,5.0,충남
13321,g003208,중동성당,5.0,충남
13322,g003208,공산성,4.666666666666667,충남
13323,g003208,공산성,5.0,충남
13324,g003208,연미산 자연미술공원,5.0,충남
13325,g003208,금강신관공원,5.0,충남
13326,g003208,정안천 생태공원,5.0,충남
13327,g003210,임실치즈테마파크,3.6666666666666665,전북
13328,g003210,옥정호 출렁다리,3.6666666666666665,전북
13329,g003210,광한루원,4.0,전북
13330,g003210,서도역 영상 촬영장,2.6666666666666665,전북
13331,g003212,대전 아쿠아리움,4.0,대전
13332,g003217,죽녹원,3.6666666666666665,전남
13333,g003221,전동성당,4.0,전북
13334,g003221,전주한옥마을,4.0,전북
13335,g003221,전주 남부시장 한옥마을 야시장,4.0,전북
13336,g003221,전주 덕진공원,4.0,전북
13337,g003221,전주 난장,3.3333333333333335,전북
13338,g003221,PNB 풍년제과 한옥마을 1호점,4.0,전북
13339,g003224,군산근대화 거리,4.0,전북
13340,g003224,초원 사진관,3.0,전북
13341,g003227,해미읍성,5.0,충남
13342,g003227,서산 동부전통시장,3.6666666666666665,충남
13343,g003227,황금산,3.3333333333333335,충남
13344,g003235,신세계백화점 천안아산점,5.0,충남
13345,g003235,CGV 천안터미널,5.0,충남
13346,g003238,초원 사진관,3.0,전북
13347,g003238,전주한옥마을,3.3333333333333335,전북
13348,g003238,전동성당,3.0,전북
13349,g003238,아원 고택,4.0,전북
13350,g003243,무주 한풍루,4.0,전북
13351,g003246,엑스포과학공원 한빛탑,4.0,대전
13352,g003252,강천산 군립 공원,5.0,전북
13353,g003255,고창읍성,4.333333333333333,전북
13354,g003266,담양 관방제림,5.0,전남
13355,g003266,메타세쿼이아 가로수길,5.0,전남
13356,g003267,의림지,5.0,충북
13357,g003278,메가박스 천안,3.3333333333333335,충남
13358,g003281,여수세계박람회 스카이타워,4.333333333333333,전남
13359,g003281,오동도,5.0,전남
13360,g003281,자산공원,1.0,전남
13361,g003284,청주동물원,4.0,충북
13362,g003284,국립청주 박물관,4.333333333333333,충북
13363,g003284,영암호,5.0,충북
13364,g003284,상당산성,5.0,충북
13365,g003284,국립현대미술관 청주,5.0,충북
13366,g003284,동부창고,3.3333333333333335,충북
13367,g003284,청주 중앙공원,5.0,충북
13368,g003284,고인쇄 박물관,3.3333333333333335,충북
13369,g003290,속리산국립공원,2.6666666666666665,충북
13370,g003290,법주사,2.6666666666666665,충북
13371,g003290,속리산국립공원,2.6666666666666665,충북
13372,g003296,한밭수목원,3.0,대전
13373,g003301,독립기념관,5.0,충남
13374,g003307,전주한옥마을,2.3333333333333335,전북
13375,g003307,전주 덕진공원,5.0,전북
13376,g003308,아산스파비스,3.3333333333333335,충남
13377,g003320,백수해안도로,5.0,전남
13378,g003320,백제불교 최초 도래지 부용리,4.333333333333333,전남
13379,g003323,목포근대역사관 1관,3.6666666666666665,전남
13380,g003323,목포근대역사 문화공간,5.0,전남
13381,g003323,평화광장,3.6666666666666665,전남
13382,g003326,대전역 지하상가,4.0,대전
13383,g003326,카이스트 본원,4.333333333333333,대전
13384,g003329,중앙탑공원 중원 탑평리 7층 석탑,4.333333333333333,충북
13385,g003334,세종중앙공원,3.0,세종특별자치시
13386,g003334,국립세종수목원,4.0,세종특별자치시
13387,g003335,중앙로 지하상가,3.6666666666666665,대전
13388,g003335,주교좌 대흥동 성당,2.6666666666666665,대전
13389,g003335,테마 오래,4.333333333333333,대전
13390,g003335,우리들 공원,3.3333333333333335,대전
13391,g003337,이끼 터널,5.0,충북
13392,g003340,광주 미디어아트플랫폼 G.MAP,4.0,광주
13393,g003340,호랑가시나무 아트 폴리곤,4.0,광주
13394,g003340,이이남 스튜디오,4.0,광주
13395,g003340,사직공원 전망타워,4.0,광주
13396,g003340,5.18민주화운동 기록관,4.0,광주
13397,g003340,전일빌딩 245,4.0,광주
13398,g003340,광주시립미술관,4.0,광주
13399,g003352,신정호,5.0,충남
13400,g003352,은행나무 길,5.0,충남
13401,g003353,금강신관공원,3.6666666666666665,충남
13402,g003353,공주 산성시장,4.0,충남
13403,g003353,웅진백제역사관,5.0,충남
13404,g003353,국립공주 박물관,5.0,충남
13405,g003353,마곡사,5.0,충남
13406,g003353,공산성,5.0,충남
13407,g003355,아산스파비스,4.0,충남
13408,g003359,해미읍성,4.0,충남
13409,g003368,국립세종수목원,3.6666666666666665,세종특별자치시
13410,g003368,세종중앙공원,3.6666666666666665,세종특별자치시
13411,g003369,유일선 선교사 사택,4.0,광주
13412,g003369,펭귄 마을,5.0,광주
13413,g003369,광주교,3.3333333333333335,광주
13414,g003369,광주비엔날레,4.666666666666667,광주
13415,g003369,광주비엔날레,4.666666666666667,광주
13416,g003370,한화생명 이글스 파크,4.666666666666667,대전
13417,g003372,군산근대역사박물관,3.3333333333333335,전북
13418,g003372,일제강점기 군산역사관,3.6666666666666665,전북
13419,g003372,경암동 철길마을,1.6666666666666667,전북
13420,g003376,백수해안도로,4.666666666666667,전남
13421,g003376,백제불교 최초 도래지 부용리,4.666666666666667,전남
13422,g003376,영광 물 무산 행복 숲 질퍽질퍽 맨발 황톳길,5.0,전남
13423,g003380,정안천 생태공원,5.0,충남
13424,g003380,유구 색동수국정원,5.0,충남
13425,g003382,카페 산,5.0,충북
13426,g003382,카페 산 패러글라이딩,4.666666666666667,
13427,g003382,만천하 스카이워크,4.0,충북
13428,g003388,엑스포과학공원 한빛탑,5.0,대전
13429,g003388,수통골,4.333333333333333,대전
13430,g003391,전동성당,5.0,전북
13431,g003391,최명희문학관,5.0,전북
13432,g003391,전주부채문화관,5.0,전북
13433,g003391,동문 헌책 도서관,5.0,전북
13434,g003394,전주 덕진공원,4.0,전북
13435,g003398,예당호 출렁다리,3.6666666666666665,충남
13436,g003398,대천해수욕장,5.0,충남
13437,g003399,국립아시아문화전당,5.0,광주
13438,g003399,사직공원 전망타워,5.0,광주
13439,g003403,영동 와인터널,3.6666666666666665,충북
13440,g003403,과일나라 테마공원,3.3333333333333335,충북
13441,g003403,옥계폭포,5.0,충북
13442,g003403,하늘물빛정원,4.0,충남
13443,g003403,대둔산 도립공원,4.333333333333333,충남
13444,g003403,하늘물빛정원,4.0,충남
13445,g003408,광주 기아 챔피언 스피드,3.6666666666666665,광주
13446,g003408,뒹굴 동구리,3.0,광주
13447,g003408,5.18민주화운동 기록관,5.0,광주
13448,g003418,소아르떼,3.6666666666666665,전남
13449,g003418,메타세쿼이아 가로수길,4.0,전남
13450,g003418,담양 관방제림,3.0,전남
13451,g003420,광주비엔날레,5.0,광주
13452,g003420,호랑가시나무 아트 폴리곤,2.3333333333333335,광주
13453,g003420,1913 송정역시장,5.0,광주
13454,g003422,단양구경시장,4.0,충북
13455,g003422,레전드 히어로즈 소노문단양점,4.0,충북
13456,g003422,소금정공원,3.0,충북
13457,g003422,소노문단양 오션 플레이,4.0,충북
13458,g003422,만천하 스카이워크,4.0,충북
13459,g003429,영농법인윤제림,4.0,전남
13460,g003438,세종전통시장,5.0,세종특별자치시
13461,g003438,금성당,5.0,세종특별자치시
13462,g003444,이마트 군산점,3.3333333333333335,전북
13463,g003453,초원 사진관,2.6666666666666665,전북
13464,g003453,군산근대미술관,2.0,전북
13465,g003453,장미 갤러리,2.0,전북
13466,g003453,군산근대역사박물관,4.0,전북
13467,g003453,진포해양테마공원,3.0,전북
13468,g003453,은파호수공원,2.3333333333333335,전북
13469,g003453,신흥동 일본식 가옥,3.0,전북
13470,g003455,로드 195카페,5.0,충남
13471,g003459,국립세종수목원,5.0,세종특별자치시
13472,g003463,옥정호 출렁다리,3.6666666666666665,전북
13473,g003464,상화원,5.0,충남
13474,g003464,대천해수욕장,5.0,충남
13475,g003464,대천해수욕장,5.0,충남
13476,g003464,개화예술공원,5.0,충남
13477,g003464,보령석탄 박물관,5.0,충남
13478,g003467,유구 색동수국정원,5.0,충남
13479,g003468,광한루원,3.6666666666666665,전북
13480,g003468,춘향테마파크,2.3333333333333335,전북
13481,g003474,단양구경시장,4.333333333333333,충북
13482,g003474,도담삼봉,4.0,충북
13483,g003480,한옥네컷,4.0,전북
13484,g003480,전주 덕진공원,4.0,전북
13485,g003480,청은 루,4.0,전북
13486,g003485,백운산,4.333333333333333,충남
13487,g003491,전주 덕진공원,5.0,전북
13488,g003491,전주한옥마을,5.0,전북
13489,g003491,전주한옥마을,5.0,전북
13490,g003491,전주 덕진공원,5.0,전북
13491,g003492,순천만 국가정원,5.0,전남
13492,g003492,아쿠아플라넷 여수,5.0,전남
13493,g003497,성성 호수공원,1.6666666666666667,충남
13494,g003499,한밭수목원,2.6666666666666665,대전
13495,g003499,한밭수목원,4.333333333333333,대전
13496,g003499,한밭수목원,5.0,대전
13497,g003511,전동성당,5.0,전북
13498,g003511,경기전,5.0,전북
13499,g003525,신정호,3.3333333333333335,충남
13500,g003525,은행나무 길,5.0,충남
13501,g003526,한밭수목원,5.0,대전
13502,g003535,유성온천공원 족욕체험장,4.0,대전
13503,g003535,엑스포과학공원 한빛탑,4.0,대전
13504,g003535,한밭수목원,4.0,대전
13505,g003541,사인암,5.0,충북
13506,g003541,K-water 충주댐 물 문화관,3.3333333333333335,충북
13507,g003544,대전근현대사전시관,5.0,대전
13508,g003544,보문산,5.0,대전
13509,g003554,태안 동부시장,4.0,충남
13510,g003554,팜카밀레 허브농원,5.0,충남
13511,g003555,남광주 시장,5.0,광주
13512,g003555,대인시장,5.0,광주
13513,g003555,국립아시아문화전당,5.0,광주
13514,g003556,마이산,5.0,충북
13515,g003561,경기전,4.0,전북
13516,g003561,전동성당,4.0,전북
13517,g003561,전주한옥마을,4.0,전북
13518,g003561,전주대사습 첨,3.6666666666666665,전북
13519,g003561,오목대,4.0,전북
13520,g003561,한국도로공사 전주수목원,4.0,전북
13521,g003563,소쇄원,3.6666666666666665,전남
13522,g003565,전주동물원,5.0,전북
13523,g003570,송계계곡,5.0,충북
13524,g003572,단양강잔도,5.0,충북
13525,g003572,단양구경시장,5.0,충북
13526,g003572,카페 산,5.0,충북
13527,g003572,청풍호 관광 모노레일,5.0,충북
13528,g003573,파도리해수욕장,3.3333333333333335,충남
13529,g003573,만리포해수욕장,4.0,충남
13530,g003573,모항항 수산물 직판장,3.3333333333333335,충남
13531,g003576,대천해수욕장,4.333333333333333,충남
13532,g003576,대천항 수산시장,5.0,충남
13533,g003576,죽도 관광지,3.6666666666666665,충남
13534,g003577,목포역,5.0,전남
13535,g003577,목포근대역사 문화공간,5.0,전남
13536,g003583,보령머드축제,5.0,충남
13537,g003589,전주공예품 전시관,3.3333333333333335,전북
13538,g003599,돌머리해수욕장,3.3333333333333335,전남
13539,g003599,담양 관방제림,3.3333333333333335,전남
13540,g003608,한밭수목원,5.0,대전
13541,g003608,엑스포과학공원 한빛탑,5.0,대전
13542,g003608,청풍정,2.3333333333333335,충북
13543,g003610,한밭수목원,3.6666666666666665,대전
13544,g003613,갤러리아백화점 타임월드점,3.3333333333333335,대전
13545,g003615,전주한옥마을,5.0,전북
13546,g003615,전주 난장,3.3333333333333335,전북
13547,g003615,경기전,4.666666666666667,전북
13548,g003615,전동성당,5.0,전북
13549,g003624,골든베이 골프리조트,4.0,충남
13550,g003624,골든베이 골프리조트,4.0,충남
13551,g003629,코리아 패러글라이딩,4.0,충북
13552,g003629,단양구경시장,4.0,충북
13553,g003636,예산 상설시장,2.6666666666666665,충남
13554,g003636,삽교호 놀이공원,4.666666666666667,충남
13555,g003636,삽교호 함상공원,4.0,충남
13556,g003645,군산근대역사박물관,4.0,전북
13557,g003645,경암동 철길마을,2.6666666666666665,전북
13558,g003648,신정호,5.0,충남
13559,g003648,모다 아웃렛 천안아산점,5.0,충남
13560,g003652,중앙로 지하상가,3.6666666666666665,대전
13561,g003652,유성온천공원 족욕체험장,3.3333333333333335,대전
13562,g003655,보은 우당 고택,5.0,충북
13563,g003655,보은 삼년산성,4.333333333333333,충북
13564,g003655,보은전통시장,4.0,충북
13565,g003658,소아르떼,5.0,전남
13566,g003661,남원시립 김병종 미술관,5.0,전북
13567,g003661,남원 랜드,2.0,전북
13568,g003661,원각사 전망대,3.0,
13569,g003661,춘향테마파크,4.333333333333333,전북
13570,g003661,광한루원,4.0,전북
13571,g003661,남원 고전소설문학관,4.0,전북
13572,g003664,대전근현대사전시관,2.6666666666666665,대전
13573,g003664,엑스포과학공원 한빛탑,3.3333333333333335,대전
13574,g003664,한화생명 이글스 파크,4.0,대전
13575,g003664,대전 아쿠아리움,2.3333333333333335,대전
13576,g003681,유구 색동수국정원,4.333333333333333,충남
13577,g003681,외암민속마을,4.666666666666667,충남
13578,g003687,고수동굴,5.0,충북
13579,g003687,단양구경시장,5.0,충북
13580,g003687,다누리 아쿠아리움,5.0,충북
13581,g003688,백제문화 단지,5.0,충남
13582,g003688,부여 관북리 유적,4.0,충남
13583,g003688,부소산성,5.0,충남
13584,g003688,정림사지박물관 정림사지 5층 석탑,5.0,충남
13585,g003688,궁남지,5.0,충남
13586,g003688,부소산성,5.0,충남
13587,g003688,정림사지박물관 정림사지 5층 석탑,5.0,충남
13588,g003688,국립부여박물관,5.0,충남
13589,g003688,궁남지,5.0,충남
13590,g003700,채석강,3.6666666666666665,전북
13591,g003701,소노벨 변산 오션 플레이,5.0,전북
13592,g003701,격포해수욕장,5.0,전북
13593,g003701,채석강,5.0,전북
13594,g003701,곰소항 수산물 종합시장,5.0,전북
13595,g003712,도림사,5.0,전남
13596,g003712,침실 습지,5.0,전남
13597,g003714,코스트코 세종점,5.0,세종특별자치시
13598,g003717,수암골,5.0,충북
13599,g003717,수암골 전망대,5.0,충북
13600,g003718,동학사,4.333333333333333,충남
13601,g003722,대전천,3.0,대전
13602,g003728,영암호,4.333333333333333,충북
13603,g003729,유달산,2.6666666666666665,전남
13604,g003729,목포근대역사관 1관,3.3333333333333335,전남
13605,g003729,목포근대역사관 2관,3.3333333333333335,전남
13606,g003729,김대중노벨평화상 기념관,2.0,전남
13607,g003729,목포 갓바위,4.333333333333333,전남
13608,g003729,목포자연사박물관,4.666666666666667,전남
13609,g003733,한국지질자원연구원 지질박물관,4.0,대전
13610,g003733,국립생태원 에코리움,5.0,충남
13611,g003733,대천해수욕장,5.0,충남
13612,g003736,국립세종수목원,3.6666666666666665,세종특별자치시
13613,g003746,엑스포과학공원 한빛탑,5.0,대전
13614,g003758,신정호 관광단지,3.6666666666666665,충남
13615,g003758,온양온천시장,3.0,충남
13616,g003770,순천 낙안읍성,5.0,전남
13617,g003770,송광사,3.0,전남
13618,g003771,군산근대역사박물관,4.333333333333333,전북
13619,g003771,군산근대미술관,3.6666666666666665,전북
13620,g003771,군산근대 건축관,3.6666666666666665,전북
13621,g003771,진포해양테마공원,3.6666666666666665,전북
13622,g003771,신흥동 일본식 가옥,3.0,전북
13623,g003779,한국도로공사 전주수목원,5.0,전북
13624,g003779,경기전,5.0,전북
13625,g003779,전주한옥마을,4.666666666666667,전북
13626,g003779,전주 남부시장 한옥마을 야시장,3.6666666666666665,전북
13627,g003779,전주 덕진공원,5.0,전북
13628,g003805,천안시 농수산물도매시장,5.0,충남
13629,g003807,국립아시아문화전당,5.0,광주
13630,g003810,담양 관방제림,5.0,전남
13631,g003821,온양온천랜드,4.0,충남
13632,g003824,전주 덕진공원,3.6666666666666665,전북
13633,g003824,객사길,3.3333333333333335,전북
13634,g003824,동문 헌책 도서관,4.333333333333333,전북
13635,g003824,전주한옥마을,4.0,
13636,g003824,전주 남부시장 한옥마을 야시장,3.0,전북
13637,g003839,국립 중앙과학관,2.3333333333333335,대전
13638,g003839,엑스포과학공원 한빛탑,2.0,대전
13639,g003845,남원시립 김병종 미술관,4.666666666666667,전북
13640,g003845,광한루원,5.0,전북
13641,g003846,한밭수목원,2.6666666666666665,대전
13642,g003846,한밭수목원,3.0,대전
13643,g003846,으능정이 스카이로드,5.0,대전
13644,g003847,오동도,4.0,전남
13645,g003847,라마다플라자 바이 윈덤 여수 짚트랙,5.0,전남
13646,g003847,여수수산물 특화시장,4.0,전남
13647,g003847,여수 낭만포차 거리,5.0,전남
13648,g003852,보령머드축제,3.6666666666666665,충남
13649,g003852,보령머드축제,5.0,충남
13650,g003860,단양 청춘 패러,5.0,충북
13651,g003860,고수동굴,3.3333333333333335,충북
13652,g003860,단양구경시장,5.0,충북
13653,g003860,다리안 관광지,5.0,충북
13654,g003867,간월암,4.0,충남
13655,g003867,이마트 서산점,4.0,충남
13656,g003869,청풍 호반 케이블카 비봉산 역,5.0,충북
13657,g003869,제천옥순봉 출렁다리,4.0,충북
13658,g003869,의림지 역사박물관,4.333333333333333,충북
13659,g003869,의림지,4.666666666666667,충북
13660,g003871,대천해수욕장,4.0,충남
13661,g003874,부소산성,5.0,충남
13662,g003874,부여 왕릉원,2.3333333333333335,충남
13663,g003874,정림사지박물관 정림사지 5층 석탑,5.0,충남
13664,g003874,궁남지,5.0,충남
13665,g003875,구인사,4.0,충북
13666,g003875,다누리 아쿠아리움,4.333333333333333,충북
13667,g003875,단양강잔도,3.6666666666666665,충북
13668,g003899,소제동 카페거리,4.333333333333333,
13669,g003899,한밭수목원,5.0,대전
13670,g003899,한밭수목원,3.6666666666666665,대전
13671,g003899,한밭수목원,3.3333333333333335,대전
13672,g003902,원더플레이스 대전엔비점,3.3333333333333335,대전
13673,g003902,한화생명 이글스 파크,5.0,대전
13674,g003906,죽녹원,3.3333333333333335,전남
13675,g003906,광주 양동 전통시장,2.6666666666666665,광주
13676,g003906,대인시장,3.0,광주
13677,g003917,한밭수목원,4.333333333333333,대전
13678,g003921,무주 한풍루,3.3333333333333335,전북
13679,g003921,나제통문,4.0,전북
13680,g003929,목포자연사박물관,4.0,전남
13681,g003940,유니클로 세종 파이낸스센터점,5.0,세종특별자치시
13682,g003944,국립 중앙과학관,4.333333333333333,대전
13683,g003944,엑스포과학공원 한빛탑,4.666666666666667,대전
13684,g003944,국립 중앙과학관,5.0,대전
13685,g003944,엑스포공원,5.0,대전
13686,g003944,한밭수목원,5.0,대전
13687,g003944,국립 중앙과학관,5.0,대전
13688,g003944,엑스포과학공원 한빛탑,5.0,대전
13689,g003956,중앙로 지하상가,4.0,대전
13690,g003956,엑스포과학공원 한빛탑,5.0,대전
13691,g003956,국립 중앙과학관 과학기술관,5.0,대전
13692,g003957,우암사적공원,4.0,대전
13693,g003957,한화생명 이글스 파크,5.0,대전
13694,g003960,1913 송정역시장,3.6666666666666665,광주
13695,g003960,광주 사직공원,3.6666666666666665,광주
13696,g003960,국립광주과학관,4.666666666666667,광주
13697,g003960,소쇄원,4.0,전남
13698,g003961,초원 사진관,4.333333333333333,전북
13699,g003961,모어 앤 모어,5.0,전북
13700,g003961,신흥동 일본식 가옥,3.0,전북
13701,g003961,옛 군산세관,3.6666666666666665,전북
13702,g003961,경암동 철길마을,2.0,전북
13703,g003962,광한루원,5.0,전북
13704,g003962,뱀사골계곡,5.0,전북
13705,g003962,성삼재,5.0,전남
13706,g003965,벌교 금융조합,5.0,전남
13707,g003965,보성 녹차밭,5.0,전남
13708,g003980,전동성당,3.0,전북
13709,g003980,카카오 프렌즈 전주한옥마을점,5.0,전북
13710,g003980,전주한옥마을,5.0,
13711,g003980,전주향교,2.6666666666666665,전북
13712,g003980,전주 덕진공원,3.3333333333333335,전북
13713,g003986,대청호 오백 리 길 4코스(호반 나이만 길),2.6666666666666665,대전
13714,g003986,현대 프리미엄 아웃렛 대전점,2.6666666666666665,대전
13715,g003986,한밭수목원,3.0,대전
13716,g003990,수암골 전망대,3.6666666666666665,충북
13717,g003990,수암골,4.0,충북
13718,g003990,무심천,4.0,충북
13719,g003990,국립현대미술관 청주,4.333333333333333,충북
13720,g004004,대청호,5.0,대전
13721,g004004,엑스포과학공원 한빛탑,5.0,대전
13722,g004025,탄금대,3.0,충북
13723,g004025,충주 탄금공원(구 세계무술공원),5.0,충북
13724,g004025,중앙탑공원 중원 탑평리 7층 석탑,3.6666666666666665,충북
13725,g004036,평화광장,3.3333333333333335,전남
13726,g004047,순천만습지,4.0,전남
13727,g004047,아랫장,3.3333333333333335,전남
13728,g004047,순천만 국가정원,4.0,전남
13729,g004064,국립아시아문화전당,5.0,광주
13730,g004065,한밭수목원,5.0,대전
13731,g004065,한밭수목원,5.0,대전
13732,g004065,한밭수목원,5.0,대전
13733,g004066,이하복고택전시관,5.0,충남
13734,g004066,문헌서원,5.0,충남
13735,g004101,신흥동 일본식 가옥,2.6666666666666665,
13736,g004101,동국사,2.3333333333333335,전북
13737,g004101,일제강점기 군산역사관,3.3333333333333335,전북
13738,g004101,초원 사진관,4.0,전북
13739,g004101,군산 월명공원,4.333333333333333,전북
13740,g004101,군산수산물 종합센터,4.0,전북
13741,g004101,옥녀 교차로,4.333333333333333,전북
13742,g004101,대장봉,3.3333333333333335,전북
13743,g004101,옥구 향교,3.6666666666666665,전북
13744,g004103,한독의약 박물관,5.0,충북
13745,g004104,궁남지,4.666666666666667,충남
13746,g004104,국립부여박물관,5.0,충남
13747,g004109,식장산 해돋이 전망대,4.0,대전
13748,g004109,대전 오월드,5.0,대전
13749,g004124,오천 그린광장,5.0,전남
13750,g004124,청춘 창고,4.0,전남
13751,g004138,부소담악,4.0,충북
13752,g004139,대천해수욕장,4.0,충남
13753,g004152,청풍 호반 케이블카 물태리역,4.0,충북
13754,g004154,삽교호 놀이공원,3.6666666666666665,충남
13755,g004174,정부대전청사 숲 숲의 공원 A,4.0,대전
13756,g004174,한밭수목원,4.666666666666667,대전
13757,g004174,한밭수목원,3.3333333333333335,대전
13758,g004174,성심당 케이크 부티크,4.0,대전
13759,g004174,대전근현대사전시관,4.0,대전
13760,g004180,경기전,4.0,전북
13761,g004180,교동 미술관 2관,4.0,전북
13762,g004180,자만 벽화마을,4.0,전북
13763,g004180,전주 난장,4.0,전북
13764,g004187,테마 오래,4.333333333333333,대전
13765,g004187,엑스포과학공원 한빛탑,3.0,대전
13766,g004187,엑스포과학공원 한빛탑,5.0,대전
13767,g004189,이마트 서산점,4.666666666666667,충남
13768,g004189,청포대해수욕장,5.0,충남
13769,g004189,몽산포해수욕장,5.0,충남
13770,g004205,국립무형 유산원,5.0,전북
13771,g004205,전동성당,4.666666666666667,전북
13772,g004205,전주 덕진공원,5.0,전북
13773,g004205,팔복 예술공장,5.0,전북
13774,g004234,목척교,2.6666666666666665,대전
13775,g004239,대전근현대사전시관,4.666666666666667,대전
13776,g004239,성심당 본점,5.0,대전
13777,g004239,그믐달 셀프스튜디오 은행동점,3.3333333333333335,대전
13778,g004255,추사 김정희 선생 고택,3.0,충남
13779,g004259,엑스포과학공원 한빛탑,3.0,대전
13780,g004276,전주한옥마을,2.6666666666666665,전북
13781,g004276,전동성당,3.3333333333333335,전북
13782,g004276,전주 덕진공원,5.0,전북
13783,g004276,전북대학교 전주캠퍼스,3.6666666666666665,전북
13784,g004276,전주영화의 거리,3.3333333333333335,전북
13785,g004279,한국도로공사 전주수목원,4.333333333333333,전북
13786,g004279,전주한옥마을,4.666666666666667,전북
13787,g004279,전주공예품 전시관,4.666666666666667,전북
13788,g004282,구시포해수욕장,5.0,전북
13789,g004288,돌머리해수욕장,3.3333333333333335,전남
13790,g004289,온달관광지,3.3333333333333335,충북
13791,g004289,단양구경시장,3.3333333333333335,충북
13792,g004289,도담삼봉,3.0,충북
13793,g004289,사인암,4.0,충북
13794,g004294,왜목마을해수욕장,3.3333333333333335,충남
13795,g004294,아미 미술관,2.6666666666666665,충남
13796,g004297,엑스포과학공원 한빛탑,4.0,대전
13797,g004309,광주예술의 거리,1.0,광주
13798,g004309,광주 사직공원,3.0,광주
13799,g004309,국립아시아문화전당,5.0,광주
13800,g004310,죽녹원,4.0,전남
13801,g004310,메타 프로방스,2.6666666666666665,전남
13802,g004310,메타세쿼이아 가로수길,3.3333333333333335,전남
13803,g004310,소쇄원,3.6666666666666665,전남
13804,g004310,광주호호수생태원,1.3333333333333333,광주
13805,g004317,다이소 전주 본점,5.0,전북
13806,g004317,전주한옥마을,5.0,전북
13807,g004317,전주한옥마을,5.0,전북
13808,g004324,보령머드축제,4.333333333333333,충남
13809,g004324,대천해수욕장,3.6666666666666665,충남
13810,g004324,대천해수욕장,4.333333333333333,충남
13811,g004327,위봉사,4.0,전북
13812,g004327,송광사,4.0,전북
13813,g004329,객사길,3.3333333333333335,전북
13814,g004350,유달산,5.0,전남
13815,g004350,평화광장,5.0,전남
13816,g004350,평화광장,5.0,전남
13817,g004355,죽녹원,5.0,전남
13818,g004355,메타 프로방스,5.0,전남
13819,g004366,경기전,3.3333333333333335,전북
13820,g004366,전주 남부시장 한옥마을 야시장,2.6666666666666665,전북
13821,g004366,청은 루,2.6666666666666665,전북
13822,g004366,자만 벽화마을,2.0,전북
13823,g004375,논산 선샤인 랜드,3.0,
13824,g004375,홈플러스 논산점,4.0,충남
13825,g004375,탑정호 출렁다리,4.666666666666667,충남
13826,g004375,돈암서원,4.0,충남
13827,g004380,외암민속마을,5.0,충남
13828,g004380,지중해마을,5.0,충남
13829,g004380,현충사,5.0,충남
13830,g004380,신정호 관광단지,5.0,충남
13831,g004380,삽교호관광지,5.0,충남
13832,g004383,덕유산국립공원 탐방안내소,5.0,전북
13833,g004392,대전중앙시장,4.0,대전
13834,g004392,성심당 본점,4.0,대전
13835,g004397,국립 중앙과학관,5.0,대전
13836,g004398,구드래조각 공원,2.6666666666666665,충남
13837,g004398,국립부여박물관,4.666666666666667,충남
13838,g004398,롯데 아웃렛 부여점,5.0,충남
13839,g004399,죽녹원,5.0,전남
13840,g004406,명암유원지,5.0,충북
13841,g004406,국립청주 박물관,5.0,충북
13842,g004406,청주동물원,5.0,충북
13843,g004406,청주 중앙공원,5.0,충북
13844,g004412,소쇄원,5.0,전남
13845,g004416,전주동물원,3.3333333333333335,전북
13846,g004416,전주한옥마을,3.3333333333333335,전북
13847,g004420,천안 타운홀 전망대,5.0,충남
13848,g004435,대천해수욕장,5.0,충남
13849,g004435,보령머드축제,5.0,충남
13850,g004436,옛 군산세관,5.0,전북
13851,g004436,은파호수공원,3.0,
13852,g004438,한밭수목원,4.666666666666667,대전
13853,g004438,한밭수목원,5.0,대전
13854,g004438,대전중앙시장,3.3333333333333335,대전
13855,g004446,부소산성,5.0,충남
13856,g004446,국립부여박물관,5.0,충남
13857,g004446,정림사지박물관 정림사지 5층 석탑,5.0,충남
13858,g004453,한밭수목원,4.0,대전
13859,g004453,으능정이 스카이로드,4.0,대전
13860,g004454,엑스포과학공원 한빛탑,4.0,대전
13861,g004454,국립 중앙과학관,5.0,대전
13862,g004454,한밭수목원,3.3333333333333335,대전
13863,g004454,대청댐 전망대,3.3333333333333335,충북
13864,g004458,예산 상설시장,3.3333333333333335,충남
13865,g004467,한밭수목원,3.3333333333333335,대전
13866,g004467,엑스포과학공원 한빛탑,4.0,대전
13867,g004472,엑스포과학공원 한빛탑,4.0,대전
13868,g004472,한밭수목원,4.0,대전
13869,g004476,전주 남부시장 한옥마을 야시장,5.0,전북
13870,g004476,한국도로공사 전주수목원,5.0,전북
13871,g004485,진포해양테마공원,3.0,전북
13872,g004485,군산근대 건축관,3.0,전북
13873,g004485,군산근대미술관,3.0,전북
13874,g004485,군산근대역사박물관,4.333333333333333,전북
13875,g004489,대천해수욕장,5.0,충남
13876,g004489,대천해수욕장,5.0,충남
13877,g004492,전주동물원,4.0,전북
13878,g004492,전주 덕진공원,5.0,전북
13879,g004492,전주 덕진공원,5.0,전북
13880,g004492,경기전,5.0,전북
13881,g004492,전동성당,2.3333333333333335,전북
13882,g004492,전주향교,3.0,전북
13883,g004494,죽녹원,5.0,전남
13884,g004494,메타 프로방스,5.0,전남
13885,g004498,초원 사진관,4.0,전북
13886,g004498,신흥동 일본식 가옥,4.333333333333333,전북
13887,g004498,말랭이 마을,4.0,전북
13888,g004498,옛 군산세관,4.333333333333333,전북
13889,g004510,목포근대역사관 1관,3.0,전남
13890,g004510,목포근대역사관 2관,3.3333333333333335,전남
13891,g004510,서산동 시화 골목,4.0,전남
13892,g004510,평화광장,4.666666666666667,전남
13893,g004510,롯데마트 맥스 목포점,5.0,전남
13894,g004511,한국도로공사 전주수목원,5.0,전북
13895,g004511,전주한옥마을,3.6666666666666665,전북
13896,g004511,전동성당,2.3333333333333335,전북
13897,g004511,경기전,4.333333333333333,전북
13898,g004516,공산성,4.0,충남
13899,g004516,국립공주 박물관,5.0,충남
13900,g004516,석장리 박물관,5.0,충남
13901,g004519,엑스포과학공원 한빛탑,5.0,대전
13902,g004519,엑스포과학공원 한빛탑,5.0,대전
13903,g004519,베어트리 파크,3.6666666666666665,세종특별자치시
13904,g004521,전주 덕진공원,4.0,전북
13905,g004521,전주 남부시장 한옥마을 야시장,5.0,전북
13906,g004524,동학사계곡,4.0,충남
13907,g004538,중외공원,3.0,광주
13908,g004538,광주역사민속박물관,5.0,광주
13909,g004538,광주 기아 챔피언 스피드,4.666666666666667,
13910,g004554,코스트코 세종점,4.333333333333333,세종특별자치시
13911,g004554,국립세종수목원,5.0,세종특별자치시
13912,g004556,남원시립 김병종 미술관,4.0,전북
13913,g004573,전주한옥마을,3.0,전북
13914,g004573,경기전,3.3333333333333335,전북
13915,g004573,전동성당,3.3333333333333335,전북
13916,g004573,객사길,3.3333333333333335,전북
13917,g004578,내소사,4.333333333333333,전북
13918,g004578,채석강,3.0,전북
13919,g004593,광한루원,4.666666666666667,전북
13920,g004594,성심당 대전역점,5.0,대전
13921,g004594,엑스포과학공원 한빛탑,3.3333333333333335,대전
13922,g004594,엑스포과학공원 한빛탑,3.3333333333333335,대전
13923,g004594,대전중앙시장,4.0,대전
13924,g004621,국립 해양생물자원관,3.3333333333333335,충남
13925,g004621,비인 해수욕장,5.0,충남
13926,g004621,명재고택,5.0,충남
13927,g004622,목포 갓바위,4.0,전남
13928,g004622,평화광장,4.0,전남
13929,g004626,전주한옥마을,4.333333333333333,전북
13930,g004626,전주동물원,4.0,전북
13931,g004629,한밭수목원,4.333333333333333,대전
13932,g004629,갤러리아백화점 타임월드점,4.333333333333333,대전
13933,g004629,엑스포과학공원 한빛탑,5.0,대전
13934,g004630,전주 덕진공원,5.0,전북
13935,g004631,엑스포과학공원 한빛탑,5.0,대전
13936,g004631,엑스포과학공원 한빛탑,5.0,대전
13937,g004631,나사로 볼링장,5.0,대전
13938,g004631,으능정이 문화의 거리,3.0,대전
13939,g004636,한화생명 이글스 파크,5.0,대전
13940,g004637,독립기념관,5.0,충남
13941,g004656,중앙시장 제3공영주차장,5.0,대전
13942,g004656,한밭수목원,4.333333333333333,대전
13943,g004656,엑스포과학공원 한빛탑,5.0,대전
13944,g004656,통도사,5.0,경남
13945,g004669,대흥사,5.0,전남
13946,g004669,땅끝 모노레일,5.0,전남
13947,g004669,송호해수욕장,4.0,전남
13948,g004671,엑스포과학공원 한빛탑,5.0,대전
13949,g004671,우암사적공원,5.0,대전
13950,g004671,그믐달 셀프스튜디오 은행동점,4.666666666666667,대전
13951,g004678,엑스포과학공원 한빛탑,4.0,대전
13952,g004681,메타 프로방스,5.0,전남
13953,g004681,죽녹원,5.0,전남
13954,g004688,단양구경시장,3.6666666666666665,충북
13955,g004688,만천하 스카이워크,4.0,충북
13956,g004688,단양강잔도,3.6666666666666665,충북
13957,g004688,단양구경시장,5.0,충북
13958,g004701,독립기념관,5.0,충남
13959,g004701,천안 타운홀 전망대,3.0,충남
13960,g004701,소노벨 천안 오션 어드벤처,5.0,충남
13961,g004701,지중해마을,3.0,충남
13962,g004707,가마골 생태공원,4.0,전남
13963,g004707,메타 프로방스,3.0,전남
13964,g004714,황룡강 생태공원,3.0,전남
13965,g004722,사인암,3.0,
13966,g004722,사인암,4.0,
13967,g004722,단양구경시장,3.0,충북
13968,g004723,엑스포과학공원 한빛탑,5.0,대전
13969,g004731,정남진 물 축제,5.0,전남
13970,g004740,포레스트 리솜 해브나인스파,5.0,충북
13971,g004740,포레스트 리솜 해브나인스파,5.0,충북
13972,g004740,의림지,5.0,충북
13973,g004740,의림지 용추폭포 유리 전망대,5.0,충북
13974,g004754,중앙탑 사적공원,3.6666666666666665,충북
13975,g004754,충주 무학시장,3.3333333333333335,충북
13976,g004762,한밭수목원,3.0,대전
13977,g004762,엑스포과학공원 한빛탑,3.3333333333333335,대전
13978,g004762,엑스포과학공원 한빛탑,4.0,대전
13979,g004762,성심당 본점,4.333333333333333,대전
13980,g004762,대전근현대사전시관,2.6666666666666665,대전
13981,g004772,전주 남부시장 한옥마을 야시장,4.0,전북
13982,g004772,한국도로공사 전주수목원,4.666666666666667,전북
13983,g004772,전동성당,3.3333333333333335,전북
13984,g004776,성심당 옛 맛 솜씨,4.0,대전
13985,g004776,한밭수목원,5.0,대전
13986,g004781,만천하 스카이워크,5.0,충북
13987,g004810,덕평자연휴게소 강릉방향,4.0,경기
13988,g004810,카페 산,5.0,충북
13989,g004810,단양 금굴 구석기 유적지,2.3333333333333335,충북
13990,g004810,도담삼봉,3.0,충북
13991,g004815,아원 고택,5.0,전북
13992,g004815,전주 난장,4.666666666666667,전북
13993,g004815,전주한옥마을,3.3333333333333335,전북
13994,g004816,괴산전통시장,4.0,충북
13995,g004822,탄금대,4.0,충북
13996,g004826,도담삼봉,4.333333333333333,충북
13997,g004826,단양구경시장,4.666666666666667,충북
13998,g004826,소금정공원,4.333333333333333,충북
13999,g004828,무주반딧불시장,4.0,전북
14000,g004828,덕유산국립공원,5.0,전북
14001,g004828,태권도원,5.0,전북
14002,g004828,나제통문,4.333333333333333,전북
14003,g004831,문의문화재 단지,5.0,충북
14004,g004839,수암골,4.666666666666667,
14005,g004839,국립현대미술관 청주,5.0,
14006,g004839,오창 호수공원 진입광장,4.666666666666667,충북
14007,g004849,포레스트 리솜 해브나인스파,5.0,충북
14008,g004849,의림지,4.0,충북
14009,g004852,여수세계박람회 스카이타워,4.666666666666667,전남
14010,g004852,하멜등대,1.6666666666666667,전남
14011,g004852,녹테마레,5.0,전남
14012,g004865,전동성당,2.3333333333333335,전북
14013,g004865,객사길,3.0,전북
14014,g004877,죽녹원,4.0,전남
14015,g004877,메타세쿼이아 가로수길,4.0,전남
14016,g004879,메타세쿼이아 가로수길,4.0,전남
14017,g004886,국립아시아문화전당,5.0,광주
14018,g004886,무등산 리프트 모노레일,3.6666666666666665,광주
14019,g004893,수원컨벤션 센터,3.6666666666666665,경기
14020,g004893,만천하 스카이워크,4.0,충북
14021,g004893,고수동굴,4.333333333333333,충북
14022,g004893,단양구경시장,2.6666666666666665,충북
14023,g004893,송계계곡,3.6666666666666665,충북
14024,g004904,꽃지 레포츠,5.0,충남
14025,g004904,백사장 어촌계 수산시장,3.3333333333333335,충남
14026,g004904,파도리 해식동굴,4.333333333333333,충남
14027,g004904,당진 전통시장,5.0,충남
14028,g004904,삽교호 놀이공원,5.0,충남
14029,g004905,옛 군산세관,4.0,전북
14030,g004905,신흥동 일본식 가옥,5.0,전북
14031,g004905,경암동 철길마을,3.6666666666666665,전북
14032,g004905,옥돌해수욕장,3.0,
14033,g004905,장자도,2.0,
14034,g004905,선유도해수욕장,3.0,전북
14035,g004906,뿌리공원,3.6666666666666665,대전
14036,g004906,롯데백화점 대전점,3.6666666666666665,대전
14037,g004906,한화생명 이글스 파크,4.0,대전
14038,g004906,중앙로 지하상가,4.0,대전
14039,g004906,대전중앙시장,4.0,대전
14040,g004909,1913 송정역시장,5.0,광주
14041,g004909,광주시민회관,5.0,광주
14042,g004909,롯데백화점 전주점,4.0,전북
14043,g004909,전주한옥마을,5.0,전북
14044,g004915,엑스포과학공원 한빛탑,5.0,대전
14045,g004915,보령석탄 박물관,3.3333333333333335,충남
14046,g004915,대천해수욕장,5.0,충남
14047,g004915,우유 창고,4.0,충남
14048,g004916,소쇄원,2.3333333333333335,전남
14049,g004916,명옥헌 원림,4.333333333333333,전남
14050,g004916,죽녹원,5.0,전남
14051,g004916,담양국수거리,5.0,전남
14052,g004916,국립광주과학관,2.0,광주
14053,g004916,새만금 방조제,3.6666666666666665,전북
14054,g004920,강당골,4.0,충남
14055,g004925,아쿠아플라넷 여수,5.0,전남
14056,g004925,오동도,5.0,전남
14057,g004925,이순신광장,3.3333333333333335,전남
14058,g004926,목포자연사박물관,4.333333333333333,전남
14059,g004926,목포자연사박물관 문예역사관,3.6666666666666665,전남
14060,g004926,목포생활도자 박물관,3.6666666666666665,전남
14061,g004926,목포 갓바위,4.0,전남
14062,g004926,고하도 해인데 크,4.666666666666667,전남
14063,g004926,목포근대역사관 1관,3.6666666666666665,전남
14064,g004926,목포근대역사관 2관,3.6666666666666665,전남
14065,g004926,평화광장,4.0,전남
14066,g004955,전주동물원,3.0,전북
14067,g004955,전주 덕진공원,5.0,전북
14068,g004955,경기전,4.666666666666667,전북
14069,g004955,카카오 프렌즈 전주한옥마을점,4.0,전북
14070,g004955,오브젝트 전주점,5.0,전북
14071,g004961,군산근대역사박물관,3.3333333333333335,전북
14072,g004961,선유도,3.0,전북
14073,g004961,초원 사진관,3.0,전북
14074,g004961,경암동 철길마을,4.0,전북
14075,g004971,이마트 보령점,2.3333333333333335,충남
14076,g004971,대천해수욕장,4.0,충남
14077,g004975,연희네 슈퍼,3.0,전남
14078,g004975,송호해수욕장,5.0,전남
14079,g004975,목포근대역사관 1관,5.0,전남
14080,g004975,목포근대역사관 2관,5.0,전남
14081,g004975,평화광장,3.0,전남
14082,g004976,대전 어린이 회관,5.0,
14083,g004976,엑스포과학공원 한빛탑,5.0,대전
14084,g004976,국립 중앙과학관,5.0,대전
14085,g004977,고가네 캠핑장,5.0,
14086,g004977,고가네 캠핑장,5.0,
14087,g004994,단양구경시장,2.6666666666666665,충북
14088,g005012,익산 미륵사지,4.0,전북
14089,g005053,하멜등대,3.3333333333333335,전남
14090,g005053,상주은모래비치,5.0,경남
14091,g005053,남해 독일마을,3.0,경남
14092,g005056,전주 난장,5.0,전북
14093,g005056,교동 미술관 2관,5.0,전북
14094,g005056,교동 미술관,5.0,전북
14095,g005056,최명희문학관,2.6666666666666665,전북
14096,g005056,전주부채문화관,4.0,전북
14097,g005056,경기전,5.0,전북
14098,g005056,전동성당,5.0,전북
14099,g005056,전주 남부시장 한옥마을 야시장,2.3333333333333335,전북
14100,g005060,무녀도,4.333333333333333,전북
14101,g005060,신흥동 일본식 가옥,3.6666666666666665,전북
14102,g005060,군산 월명공원,3.3333333333333335,전북
14103,g005060,군산 월명공원,3.3333333333333335,전북
14104,g005060,은파호수공원,3.3333333333333335,전북
14105,g005060,군산근대역사박물관,4.0,전북
14106,g005060,군산근대미술관,3.0,전북
14107,g005076,명량 해상 케이블카,5.0,전남
14108,g005076,쏠비치 진도 인피니티 풀,5.0,전남
14109,g005076,진돗개 테마파크,1.0,전남
14110,g005080,하멜등대,5.0,전남
14111,g005080,만성리 검은 모래해변,5.0,전남
14112,g005083,광한루원,5.0,전북
14113,g005083,남원시립 김병종 미술관,4.0,전북
14114,g005094,죽녹원,4.0,전남
14115,g005094,송광사,4.0,전남
14116,g005094,아르떼 뮤지엄 여수,4.0,전남
14117,g005105,여수 낭만포차 거리,4.0,전남
14118,g005105,돌산공원,4.0,전남
14119,g005105,만성리 검은 모래해변,4.0,전남
14120,g005114,전주한옥마을,4.666666666666667,전북
14121,g005114,전주 난장,5.0,전북
14122,g005114,경기전,5.0,전북
14123,g005114,전동성당,5.0,전북
14124,g005114,전주 남부시장 한옥마을 야시장,5.0,전북
14125,g005114,오목대,5.0,전북
14126,g005114,자만 벽화마을,4.333333333333333,전북
14127,g005114,한벽 굴,5.0,전북
14128,g005114,객사길,5.0,전북
14129,g005114,전주 덕진공원,5.0,전북
14130,g005119,충주 무학시장,2.6666666666666665,충북
14131,g005119,수안보농협 하나로마트,4.0,충북
14132,g005119,월악산국립공원 덕주 야영장 피크닉 전용 영지,4.0,충북
14133,g005127,지리산 허브밸리,3.6666666666666665,전북
14134,g005127,남원시립 김병종 미술관,5.0,전북
14135,g005127,광한루원,5.0,전북
14136,g005153,무주 전통생활문화체험관,4.0,전북
14137,g005153,불갑사,4.0,전남
14138,g005153,불갑산,4.0,전남
14139,g005160,죽녹원,4.0,전남
14140,g005164,순천만 국가정원,4.0,전남
14141,g005164,순천만습지,4.666666666666667,전남
14142,g005164,순천 낙안읍성,3.3333333333333335,전남
14143,g005164,선암사,3.3333333333333335,전남
14144,g005164,청춘 창고,2.0,전남
14145,g005164,차차로,5.0,전남
14146,g005165,광주예술의 거리,2.0,광주
14147,g005167,담양 관방제림,5.0,전남
14148,g005167,죽녹원,5.0,전남
14149,g005167,플라타너스 별빛달빛길,5.0,전남
14150,g005167,담양 추억의 골목,2.3333333333333335,전남
14151,g005167,가마골 생태공원,5.0,전남
14152,g005167,소쇄원,5.0,전남
14153,g005167,담양 메타세쿼이아 랜드 어린이 프로방스,4.0,전남
14154,g005170,순천만습지,4.666666666666667,전남
14155,g005170,순천만 국가정원,4.666666666666667,전남
14156,g005171,으능정이 문화의 거리,3.6666666666666665,대전
14157,g005171,유림공원,4.333333333333333,대전
14158,g005171,엑스포과학공원 한빛탑,5.0,대전
14159,g005171,한밭수목원,5.0,대전
14160,g005171,엑스포과학공원 한빛탑,5.0,대전
14161,g005171,성심당 DCC점,5.0,대전
14162,g005173,엑스포과학공원 한빛탑,4.666666666666667,대전
14163,g005173,대전중앙시장,5.0,대전
14164,g005173,으능정이 스카이로드,3.0,대전
14165,g005173,뿌리공원,4.333333333333333,대전
14166,g005175,평화광장,4.0,전남
14167,g005175,동부시장,5.0,전남
14168,g005175,롯데마트 맥스 목포점,4.0,전남
14169,g005187,영산포 철도공원,5.0,전남
14170,g005187,금성관,5.0,전남
14171,g005187,국립나주 박물관,4.666666666666667,전남
14172,g005187,금산사,5.0,전북
14173,g005198,목포근대역사관 1관,4.0,전남
14174,g005198,평화광장,3.0,전남
14175,g005198,전주한옥마을,4.0,전북
14176,g005200,전주한옥마을,5.0,전북
14177,g005200,전주 덕진공원,5.0,전북
14178,g005200,롯데백화점 전주점,5.0,전북
14179,g005206,전주한옥마을,3.0,전북
14180,g005206,경기전,4.0,전북
14181,g005206,전동성당,4.0,전북
14182,g005206,전주 남부시장 한옥마을 야시장,5.0,전북
14183,g005206,라이엘 모자 박물관,4.0,전북
14184,g005206,전주 풍개 지관,3.0,전북
14185,g005206,전주영화의 거리,3.0,전북
14186,g005209,딜라이트 담양,4.333333333333333,전남
14187,g005209,국립아시아문화전당,4.0,광주
14188,g005218,중앙로역 대전 1호선,5.0,
14189,g005218,한밭수목원,5.0,대전
14190,g005219,한국도로공사 전주수목원,4.0,전북
14191,g005219,전주한옥마을,3.6666666666666665,전북
14192,g005219,전주한옥마을,4.0,전북
14193,g005219,카카오 프렌즈 전주한옥마을점,4.0,전북
14194,g005225,신두리 해수욕장,3.3333333333333335,충남
14195,g005225,만리포해수욕장,5.0,충남
14196,g005225,만리포해수욕장,3.3333333333333335,충남
14197,g005243,아쿠아플라넷 여수,4.0,전남
14198,g005243,여수 해상 케이블카,4.0,전남
14199,g005243,오동도,5.0,전남
14200,g005243,여수 해상 케이블카 자산 정류장,4.0,전남
14201,g005243,여수 낭만포차 거리,5.0,전남
14202,g005243,디오션리조트 워터파크,5.0,전남
14203,g005243,여수 교동시장 포장마차촌,3.0,전남
14204,g005243,이순신광장,4.0,전남
14205,g005243,이순신광장,5.0,전남
14206,g005250,온달관광지,3.6666666666666665,충북
14207,g005250,단양강잔도,4.0,충북
14208,g005250,소금정공원,3.0,충북
14209,g005250,사인암,3.6666666666666665,충북
14210,g005250,만천하 스카이워크,4.0,충북
14211,g005254,구천동 농협 하나로마트 구천지점,3.0,전북
14212,g005254,구천동 계곡,5.0,전북
14213,g005259,아르떼 뮤지엄 여수,5.0,전남
14214,g005259,이순신광장,3.3333333333333335,전남
14215,g005259,여수 낭만포차 거리,3.0,전남
14216,g005266,녹테마레,2.6666666666666665,전남
14217,g005266,만성리 검은 모래해변,3.0,전남
14218,g005266,여수세계박람회 빅 오,2.0,전남
14219,g005266,오동도,4.0,전남
14220,g005266,여수수산시장,4.0,전남
14221,g005270,보성 녹차밭,4.333333333333333,전남
14222,g005271,보령중앙시장,1.0,충남
14223,g005271,보령석탄 박물관,4.0,충남
14224,g005271,한독의약 박물관,4.0,충북
14225,g005273,전주 월드컵 경기장,4.0,전북
14226,g005273,전주한옥마을,4.0,전북
14227,g005280,여수 해상 케이블카,4.0,전남
14228,g005280,자산공원,5.0,전남
14229,g005280,하멜등대,4.333333333333333,전남
14230,g005280,여수 낭만포차 거리,4.0,전남
14231,g005280,만성리 검은 모래해변,5.0,전남
14232,g005280,아르떼 뮤지엄 여수,5.0,전남
14233,g005280,이순신광장,3.6666666666666665,전남
14234,g005280,여수 예술랜드,5.0,전남
14235,g005297,BRT 작은 미술관,4.0,세종특별자치시
14236,g005297,국립세종수목원,4.0,세종특별자치시
14237,g005297,세종 호수공원,4.333333333333333,세종특별자치시
14238,g005297,국립세종 도서관,3.3333333333333335,세종특별자치시
14239,g005297,동학사,5.0,충남
14240,g005297,대전근현대사전시관,4.0,대전
14241,g005297,중앙로 지하상가,3.3333333333333335,대전
14242,g005297,대전중앙시장,4.0,대전
14243,g005299,한국도로공사 전주수목원,3.0,전북
14244,g005299,전주한옥마을,5.0,전북
14245,g005299,전주 남부시장 한옥마을 야시장,5.0,전북
14246,g005299,전주한옥마을,5.0,전북
14247,g005299,경기전,5.0,전북
14248,g005300,한밭수목원,4.333333333333333,대전
14249,g005300,엑스포과학공원 한빛탑,4.333333333333333,대전
14250,g005302,한국도로공사 전주수목원,5.0,전북
14251,g005302,전주한옥마을,5.0,전북
14252,g005302,경기전,3.0,전북
14253,g005303,대전 오월드,5.0,대전
14254,g005303,중앙로 지하상가,3.3333333333333335,대전
14255,g005303,장태산자연휴양림,5.0,대전
14256,g005310,아쿠아플라넷 여수,4.0,전남
14257,g005310,하멜등대,3.3333333333333335,전남
14258,g005310,여수 예술랜드,2.0,전남
14259,g005310,오동도,4.0,전남
14260,g005319,국립 중앙과학관,4.666666666666667,대전
14261,g005319,엑스포과학공원 한빛탑,5.0,대전
14262,g005319,장태산자연휴양림 출렁다리,2.6666666666666665,대전
14263,g005319,문화 제조창 본관,3.0,충북
14264,g005319,국립현대미술관 청주,3.0,충북
14265,g005330,순이네 밥상,5.0,전남
14266,g005330,이순신광장,4.333333333333333,전남
14267,g005330,이순신광장,4.333333333333333,전남
14268,g005330,여수 해상 케이블카 자산 정류장,4.666666666666667,전남
14269,g005330,아르떼 뮤지엄 여수,4.666666666666667,전남
14270,g005330,오동도,4.666666666666667,전남
14271,g005358,전주한옥마을,3.3333333333333335,전북
14272,g005358,동문 헌책 도서관,4.666666666666667,전북
14273,g005372,SETEC,4.0,서울
14274,g005372,순천 조례호수공원,2.3333333333333335,전남
14275,g005372,여수세계박람회 빅 오,4.0,
14276,g005372,백야도,3.3333333333333335,전남
14277,g005372,오동도,5.0,전남
14278,g005377,낭만 써프 하우스,5.0,전남
14279,g005377,힐링파크쑥섬쑥섬,5.0,전남
14280,g005377,나로우주센터 우주과학관,5.0,전남
14281,g005377,팔영산 편백 치유의 숲,5.0,전남
14282,g005387,목포 갓바위,5.0,전남
14283,g005387,목포 스카이워크,5.0,전남
14284,g005391,오목대,4.0,전북
14285,g005391,한국도로공사 전주수목원,4.0,전북
14286,g005391,기지 제수변공원,4.0,전북
14287,g005391,경기전,3.6666666666666665,전북
14288,g005392,고창읍성,5.0,전북
14289,g005392,고창 판소리 박물관,5.0,전북
14290,g005395,청주동물원,4.333333333333333,충북
14291,g005395,상당산성,3.0,충북
14292,g005398,전주 난장,5.0,전북
14293,g005398,경기전,5.0,전북
14294,g005398,전동성당,5.0,전북
14295,g005398,오목대,5.0,전북
14296,g005400,안국사,3.0,전북
14297,g005400,무주 반디랜드,5.0,전북
14298,g005400,나제통문,5.0,전북
14299,g005400,국립덕유산자연휴양림,4.0,전북
14300,g005400,덕유산국립공원,5.0,전북
14301,g005400,내소사,4.0,전북
14302,g005400,채석강,5.0,전북
14303,g005400,적벽강,3.0,전북
14304,g005400,변산해수욕장,4.0,전북
14305,g005402,전주동물원,4.0,전북
14306,g005402,전주 남부시장 한옥마을 야시장,4.0,전북
14307,g005402,전주한옥마을,3.0,전북
14308,g005402,러쉬실내카트장,2.6666666666666665,전북
14309,g005415,도담삼봉,2.3333333333333335,충북
14310,g005415,석문,1.3333333333333333,충북
14311,g005415,다누리 아쿠아리움,4.666666666666667,충북
14312,g005415,단양구경시장,4.666666666666667,충북
14313,g005415,고수동굴,1.3333333333333333,충북
14314,g005415,게으른 악어,3.3333333333333335,충북
14315,g005415,활옷 동굴,5.0,충북
14316,g005415,중앙탑공원 중원 탑평리 7층 석탑,4.666666666666667,충북
14317,g005419,대전중앙시장,3.6666666666666665,대전
14318,g005419,엑스포과학공원 한빛탑,5.0,대전
14319,g005419,원더플레이스 대전엔비점,5.0,대전
14320,g005438,아쿠아플라넷 여수,4.333333333333333,전남
14321,g005438,이순신광장,2.3333333333333335,전남
14322,g005438,유월드 루지 테마파크,3.6666666666666665,전남
14323,g005438,자산공원,4.0,전남
14324,g005438,아르떼 뮤지엄 여수,5.0,전남
14325,g005447,현대 프리미엄 아웃렛 대전점,5.0,대전
14326,g005447,한밭수목원,5.0,대전
14327,g005454,하멜등대,5.0,전남
14328,g005454,여수 낭만포차 거리,5.0,전남
14329,g005454,오동도,5.0,전남
14330,g005454,아쿠아플라넷 여수,5.0,전남
14331,g005455,한밭수목원,4.666666666666667,대전
14332,g005461,독립기념관,4.666666666666667,충남
14333,g005461,아산스파비스,2.0,충남
14334,g005461,지중해마을,2.3333333333333335,충남
14335,g005465,대전시립미술관 창작센터,3.0,대전
14336,g005465,엑스포과학공원 한빛탑,4.0,대전
14337,g005465,중앙로 지하상가,3.0,대전
14338,g005537,머루와인동굴,5.0,전북
14339,g005541,카페 석산,3.3333333333333335,전남
14340,g005544,황룡강 생태공원,3.0,전남
14341,g005552,홍주성 역사관,4.0,충남
14342,g005552,청양시장,5.0,충남
14343,g005552,백제문화체험 박물관,5.0,충남
14344,g005554,모다 아웃렛 천안아산점,3.0,충남
14345,g005555,목포근대역사 문화공간,5.0,전남
14346,g005559,국립세종수목원,5.0,세종특별자치시
14347,g005562,성안길,5.0,충북
14348,g005562,육거리종합시장,5.0,충북
14349,g005564,국립세종수목원,4.333333333333333,세종특별자치시
14350,g005565,단양구경시장,4.666666666666667,충북
14351,g005565,만천하 스카이워크,5.0,충북
14352,g005568,트래블 라운지,4.0,대전
14353,g005568,상소동 산림욕장,5.0,대전
14354,g005568,한밭수목원,3.0,대전
14355,g005568,엑스포공원,4.0,대전
14356,g005569,전주한옥마을,4.0,전북
14357,g005573,청주동물원,3.3333333333333335,충북
14358,g005573,청주랜드,5.0,충북
14359,g005573,오창 호수공원 진입광장,5.0,충북
14360,g005576,부소산성,5.0,충남
14361,g005576,구드래조각 공원,2.3333333333333335,충남
14362,g005576,정림사지박물관 정림사지 5층 석탑,5.0,충남
14363,g005576,정림사지박물관 정림사지 5층 석탑,5.0,충남
14364,g005576,국립부여박물관,5.0,충남
14365,g005579,세종 호수공원,4.333333333333333,세종특별자치시
14366,g005581,국립전주 박물관,4.333333333333333,전북
14367,g005581,전주한옥마을,5.0,전북
14368,g005589,롯데마트 익산점,4.0,전북
14369,g005590,동구리 호수공원,5.0,전남
14370,g005591,순천시립 뿌리 깊은 나무 박물관,4.0,전남
14371,g005593,신세계백화점 광주신세계점,5.0,광주
14372,g005593,으능정이 문화의 거리,5.0,대전
14373,g005594,국립현대미술관 청주,4.0,충북
14374,g005594,문화 제조창 본관,4.0,충북
14375,g005594,다이소 청주본점,5.0,충북
14376,g005597,현대 프리미엄 아웃렛 대전점,5.0,대전
14377,g005599,나주 중흥골드스파 리조트 워터라고,4.0,전남
14378,g005601,명암유원지,3.0,충북
14379,g005601,국립청주 박물관,5.0,충북
14380,g005602,독립기념관,4.0,충남
14381,g005681,이마트 서산점,4.0,충남
14382,g005681,신두리 해수욕장,4.0,충남
14383,g005681,신두리 해수욕장,5.0,충남
14384,g005684,마검포해수욕장,5.0,충남
14385,g005692,소노벨 천안 오션 어드벤처,4.333333333333333,충남
14386,g005692,독립기념관,5.0,충남
14387,g005701,국립아시아문화전당,5.0,광주
14388,g005701,전일빌딩 245,4.0,광주
14389,g005701,펭귄 마을,3.3333333333333335,광주
14390,g005704,광한루원,4.0,전북
14391,g005704,남원시립 김병종 미술관,4.0,전북
14392,g005707,충주 풍물시장,4.0,충북
14393,g005707,충주 박물관,4.666666666666667,충북
14394,g005708,가마골,3.3333333333333335,전남
14395,g005709,전주 덕진공원,5.0,전북
14396,g005709,경기전,3.6666666666666665,전북
14397,g005709,전동성당,4.0,전북
14398,g005709,광안리해수욕장,4.0,부산
14399,g005709,클럽 디 오아시스,3.3333333333333335,부산
14400,g005709,수영만 요트경기장,3.3333333333333335,부산
14401,g005709,밀란 더 마켓,4.0,부산
14402,g005709,광안리해수욕장,4.0,부산
14403,g005709,전포 카페거리,4.0,부산
14404,g005709,송도 해상 케이블카 송도 베이 스테이션,4.0,부산
14405,g005711,대전중앙시장,2.6666666666666665,대전
14406,g005711,한밭수목원,2.3333333333333335,대전
14407,g005711,대전중앙시장,4.0,대전
14408,g005711,CGV 대전터미널,4.333333333333333,대전
14409,g005725,대전근현대사전시관,2.3333333333333335,대전
14410,g005725,대전중앙시장,2.6666666666666665,대전
14411,g005725,한밭수목원,4.0,대전
14412,g005742,제천옥순봉 출렁다리,3.6666666666666665,충북
14413,g005745,도담삼봉 단양 유람선 선착장,4.333333333333333,충북
14414,g005745,단양 금굴 구석기 유적지,3.6666666666666665,충북
14415,g005745,단양구경시장,4.0,충북
14416,g005745,구인사,5.0,충북
14417,g005745,코리아 패러글라이딩,5.0,충북
14418,g005746,만성리 검은 모래해변,3.0,전남
14419,g005746,여수세계박람회 빅 오,1.3333333333333333,전남
14420,g005746,유월드 루지 테마파크,4.0,전남
14421,g005746,오동도,3.0,전남
14422,g005746,고소동 벽화마을,3.0,전남
14423,g005746,하멜등대,3.0,전남
14424,g005746,이순신광장,3.0,전남
14425,g005750,국립청주 박물관,5.0,충북
14426,g005750,상당산성,4.0,충북
14427,g005750,정북동 토성,4.0,충북
14428,g005754,한밭수목원,3.0,대전
14429,g005754,한밭수목원,4.0,대전
14430,g005754,대전중앙시장,2.3333333333333335,대전
14431,g005754,대청호 오백 리 길 4코스(호반 나이만 길),3.3333333333333335,대전
14432,g005754,테마 오래,3.3333333333333335,대전
14433,g005754,국립 중앙과학관,2.3333333333333335,대전
14434,g005762,대전근현대사전시관,3.3333333333333335,대전
14435,g005762,엑스포과학공원 한빛탑,3.3333333333333335,대전
14436,g005783,보성 녹차밭,4.0,전남
14437,g005783,율포해수욕장,4.0,전남
14438,g005786,활옷 동굴,5.0,충북
14439,g005793,단양 패러글라이딩 패러에 반하다,5.0,충북
14440,g005793,고수동굴,5.0,충북
14441,g005793,다누리 아쿠아리움,4.0,충북
14442,g005793,단양구경시장,5.0,충북
14443,g005795,영광 물 무산 행복 숲 질퍽질퍽 맨발 황톳길,5.0,전남
14444,g005798,소쇄원,3.0,전남
14445,g005798,딜라이트 담양,3.6666666666666665,전남
14446,g005806,아미 미술관,3.3333333333333335,충남
14447,g005807,이순신광장,3.6666666666666665,전남
14448,g005807,돌산공원,5.0,전남
14449,g005808,여수 낭만포차 거리,5.0,전남
14450,g005808,하멜등대,4.0,전남
14451,g005808,바다 김밥 본점,5.0,전남
14452,g005808,이순신광장,4.333333333333333,전남
14453,g005808,아르떼 뮤지엄 여수,4.0,전남
14454,g005809,전주 덕진공원,5.0,전북
14455,g005809,전주 덕진공원,5.0,전북
14456,g005809,동문 헌책 도서관,5.0,전북
14457,g005809,한벽 굴,5.0,전북
14458,g005809,경기전,5.0,전북
14459,g005809,전주 난장,4.0,전북
14460,g005809,오목대,2.0,전북
14461,g005811,만성리 검은 모래해변,4.0,전남
14462,g005811,이순신광장,4.0,전남
14463,g005811,아르떼 뮤지엄 여수,4.0,전남
14464,g005812,전주한옥마을,5.0,전북
14465,g005812,전동성당,4.0,전북
14466,g005812,자만 벽화마을,4.0,전북
14467,g005812,베테랑,5.0,전북
14468,g005814,아쿠아플라넷 여수,4.333333333333333,전남
14469,g005814,여수 서 초등학교,3.0,전남
14470,g005814,이순신광장,5.0,전남
14471,g005815,독립기념관,5.0,충남
14472,g005815,공세리성당,4.333333333333333,충남
14473,g005815,현충사,5.0,충남
14474,g005815,천안 옛날호두과자 본점,5.0,충남
14475,g005817,전주 남부시장 한옥마을 야시장,4.0,전북
14476,g005817,전주한옥마을,3.3333333333333335,전북
14477,g005817,자만 벽화마을,3.3333333333333335,전북
14478,g005817,한벽 굴,3.3333333333333335,전북
14479,g005828,순천만 달밤 야시장,3.0,전남
14480,g005828,아르떼 뮤지엄 여수,3.3333333333333335,전남
14481,g005828,오동도,2.0,전남
14482,g005828,만성리 검은 모래해변,1.6666666666666667,전남
14483,g005828,하멜등대,3.6666666666666665,전남
14484,g005828,여수 낭만포차 거리,4.0,전남
14485,g005828,오천 그린광장,4.333333333333333,전남
14486,g005828,순천드라마 촬영장,4.666666666666667,전남
14487,g005838,신흥동 일본식 가옥,3.0,전북
14488,g005838,경암동 철길마을,4.0,전북
14489,g005838,군산근대역사박물관,4.0,전북
14490,g005838,선유도해수욕장,5.0,전북
14491,g005838,말랭이 마을,4.0,전북
14492,g005838,옥녀 교차로,4.0,전북
14493,g005840,대전중앙시장,3.0,대전
14494,g005840,유림공원,5.0,대전
14495,g005840,한밭수목원,5.0,대전
14496,g005840,한밭수목원,5.0,대전
14497,g005840,엑스포과학공원 한빛탑,5.0,대전
14498,g005840,주교좌 대흥동 성당,3.0,대전
14499,g005840,성심당 문화원,5.0,대전
14500,g005840,중앙로 지하상가,3.0,대전
14501,g005840,대전중앙시장,3.0,대전
14502,g005841,청풍 호반 케이블카 물태리역,4.333333333333333,충북
14503,g005841,의림지,4.333333333333333,충북
14504,g005843,명암유원지,2.3333333333333335,충북
14505,g005843,국립청주 박물관,4.0,충북
14506,g005843,청주시립미술관,3.6666666666666665,충북
14507,g005843,국립현대미술관 청주,3.6666666666666665,충북
14508,g005843,청주 중앙공원,2.6666666666666665,충북
14509,g005843,육거리종합시장,2.0,충북
14510,g005843,정부대전청사 숲 숲의 공원 A,2.6666666666666665,대전
14511,g005843,한밭수목원,4.333333333333333,대전
14512,g005843,한밭수목원,4.666666666666667,대전
14513,g005843,한밭수목원,5.0,대전
14514,g005843,대전중앙시장,2.3333333333333335,대전
14515,g005843,명상 정원,4.0,대전
14516,g005843,소제동 카페거리,2.0,
14517,g005844,소아르떼,3.3333333333333335,전남
14518,g005855,오목대,5.0,전북
14519,g005855,전주 덕진공원,5.0,전북
14520,g005868,아르떼 뮤지엄 여수,4.0,전남
14521,g005868,아쿠아플라넷 여수,4.0,전남
14522,g005868,이순신광장,4.333333333333333,전남
14523,g005889,법주사,3.0,충북
14524,g005895,임페리얼레이크 CC,5.0,충북
14525,g005899,광주 양동 전통시장,5.0,광주
14526,g005899,5.18민주화운동 기록관,5.0,광주
14527,g005899,광주교,5.0,광주
14528,g005899,대인시장,5.0,광주
14529,g005905,오동도,3.6666666666666665,전남
14530,g005913,예산 상설시장,3.6666666666666665,충남
14531,g005913,봉수산 자연휴양림,5.0,충남
14532,g005913,예당호 모노레일,3.6666666666666665,충남
14533,g005913,예당호 출렁다리,5.0,충남
14534,g005913,윤봉길의사기념관,4.0,충남
14535,g005913,예산 상설시장,5.0,충남
14536,g005913,수덕사,5.0,충남
14537,g005920,전주 덕진공원,5.0,전북
14538,g005920,대천해수욕장,5.0,충남
14539,g005920,전주한옥마을,5.0,전북
14540,g005920,오목대,5.0,전북
14541,g005920,전주 덕진공원,5.0,전북
14542,g005921,만성리 검은 모래해변,4.0,전남
14543,g005921,이순신광장,4.0,전남
14544,g005921,여수 해상 케이블카 자산 정류장,4.0,전남
14545,g005921,돌산공원,4.0,전남
14546,g005921,여수 해상 케이블카 자산 정류장,4.0,전남
14547,g005925,웅천친수공원,5.0,전남
14548,g005925,유월드 루지 테마파크,5.0,전남
14549,g005925,소호동 동다리,5.0,전남
14550,g005925,하멜등대,5.0,전남
14551,g005925,이순신광장,3.6666666666666665,전남
14552,g005925,고소동 벽화마을,2.6666666666666665,전남
14553,g005925,여수세계박람회 스카이타워,5.0,전남
14554,g005932,전주 덕진공원,5.0,전북
14555,g005952,이순신광장,3.6666666666666665,전남
14556,g005952,여수세계박람회 빅 오,5.0,전남
14557,g005952,아쿠아플라넷 여수,3.3333333333333335,전남
14558,g005952,여수세계박람회 스카이타워,5.0,전남
14559,g005954,전주종합 경기장 주경기장,5.0,전북
14560,g005954,전동성당,5.0,전북
14561,g005954,롯데백화점 전주점,3.6666666666666665,전북
14562,g005959,현대백화점 충청점,5.0,충북
14563,g005959,의림지,5.0,충북
14564,g005960,전주 덕진공원,5.0,전북
14565,g005960,전주종합 경기장 주경기장,5.0,전북
14566,g005960,한벽 굴,5.0,전북
14567,g005960,전주한옥마을,5.0,전북
14568,g005967,목포역,3.0,전남
14569,g005974,국립전주 박물관,3.3333333333333335,전북
14570,g005974,전주천,4.666666666666667,전북
14571,g005975,K-water 충주댐 물 문화관,5.0,충북
14572,g005975,활옷 동굴,4.0,충북
14573,g005975,문경새재도립공원,5.0,경북
14574,g005975,문경새재 오픈세트장,3.0,경북
14575,g005975,수주팔봉 구름다리,5.0,충북
14576,g005978,대전 도산서원,3.0,대전
14577,g005978,엑스포과학공원 한빛탑,3.6666666666666665,대전
14578,g005978,카이스트 본원,5.0,대전
14579,g005982,전동성당,4.0,전북
14580,g005982,전주한옥마을,4.0,전북
14581,g005982,경기전,4.0,전북
14582,g005982,전주한옥 레일바이크,4.333333333333333,전북
14583,g005982,남천교,5.0,전북
14584,g005982,전주 덕진공원,5.0,전북
14585,g005982,청은 루,3.3333333333333335,전북
14586,g005990,진남관 (24년 말 예정),3.6666666666666665,전남
14587,g005990,고소동 벽화마을,3.0,전남
14588,g005990,이순신광장,4.0,전남
14589,g005990,여수 해상 케이블카 자산 정류장,5.0,전남
14590,g005990,무슬목해수욕장,4.0,전남
14591,g005990,순천만 국가정원,4.0,전남
14592,g005990,선암사,5.0,전남
14593,g005990,사성암,4.0,전남
14594,g005992,서산중앙호수공원,3.0,충남
14595,g005992,벌천포해수욕장,3.0,충남
14596,g005992,웅도,2.3333333333333335,충남
14597,g006003,예산 상설시장,5.0,충남
14598,g006003,스플 라스 워터파크,4.333333333333333,충남
14599,g006003,수덕사,4.666666666666667,충남
14600,g006020,구인사,4.0,충북
14601,g006020,단양구경시장,4.0,충북
14602,g006020,도담삼봉,4.666666666666667,충북
14603,g006020,다누리 아쿠아리움,4.0,충북
14604,g006020,사인암,4.0,충북
14605,g006020,이끼 터널,4.0,충북
14606,g006020,단양강잔도,5.0,충북
14607,g006023,성심당 문화원,5.0,대전
14608,g006023,대전중앙시장,2.3333333333333335,대전
14609,g006023,엑스포과학공원 한빛탑,2.6666666666666665,대전
14610,g006023,엑스포과학공원 한빛탑,5.0,대전
14611,g006023,엑스포다리,4.0,대전
14612,g006023,한밭수목원,3.6666666666666665,대전
14613,g006023,천연기념물 센터,5.0,대전
14614,g006029,꽃지 안면도 레포츠,4.0,충남
14615,g006029,삼봉해수욕장,4.666666666666667,충남
14616,g006029,꽃지해수욕장,5.0,충남
14617,g006029,백사장 어촌계 수산시장,5.0,충남
14618,g006029,꽃지해수욕장,5.0,충남
14619,g006055,목포근대역사관 1관,5.0,전남
14620,g006055,목포근대역사관 2관,5.0,전남
14621,g006055,성옥 기념관,5.0,전남
14622,g006055,목포근대역사 문화공간,5.0,전남
14623,g006055,목포 갓바위,5.0,전남
14624,g006055,목포자연사박물관,5.0,전남
14625,g006055,국립 해양문화재연구소 목포해양유물전시관,5.0,전남
14626,g006055,노을공원,5.0,전남
14627,g006055,서산동 시화 골목,5.0,전남
14628,g006057,여수수산물 특화시장,3.6666666666666665,전남
14629,g006057,롯데마트 여수점,2.6666666666666665,전남
14630,g006057,모사금해수욕장,4.0,전남
14631,g006061,만천하 스카이워크,5.0,충북
14632,g006061,도담삼봉 단양 유람선 선착장,5.0,충북
14633,g006061,단양구경시장,5.0,충북
14634,g006065,나주 중흥골드스파 리조트 워터라고,3.3333333333333335,전남
14635,g006076,이순신광장,5.0,전남
14636,g006076,웅천해수욕장,5.0,전남
14637,g006076,여수엑스포 컨벤션 센터,5.0,전남
14638,g006084,유관순 열사 기념관,3.6666666666666665,충남
14639,g006084,독립기념관,5.0,충남
14640,g006084,파라다이스 스파 도고,5.0,충남
14641,g006084,장영실 과학관,4.0,충남
14642,g006084,메가박스 천안,3.3333333333333335,충남
14643,g006084,성성 호수공원,3.3333333333333335,충남
14644,g006092,소노벨 천안 오션 어드벤처,2.6666666666666665,충남
14645,g006096,제천비행장,3.0,충북
14646,g006100,담양국수거리,5.0,전남
14647,g006100,메타 프로방스,2.0,전남
14648,g006100,오동도,4.0,전남
14649,g006101,천리포수목원,4.333333333333333,충남
14650,g006101,만리포해수욕장,4.333333333333333,충남
14651,g006101,태안 동부시장,1.6666666666666667,충남
14652,g006102,정이품송,3.6666666666666665,충북
14653,g006102,법주사,4.333333333333333,충북
14654,g006114,활옷 동굴,4.666666666666667,충북
14655,g006130,백제문화 단지,5.0,충남
14656,g006130,롯데리조트 부여 아쿠아 가든,3.6666666666666665,충남
14657,g006130,롯데 아웃렛 부여점,3.3333333333333335,충남
14658,g006130,무드 빌리지,5.0,충남
14659,g006130,백제문화 단지,4.333333333333333,충남
14660,g006132,이순신광장,5.0,전남
14661,g006132,오동도,5.0,전남
14662,g006132,여수 해상 케이블카,5.0,전남
14663,g006132,이순신광장,5.0,전남
14664,g006135,트레이더스 홀세일 클럽 천안아산점,3.6666666666666665,충남
14665,g006135,소노벨 천안 오션 어드벤처,3.6666666666666665,충남
14666,g006135,천안박물관,5.0,충남
14667,g006137,충청수영성,3.3333333333333335,충남
14668,g006137,상화원,4.0,충남
14669,g006137,대천해수욕장,4.0,충남
14670,g006137,롯데 프리미엄 아울렛 타임 빌라스,3.0,경기
14671,g006142,뒹굴 동구리,4.0,광주
14672,g006142,광주 사직공원,4.0,광주
14673,g006142,사직공원 전망타워,5.0,광주
14674,g006142,광주 기아 챔피언 스피드,5.0,광주
14675,g006142,무등산 국립공원,4.666666666666667,광주
14676,g006142,광주 기아 챔피언 스피드,5.0,광주
14677,g006142,광주 기아 챔피언 스피드,5.0,광주
14678,g006151,홈플러스 청주 성안점,4.0,충북
14679,g006152,죽녹원,5.0,전남
14680,g006152,아쿠아플라넷 여수,3.6666666666666665,전남
14681,g006161,고소동 벽화마을,5.0,전남
14682,g006161,여수 전통 서시장,5.0,전남
14683,g006161,만성리 검은 모래해변,5.0,전남
14684,g006161,만성리 검은 모래해변,5.0,전남
14685,g006161,만성리 검은 모래해변,5.0,전남
14686,g006161,이순신광장,5.0,전남
14687,g006163,수안보농협 하나로마트,1.0,충북
14688,g006168,여수 예술랜드,1.0,전남
14689,g006168,여수 미남크루즈,4.666666666666667,전남
14690,g006168,여수 챌린지 파크 루지,3.0,전남
14691,g006175,엑스포과학공원 한빛탑,4.0,대전
14692,g006175,엑스포과학공원 한빛탑,4.333333333333333,대전
14693,g006175,한밭수목원,4.0,대전
14694,g006179,장도,4.0,전남
14695,g006179,여수 해상 케이블카,4.0,전남
14696,g006179,오동도,4.0,전남
14697,g006180,제천 에코 브리지,3.3333333333333335,충북
14698,g006180,의림지,4.0,충북
14699,g006181,보령석탄 박물관,5.0,충남
14700,g006181,무창포해수욕장,5.0,충남
14701,g006189,의림지,3.6666666666666665,충북
14702,g006190,무주반딧불축제,4.0,전북
14703,g006190,무주반딧불축제,3.6666666666666665,전북
14704,g006190,무주반딧불축제,4.0,전북
14705,g006190,태권도원,4.333333333333333,전북
14706,g006190,무주 반디랜드,3.3333333333333335,전북
14707,g006190,나제통문,3.3333333333333335,전북
14708,g006196,청산수목원,3.0,충남
14709,g006197,아산스파비스,4.0,충남
14710,g006197,장영실 과학관,4.666666666666667,충남
14711,g006197,파라다이스 스파 도고,5.0,충남
14712,g006201,정북동 토성,5.0,충북
14713,g006201,연곡계곡,5.0,충북
14714,g006201,홈플러스 청주 성안점,5.0,충북
14715,g006201,국립청주 박물관,5.0,충북
14716,g006201,영암호,5.0,충북
14717,g006210,하멜등대,4.0,전남
14718,g006210,오동도,3.6666666666666665,전남
14719,g006210,여수 해상 케이블카,4.333333333333333,전남
14720,g006210,여수수산시장,4.666666666666667,전남
14721,g006212,광주 기아 챔피언 스피드,5.0,광주
14722,g006213,여수 챌린지 파크 루지,3.3333333333333335,전남
14723,g006213,여수 해상 케이블카,4.0,전남
14724,g006213,여수 낭만포차 거리,3.6666666666666665,
14725,g006213,아르떼 뮤지엄 여수,5.0,전남
14726,g006227,유월드 루지 테마파크,3.3333333333333335,전남
14727,g006227,유월드 다이노 밸리,3.6666666666666665,전남
14728,g006227,유월드 루지 테마파크,4.0,전남
14729,g006231,중앙로 지하상가,2.0,대전
14730,g006231,갤러리아백화점 타임월드점,5.0,대전
14731,g006231,성심당 대전역점,3.0,대전
14732,g006249,동국사,4.666666666666667,전북
14733,g006249,일제강점기 군산역사관,5.0,전북
14734,g006249,초원 사진관,3.6666666666666665,전북
14735,g006249,신흥동 일본식 가옥,5.0,전북
14736,g006249,경암동 철길마을,4.0,전북
14737,g006249,군산 월명공원,5.0,전북
14738,g006249,옛 군산세관,5.0,전북
14739,g006249,선유도해수욕장,2.3333333333333335,전북
14740,g006249,은파호수공원,5.0,전북
14741,g006256,대전중앙시장,5.0,대전
14742,g006256,대동 하늘공원,5.0,대전
14743,g006256,장태산자연휴양림,5.0,대전
14744,g006256,테마 오래,5.0,대전
14745,g006260,대청댐 전망대,5.0,충북
14746,g006260,엑스포과학공원 한빛탑,4.333333333333333,대전
14747,g006265,성심당 본점,4.666666666666667,대전
14748,g006280,계곡,5.0,
14749,g006280,구인사,5.0,충북
14750,g006280,불교 천태 중앙박물관,5.0,충북
14751,g006280,다누리 아쿠아리움,5.0,충북
14752,g006280,단양구경시장,5.0,충북
14753,g006287,아쿠아플라넷 여수,5.0,전남
14754,g006287,오동도,5.0,전남
14755,g006287,이순신광장,5.0,전남
14756,g006287,고소동 벽화마을,5.0,전남
14757,g006287,이순신광장,5.0,전남
14758,g006287,여수세계박람회 스카이타워,5.0,전남
14759,g006322,테마 오래,3.6666666666666665,대전
14760,g006322,한밭수목원,4.0,대전
14761,g006323,순천 조례호수공원,3.3333333333333335,전남
14762,g006325,피타 베이커스,5.0,
14763,g006325,바다 김밥 본점,1.3333333333333333,전남
14764,g006325,쓕,5.0,
14765,g006325,만성리 검은 모래해변,4.666666666666667,전남
14766,g006325,여수 예술랜드,4.0,전남
14767,g006325,여수 해상 케이블카,5.0,전남
14768,g006325,아르떼 뮤지엄 여수,5.0,전남
14769,g006325,쓕,5.0,
14770,g006325,갓버터도나스,2.6666666666666665,전남
14771,g006325,피타 베이커스,5.0,전남
14772,g006325,여수다,5.0,전남
14773,g006330,여수 전통 서시장,5.0,전남
14774,g006330,진남관 (24년 말 예정),5.0,전남
14775,g006330,여수 향교,4.0,전남
14776,g006330,이순신광장 전라좌수영 거북선,4.0,전남
14777,g006330,아르떼 뮤지엄 여수,5.0,전남
14778,g006330,여수 해상 케이블카 자산 정류장,4.0,전남
14779,g006330,오동도,4.0,전남
14780,g006330,오동도,5.0,전남
14781,g006331,수암골 전망대,2.6666666666666665,충북
14782,g006331,국립현대미술관 청주,3.6666666666666665,충북
14783,g006331,육거리종합시장,3.6666666666666665,충북
14784,g006359,딜라이트 담양,3.3333333333333335,전남
14785,g006359,담양 관방제림,2.3333333333333335,전남
14786,g006359,담양온천,3.3333333333333335,전남
14787,g006359,죽녹원,3.6666666666666665,전남
14788,g006359,메타 프로방스,1.6666666666666667,전남
14789,g006363,국립 해양생물자원관,4.666666666666667,충남
14790,g006363,춘장대해수욕장,3.3333333333333335,충남
14791,g006363,문헌서원,5.0,충남
14792,g006363,논산 선샤인 랜드,5.0,충남
14793,g006363,명재고택,5.0,충남
14794,g006363,국립세종수목원,5.0,세종특별자치시
14795,g006367,국립청주 박물관,5.0,충북
14796,g006367,청주동물원,3.0,
14797,g006367,괴산전통시장,3.0,충북
14798,g006367,국립현대미술관 청주,3.3333333333333335,충북
14799,g006372,신흥동 일본식 가옥,5.0,
14800,g006372,선유도,5.0,전북
14801,g006372,롯데마트 군산점,5.0,전북
14802,g006372,군산근대역사박물관,5.0,전북
14803,g006376,전주공예품 전시관,5.0,전북
14804,g006376,경기전,5.0,전북
14805,g006376,전주부채문화관,5.0,전북
14806,g006376,최명희문학관,3.6666666666666665,전북
14807,g006376,교동 미술관,3.6666666666666665,전북
14808,g006376,전동성당,4.333333333333333,전북
14809,g006376,전주 남부시장 한옥마을 야시장,3.3333333333333335,전북
14810,g006376,자만 벽화마을,3.3333333333333335,전북
14811,g006376,전주향교,4.0,전북
14812,g006378,한화생명 이글스 파크,3.3333333333333335,대전
14813,g006393,용천사,5.0,전남
14814,g006393,함평군 양서 파충류 생태공원,4.0,전남
14815,g006393,옐로 출렁다리,5.0,전남
14816,g006402,군산근대역사박물관,3.6666666666666665,전북
14817,g006402,군산근대 건축관,4.666666666666667,전북
14818,g006402,군산 시간 여행 마을,4.0,전북
14819,g006402,경암동 철길마을,3.3333333333333335,전북
14820,g006414,카페 석산,3.6666666666666665,전남
14821,g006414,목포 해상 케이블카 북항 승강장,3.6666666666666665,전남
14822,g006414,목포 갓바위,3.6666666666666665,전남
14823,g006414,채석강,4.666666666666667,전북
14824,g006414,내소사,4.0,전북
14825,g006414,변산해수욕장,5.0,전북
14826,g006442,한밭수목원,5.0,대전
14827,g006442,한밭수목원,5.0,대전
14828,g006447,남원시립 김병종 미술관,5.0,전북
14829,g006447,광한루원,3.0,전북
14830,g006447,화엄사계곡,5.0,전남
14831,g006459,세종 호수공원,4.0,세종특별자치시
14832,g006460,한밭수목원,2.6666666666666665,대전
14833,g006460,천연기념물 센터,4.666666666666667,대전
14834,g006460,한밭수목원,1.6666666666666667,대전
14835,g006460,엑스포과학공원 한빛탑,4.333333333333333,대전
14836,g006460,으능정이 문화의 거리,1.6666666666666667,대전
14837,g006461,한밭수목원,4.666666666666667,대전
14838,g006461,엑스포과학공원 한빛탑,3.3333333333333335,대전
14839,g006461,대청호 오백 리 길 1코스(두메마을 길),1.0,대전
14840,g006461,으능정이 스카이로드,4.0,대전
14841,g006461,중앙로 지하상가,4.666666666666667,대전
14842,g006462,만성리 검은 모래해변,2.6666666666666665,전남
14843,g006462,여수 미남크루즈,5.0,전남
14844,g006462,이순신광장,3.3333333333333335,전남
14845,g006462,좌수영 음식문화거리,4.0,전남
14846,g006462,순천만 국가정원,5.0,전남
14847,g006465,현대 프리미엄 아웃렛 대전점,4.0,대전
14848,g006465,유림공원,3.6666666666666665,대전
14849,g006465,대청호 오백 리 길 1코스(두메마을 길),3.0,대전
14850,g006468,소노벨 천안 오션 어드벤처,4.333333333333333,충남
14851,g006469,경기전,5.0,전북
14852,g006469,전동성당,3.6666666666666665,전북
14853,g006469,남천교,5.0,전북
14854,g006469,전주 난장,2.6666666666666665,전북
14855,g006470,한밭수목원,3.0,대전
14856,g006470,한밭수목원,2.6666666666666665,대전
14857,g006470,엑스포과학공원 한빛탑,5.0,대전
14858,g006470,대전중앙시장,1.3333333333333333,대전
14859,g006470,으능정이 문화의 거리,2.3333333333333335,대전
14860,g006473,선암사,4.333333333333333,전남
14861,g006473,송광사,5.0,전남
14862,g006473,송광사,5.0,전남
14863,g006473,송광사,5.0,전남
14864,g006473,송광사,5.0,전남
14865,g006475,전주종합 경기장 주경기장,5.0,전북
14866,g006477,공산성,5.0,충남
14867,g006477,나태주 골목길,4.0,충남
14868,g006477,제민천,3.3333333333333335,충남
14869,g006477,금강신관공원,5.0,충남
14870,g006482,테디베어뮤지엄 군산점,5.0,전북
14871,g006482,옛 군산세관,5.0,전북
14872,g006482,장미 갤러리,5.0,전북
14873,g006482,진포해양테마공원,5.0,전북
14874,g006489,주교좌 대흥동 성당,3.0,대전
14875,g006489,엑스포과학공원 한빛탑,4.0,대전
14876,g006489,국립대전현충원,4.666666666666667,대전
14877,g006492,목포 스카이워크,3.3333333333333335,전남
14878,g006492,국립 해양문화재연구소 목포해양유물전시관,5.0,전남
14879,g006492,목포 갓바위,3.0,전남
14880,g006492,목포근대역사관 1관,3.3333333333333335,전남
14881,g006496,용화사,5.0,대전
14882,g006496,시크릿가든,3.0,
14883,g006497,미황사,4.0,전남
14884,g006497,송호해수욕장,4.0,전남
14885,g006497,시문학파 기념관,5.0,전남
14886,g006497,사의재,4.333333333333333,전남
14887,g006497,세계 모란공원,5.0,전남
14888,g006497,보은산,3.3333333333333335,전남
14889,g006510,죽녹원,4.666666666666667,전남
14890,g006510,담양 관방제림,4.0,전남
14891,g006510,신세계백화점 광주신세계점,4.0,광주
14892,g006516,엑스포과학공원 한빛탑,3.6666666666666665,대전
14893,g006516,엑스포과학공원 한빛탑,3.0,대전
14894,g006516,엑스포과학공원 한빛탑,5.0,대전
14895,g006517,와온해변,5.0,전남
14896,g006517,향일암,5.0,전남
14897,g006517,여수수산시장,3.6666666666666665,전남
14898,g006517,오동도,5.0,전남
14899,g006517,돌산공원,3.0,전남
14900,g006517,스타벅스 더여수돌산DT점,1.0,전남
14901,g006517,화엄사,5.0,전남
14902,g006524,장도,3.6666666666666665,전남
14903,g006524,유월드 루지 테마파크,5.0,전남
14904,g006524,하멜등대,3.6666666666666665,전남
14905,g006524,이순신광장,4.333333333333333,전남
14906,g006529,신세계백화점 광주신세계점,4.0,광주
14907,g006529,광주 기아 챔피언 스피드,5.0,광주
14908,g006548,웅천친수공원,4.0,전남
14909,g006548,소호동 동다리,4.333333333333333,전남
14910,g006548,유월드 루지 테마파크,5.0,전남
14911,g006548,유월드 다이노 밸리,4.0,전남
14912,g006548,유월드 루지 테마파크,4.0,전남
14913,g006548,유월드 쥐라기 어드벤처,4.0,
14914,g006578,하멜등대,3.3333333333333335,전남
14915,g006578,여수 낭만포차 거리,3.0,전남
14916,g006578,유월드 루지 테마파크,5.0,전남
14917,g006578,모여 핀,5.0,전남
14918,g006578,이순신광장,3.0,전남
14919,g006578,아르떼 뮤지엄 여수,5.0,전남
14920,g006588,오동도,5.0,전남
14921,g006588,아르떼 뮤지엄 여수,5.0,전남
14922,g006601,예산 상설시장,3.6666666666666665,충남
14923,g006601,예당호 출렁다리,2.6666666666666665,충남
14924,g006606,문의문화재 단지,3.3333333333333335,충북
14925,g006629,한밭수목원,4.333333333333333,대전
14926,g006629,한밭수목원,3.6666666666666665,대전
14927,g006629,한밭수목원,5.0,대전
14928,g006629,으능정이 스카이로드,2.3333333333333335,대전
14929,g006629,대전 오월드,5.0,대전
14930,g006629,역전시장,2.3333333333333335,대전
14931,g006629,대전컨벤션 센터 제2전시장,5.0,대전
14932,g006651,여수 낭만포차 거리,4.666666666666667,전남
14933,g006651,오동도,4.0,전남
14934,g006651,이순신광장,5.0,전남
14935,g006651,아르떼 뮤지엄 여수,5.0,전남
14936,g006666,아르떼 뮤지엄 여수,3.3333333333333335,전남
14937,g006666,오동도,3.6666666666666665,전남
14938,g006666,여수 해상 케이블카 자산 정류장,4.333333333333333,전남
14939,g006666,하멜등대,3.3333333333333335,전남
14940,g006666,이순신광장,3.6666666666666665,전남
14941,g006666,카페 종화동,4.666666666666667,전남
14942,g006666,여수세계박람회 빅 오,4.0,전남
14943,g006666,아쿠아플라넷 여수,3.6666666666666665,전남
14944,g006668,부소담악,2.3333333333333335,충북
14945,g006668,청남대,2.6666666666666665,충북
14946,g006677,성심당 본점,5.0,대전
14947,g006677,뚜쥬루 돌가마점,5.0,충남
14948,g006698,한밭수목원,4.0,대전
14949,g006698,한밭수목원,4.0,대전
14950,g006698,성심당 본점,4.0,대전
14951,g006715,소노벨 천안 오션 어드벤처,5.0,충남
14952,g006718,군산근대역사박물관,4.0,전북
14953,g006718,옛 군산세관,2.6666666666666665,전북
14954,g006718,군산근대화 거리,4.0,전북
14955,g006718,신흥동 일본식 가옥,4.0,전북
14956,g006718,테디베어뮤지엄 군산점,5.0,전북
14957,g006725,국립나주 박물관,3.3333333333333335,전남
14958,g006730,고소동 벽화마을,5.0,전남
14959,g006730,하멜등대,5.0,전남
14960,g006730,아르떼 뮤지엄 여수,5.0,전남
14961,g006739,한밭수목원,5.0,대전
14962,g006739,중앙로 지하상가,5.0,대전
14963,g006741,연미산 자연미술공원,4.0,충남
14964,g006741,담양 관방제림,5.0,전남
14965,g006741,가마골,5.0,전남
14966,g006741,한국 대나무 박물관,5.0,전남
14967,g006741,메타 프로방스,4.0,전남
14968,g006741,소쇄원,5.0,전남
14969,g006741,메타세쿼이아 가로수길,5.0,전남
14970,g006741,채석강,5.0,전북
14971,g006764,대전중앙시장,3.0,대전
14972,g006764,으능정이 문화의 거리,3.6666666666666665,대전
14973,g006764,다다르다,4.0,대전
14974,g006768,거금 생태숲,5.0,전남
14975,g006768,거금 생태숲,4.0,전남
14976,g006775,영인산자연휴양림,5.0,충남
14977,g006775,신정호,3.3333333333333335,충남
14978,g006775,파라다이스 스파 도고,3.3333333333333335,충남
14979,g006775,외암민속마을,2.6666666666666665,충남
14980,g006777,국립덕유산자연휴양림,4.333333333333333,전북
14981,g006785,머더가 커 2호점,5.0,전북
14982,g006785,전동성당,2.3333333333333335,전북
14983,g006785,경기전,4.666666666666667,전북
14984,g006785,전주한옥마을,5.0,전북
14985,g006787,선소대교,3.0,전남
14986,g006787,아쿠아플라넷 여수,2.3333333333333335,전남
14987,g006800,오동도,5.0,전남
14988,g006800,여수 해상 케이블카 자산 정류장,5.0,전남
14989,g006800,여수 전통 서시장,5.0,전남
14990,g006800,여수수산시장,5.0,전남
14991,g006800,여수 전통 서시장,5.0,전남
14992,g006800,향일암,5.0,전남
14993,g006803,중앙로 지하상가,3.6666666666666665,대전
14994,g006805,전라감영,4.0,전북
14995,g006805,송광사,4.0,전남
14996,g006807,으능정이 스카이로드,3.3333333333333335,대전
14997,g006807,한화생명 이글스 파크,4.666666666666667,대전
14998,g006807,한밭수목원,4.0,대전
14999,g006818,아르떼 뮤지엄 여수,4.0,전남
15000,g006818,이순신광장,4.666666666666667,전남
15001,g006818,여수 해양공원,5.0,전남
15002,g006818,고소동 벽화마을,5.0,전남
15003,g006818,무슬목해수욕장,2.3333333333333335,전남
15004,g006818,여수세계박람회 기념관,5.0,전남
15005,g006818,몽돌해수욕장,5.0,전남
15006,g006818,오동도,5.0,전남
15007,g006822,군산근대화 거리,3.3333333333333335,전북
15008,g006822,동국사,2.3333333333333335,전북
15009,g006822,신흥동 일본식 가옥,3.0,전북
15010,g006822,초원 사진관,3.0,전북
15011,g006822,진포해양테마공원,3.3333333333333335,전북
15012,g006822,경암동 철길마을,3.0,전북
15013,g006822,선유도,5.0,전북
15014,g006822,장자도,3.6666666666666665,전북
15015,g006822,대장봉,3.3333333333333335,전북
15016,g006822,무녀도,4.0,전북
15017,g006822,옥돌해수욕장,5.0,전북
15018,g006822,선유도,5.0,전북
15019,g006822,은파호수공원,2.6666666666666665,전북
15020,g006828,보성 녹차밭,5.0,전남
15021,g006828,향일암,5.0,전남
15022,g006828,여수 미남크루즈,4.0,전남
15023,g006831,오동도,5.0,전남
15024,g006831,스타벅스 더여수돌산DT점,3.0,전남
15025,g006831,낭도,2.3333333333333335,전남
15026,g006831,통영중앙전통시장,5.0,경남
15027,g006831,오미자 꿀빵 도남점,3.0,경남
15028,g006831,전혁림미술관,5.0,경남
15029,g006831,통영시립 박물관,3.0,경남
15030,g006831,해저터널,3.3333333333333335,경남
15031,g006831,디피랑,5.0,경남
15032,g006831,고성 송학동 고분군,5.0,경남
15033,g006831,상족암 군립 공원,5.0,경남
15034,g006831,남일대해수욕장,5.0,경남
15035,g006831,사천 미술관,1.0,경남
15036,g006831,사천 바다 케이블카,5.0,경남
15037,g006834,오동도,5.0,전남
15038,g006834,여수 해양공원,5.0,전남
15039,g006834,향일암,5.0,전남
15040,g006834,이순신광장,5.0,전남
15041,g006834,장도,5.0,전남
15042,g006834,웅천친수공원,5.0,전남
15043,g006835,한벽당,5.0,전북
15044,g006835,롯데백화점 전주점,5.0,전북
15045,g006835,무드인 뮤트,5.0,전북
15046,g006835,전주 남부시장 청년몰,3.0,전북
15047,g006835,전주한옥마을,5.0,전북
15048,g006836,이순신광장,3.6666666666666665,전남
15049,g006836,순천만 국가정원,3.6666666666666665,전남
15050,g006842,청풍 호반 케이블카 물태리역,5.0,충북
15051,g006842,활옷 동굴,5.0,충북
15052,g006843,순천만습지,4.333333333333333,전남
15053,g006843,순천만 국가정원,5.0,전남
15054,g006843,이마트 순천점,3.6666666666666665,전남
15055,g006844,수덕사,4.0,충남
15056,g006859,전일빌딩 245,5.0,광주
15057,g006859,5.18민주화운동 기록관,5.0,광주
15058,g006859,국립아시아문화전당,4.0,광주
15059,g006859,지산유원지,3.3333333333333335,광주
15060,g006859,죽녹원,3.3333333333333335,전남
15061,g006860,천호 저수지,5.0,충남
15062,g006861,개심사,4.333333333333333,충남
15063,g006861,해미읍성,4.333333333333333,충남
15064,g006861,서산중앙호수공원,4.666666666666667,충남
15065,g006861,아미 미술관,5.0,충남
15066,g006861,스플 라스 워터파크,3.0,충남
15067,g006877,코스트코 세종점,5.0,세종특별자치시
15068,g006877,국립세종수목원,5.0,세종특별자치시
15069,g006877,이응 다리,5.0,세종특별자치시
15070,g006877,대한불교조계종 관제사,5.0,세종특별자치시
15071,g006893,한밭수목원,5.0,대전
15072,g006893,한밭수목원,4.666666666666667,대전
15073,g006893,중앙로 지하상가,4.0,대전
15074,g006910,국립현대미술관 청주,4.333333333333333,충북
15075,g006913,군산근대역사박물관,3.6666666666666665,전북
15076,g006913,옛 군산세관,2.6666666666666665,전북
15077,g006913,초원 사진관,2.6666666666666665,전북
15078,g006913,신흥동 일본식 가옥,3.6666666666666665,전북
15079,g006913,동국사,3.0,전북
15080,g006913,경암동 철길마을,5.0,전북
15081,g006913,새만금 종합수산시장,2.0,전북
15082,g006913,새만금 방조제 드라이브 코스,4.333333333333333,전북
15083,g006913,선유도해수욕장,3.6666666666666665,전북
15084,g006921,라마다플라자 바이 윈덤 여수 짚트랙,4.0,전남
15085,g006921,오동도,5.0,전남
15086,g006921,이순신광장,5.0,전남
15087,g006921,와온해변,5.0,전남
15088,g006925,순천만 국가정원,4.0,전남
15089,g006925,이순신광장,5.0,전남
15090,g006925,여수 해상 케이블카,5.0,전남
15091,g006945,선유도,4.0,전북
15092,g006945,선유도,4.0,전북
15093,g006945,군산근대역사박물관,3.0,전북
15094,g006945,옛 군산세관,3.3333333333333335,전북
15095,g006945,신흥동 일본식 가옥,1.0,전북
15096,g006945,경암동 철길마을,2.3333333333333335,전북
15097,g006946,전주한옥마을,4.333333333333333,전북
15098,g006946,자만 벽화마을,5.0,전북
15099,g006946,경기전,5.0,전북
15100,g006946,객사길,4.0,전북
15101,g006946,전주부채문화관,5.0,전북
15102,g006946,동문 헌책 도서관,5.0,전북
15103,g006947,장도 아트카페,5.0,전남
15104,g006947,여수 낭만포차 거리,3.3333333333333335,전남
15105,g006947,대숲골 농원,5.0,전남
15106,g006954,LF 스퀘어 광양점,4.666666666666667,전남
15107,g006961,화엄사,3.0,전남
15108,g006961,화엄사계곡,3.0,전남
15109,g006961,천은사,4.0,전남
15110,g006962,속리산국립공원,5.0,충북
15111,g006971,롯데백화점 대전점,4.0,대전
15112,g006971,뿌리공원,4.333333333333333,대전
15113,g006971,테마 오래,3.3333333333333335,
15114,g006971,풍유가,2.6666666666666665,대전
15115,g006974,법주사,5.0,충북
15116,g006974,말티재,4.0,충북
15117,g006974,속리산 테마파크 모노레일,4.0,충북
15118,g006975,만리포해수욕장,3.3333333333333335,충남
15119,g006975,천리포수목원,3.3333333333333335,충남
15120,g006975,파도리해수욕장,3.3333333333333335,충남
15121,g006975,아미 미술관,3.3333333333333335,충남
15122,g006975,삽교호 놀이공원,3.3333333333333335,충남
15123,g006975,수덕사,3.3333333333333335,충남
15124,g006975,예산 상설시장,3.3333333333333335,충남
15125,g006976,단양 청춘 패러,5.0,충북
15126,g006976,단양구경시장,3.0,충북
15127,g006976,하이원리조트,4.0,강원특별자치도
15128,g006976,영월고씨굴,5.0,강원특별자치도
15129,g006976,의림지,5.0,충북
15130,g006976,박달재 자연휴양림,5.0,충북
15131,g006983,아르떼 뮤지엄 여수,3.3333333333333335,전남
15132,g006983,아쿠아플라넷 여수,2.6666666666666665,전남
15133,g006986,이순신광장,5.0,전남
15134,g006989,오동도,3.6666666666666665,전남
15135,g006989,이순신광장,3.6666666666666665,전남
15136,g006996,상화원,3.6666666666666665,충남
15137,g006996,대천항 수산시장,3.0,충남
15138,g006999,군산 시간 여행 마을,4.0,전북
15139,g006999,은파호수공원,3.3333333333333335,전북
15140,g006999,짚트랙 코리아,4.0,충남
15141,g006999,대천해수욕장,5.0,충남
15142,g006999,롯데몰 군산점,4.0,전북
15143,g006999,경암동 철길마을,4.0,전북
15144,g006999,군산근대역사박물관,4.0,전북
15145,g007007,마이산 탑사,3.6666666666666665,전북
15146,g007008,오동도,3.6666666666666665,전남
15147,g007008,아르떼 뮤지엄 여수,5.0,전남
15148,g007008,고소동 벽화마을,4.0,전남
15149,g007012,대천해수욕장,5.0,충남
15150,g007012,대천해수욕장,5.0,충남
15151,g007013,공산성,4.0,충남
15152,g007013,국립세종수목원,4.666666666666667,세종특별자치시
15153,g007013,국립공주 박물관,4.666666666666667,충남
15154,g007013,공주 무령왕릉과 왕릉원,4.0,충남
15155,g007013,공주 메타세쿼이아숲길,4.666666666666667,충남
15156,g007015,순천만 국가정원,5.0,전남
15157,g007015,순천만습지,5.0,전남
15158,g007015,순천만습지,5.0,전남
15159,g007015,순천만 국가정원,5.0,전남
15160,g007015,와온해변,4.666666666666667,전남
15161,g007015,아랫장,2.0,전남
15162,g007015,광주 기아 챔피언 스피드,5.0,광주
15163,g007015,광주비엔날레,5.0,광주
15164,g007017,롯데마트 여수점,3.0,전남
15165,g007017,유월드 루지 테마파크,3.6666666666666665,전남
15166,g007017,여수 해상 케이블카,3.3333333333333335,전남
15167,g007017,아쿠아플라넷 여수,3.6666666666666665,전남
15168,g007017,아쿠아플라넷 여수,3.0,전남
15169,g007017,고소동 벽화마을,3.0,전남
15170,g007017,갓버터도나스,3.6666666666666665,전남
15171,g007017,여수다,4.666666666666667,전남
15172,g007017,이사부크루즈 국동 유람선,4.333333333333333,전남
15173,g007022,순천만 국가정원,5.0,전남
15174,g007022,청춘 창고,2.3333333333333335,전남
15175,g007029,만성리 검은 모래해변,5.0,전남
15176,g007033,아랫장,2.3333333333333335,전남
15177,g007033,와온해변,2.3333333333333335,전남
15178,g007033,보성 녹차밭,4.333333333333333,전남
15179,g007033,율포해수욕장,2.3333333333333335,전남
15180,g007035,아쿠아플라넷 여수,4.666666666666667,전남
15181,g007035,오동도,3.6666666666666665,전남
15182,g007035,여수 해상 케이블카 자산 정류장,5.0,전남
15183,g007035,여수 해상 케이블카,5.0,전남
15184,g007035,여수 해상 케이블카 자산 정류장,5.0,전남
15185,g007035,오동도 동백열차 타는 곳,5.0,전남
15186,g007037,은파호수공원,3.0,전북
15187,g007037,옥녀 교차로,5.0,전북
15188,g007038,엑스포과학공원 한빛탑,5.0,대전
15189,g007038,엑스포과학공원 한빛탑,4.0,대전
15190,g007041,두정 먹자골목,3.0,충남
15191,g007041,예산 상설시장,3.0,충남
15192,g007041,태조산공원,4.0,충남
15193,g007052,평화광장,5.0,전남
15194,g007054,아쿠아플라넷 여수,4.666666666666667,전남
15195,g007054,여수 해상 케이블카,4.333333333333333,전남
15196,g007054,오동도,2.3333333333333335,전남
15197,g007054,향일암,3.6666666666666665,전남
15198,g007058,국립세종수목원,5.0,세종특별자치시
15199,g007058,BRT 작은 미술관,3.6666666666666665,세종특별자치시
15200,g007058,국립 조세 박물관,3.6666666666666665,세종특별자치시
15201,g007058,세종 호수공원,5.0,세종특별자치시
15202,g007074,흥국사,2.3333333333333335,전남
15203,g007074,돌산공원,2.0,전남
15204,g007074,여수 미남크루즈,5.0,전남
15205,g007074,고소동 벽화마을,2.6666666666666665,전남
15206,g007074,하멜등대,3.0,전남
15207,g007074,무슬목해수욕장,5.0,전남
15208,g007086,죽녹원,4.0,전남
15209,g007086,죽녹원,3.0,전남
15210,g007086,메타 프로방스,4.0,전남
15211,g007086,메타 프로방스,4.0,전남
15212,g007086,담양농협 하나로마트 대형점,5.0,전남
15213,g007086,담양농협 하나로마트 대형점,5.0,전남
15214,g007099,팔복 예술공장,1.3333333333333333,전북
15215,g007099,전주 덕진공원,3.3333333333333335,전북
15216,g007099,전주한옥마을,4.0,전북
15217,g007099,전주한옥마을,4.0,전북
15218,g007099,전주한옥마을,4.333333333333333,전북
15219,g007104,여수 해상 케이블카,4.0,전남
15220,g007104,자산공원,4.333333333333333,전남
15221,g007104,오동도,4.0,전남
15222,g007104,향일암,4.666666666666667,전남
15223,g007104,아르떼 뮤지엄 여수,4.666666666666667,전남
15224,g007105,춘향테마파크,3.3333333333333335,전북
15225,g007105,성삼재,5.0,전북
15226,g007105,광한루원,5.0,전북
15227,g007120,상화원,5.0,충남
15228,g007120,대천해수욕장,5.0,충남
15229,g007120,짚트랙 코리아,3.3333333333333335,충남
15230,g007120,우유 창고,5.0,충남
15231,g007122,한밭수목원,5.0,대전
15232,g007122,대전근현대사전시관,5.0,대전
15233,g007122,HM 대전 둔산점,4.333333333333333,대전
15234,g007123,보령 청보리밭,4.0,충남
15235,g007123,충청수영성,4.333333333333333,충남
15236,g007123,대천해수욕장,5.0,충남
15237,g007123,오봉산해수욕장,5.0,충남
15238,g007123,오봉산해수욕장,5.0,충남
15239,g007152,성심당 문화원,3.0,
15240,g007152,한화생명 이글스 파크,4.333333333333333,대전
15241,g007157,삽교호 놀이공원,5.0,충남
15242,g007163,아미 미술관,5.0,충남
15243,g007163,합덕성당,5.0,충남
15244,g007163,삽교천,5.0,충남
15245,g007175,장태산자연휴양림 출렁다리,5.0,대전
15246,g007176,목포 해상 케이블카 북항 승강장,5.0,전남
15247,g007176,고하도 해인데 크,5.0,전남
15248,g007176,목포근대역사관 1관,3.3333333333333335,전남
15249,g007176,평화광장,2.6666666666666665,전남
15250,g007176,목포자연사박물관,5.0,전남
15251,g007180,죽녹원,4.0,전남
15252,g007196,은파호수공원,5.0,전북
15253,g007196,수호탑,4.0,전북
15254,g007196,진포해양테마공원,4.0,전북
15255,g007196,군산근대역사박물관,5.0,전북
15256,g007196,군산근대미술관,2.3333333333333335,전북
15257,g007199,대천해수욕장,4.0,충남
15258,g007208,온빛 자연휴양림,1.3333333333333333,충남
15259,g007208,원각사 전망대,4.0,전북
15260,g007208,남원시립 김병종 미술관,5.0,전북
15261,g007208,광한루원,4.333333333333333,전북
15262,g007208,서도역 영상 촬영장,4.333333333333333,전북
15263,g007209,머루와인동굴,4.333333333333333,전북
15264,g007209,덕유산국립공원,5.0,전북
15265,g007209,미즈노 씨네 트리하우스,5.0,전북
15266,g007213,파라다이스 스파 도고,3.6666666666666665,충남
15267,g007218,오동도,2.3333333333333335,전남
15268,g007218,아쿠아플라넷 여수,5.0,전남
15269,g007218,향일암,5.0,전남
15270,g007224,한벽 굴,4.0,전북
15271,g007224,전주 덕진공원,5.0,전북
15272,g007225,평화광장,4.333333333333333,전남
15273,g007225,목포 갓바위,4.666666666666667,전남
15274,g007225,목포 민어 골목,4.0,전남
15275,g007225,목포 대중음악의 전당,5.0,전남
15276,g007226,경기전,5.0,전북
15277,g007226,전주 남부시장 한옥마을 야시장,4.0,전북
15278,g007226,다이소 전주 본점,5.0,전북
15279,g007226,전동성당,4.666666666666667,전북
15280,g007226,오목대,5.0,전북
15281,g007226,전주 남부시장 한옥마을 야시장,3.3333333333333335,전북
15282,g007226,남천교,4.333333333333333,전북
15283,g007226,국립무형 유산원,2.0,전북
15284,g007226,오목교,3.6666666666666665,전북
15285,g007226,전주향교,4.666666666666667,전북
15286,g007227,NC백화점 청주점,5.0,충북
15287,g007227,발산공원,5.0,충북
15288,g007227,진재공원,5.0,충북
15289,g007228,청남대,2.6666666666666665,충북
15290,g007228,대청호 오백 리 길 4코스(호반 나이만 길),4.0,대전
15291,g007228,수통골,3.0,대전
15292,g007228,한밭수목원,3.0,대전
15293,g007228,한밭수목원,4.0,대전
15294,g007228,엑스포과학공원 한빛탑,5.0,대전
15295,g007228,성심당 본점,4.0,대전
15296,g007230,목포근대역사관 1관,3.0,전남
15297,g007230,목포근대역사관 2관,3.0,전남
15298,g007230,목포 스카이워크,2.6666666666666665,전남
15299,g007230,연희네 슈퍼,3.3333333333333335,전남
15300,g007231,우유 창고,3.6666666666666665,충남
15301,g007232,목포 해상 케이블카 북항 승강장,5.0,전남
15302,g007232,유달산,5.0,전남
15303,g007232,목포근대역사관 1관,5.0,전남
15304,g007232,목포근대역사관 2관,4.0,전남
15305,g007232,박지도,4.666666666666667,전남
15306,g007232,반월도,5.0,전남
15307,g007232,연희네 슈퍼,4.0,전남
15308,g007244,선운사,4.0,전북
15309,g007248,아쿠아플라넷 여수,5.0,전남
15310,g007248,이순신광장,5.0,전남
15311,g007248,롯데마트 여수점,4.0,전남
15312,g007258,여수 해상 케이블카,5.0,전남
15313,g007258,향일암,4.0,전남
15314,g007258,이사부크루즈 국동 유람선,5.0,전남
15315,g007258,아르떼 뮤지엄 여수,5.0,전남
15316,g007258,이순신광장,5.0,전남
15317,g007308,무창포해수욕장,5.0,충남
15318,g007308,국립부여박물관,5.0,충남
15319,g007308,궁남지,5.0,충남
15320,g007308,정림사지박물관 정림사지 5층 석탑,5.0,충남
15321,g007309,현대 프리미엄 아웃렛 대전점,4.0,대전
15322,g007310,벽골제,2.3333333333333335,전북
15323,g007310,아리랑 문학마을,5.0,전북
15324,g007310,채석강,5.0,전북
15325,g007310,선유도,3.0,전북
15326,g007310,전주 난장,5.0,전북
15327,g007310,익산보석 박물관,5.0,전북
15328,g007310,국립 익산 박물관,5.0,전북
15329,g007312,죽녹원,5.0,전남
15330,g007312,메타세쿼이아 가로수길,5.0,전남
15331,g007312,메타 프로방스,5.0,전남
15332,g007330,활옷 동굴,4.0,충북
15333,g007330,충주 박물관,4.0,충북
15334,g007330,중앙탑 사적공원,4.0,충북
15335,g007336,마곡사,4.666666666666667,충남
15336,g007338,한밭수목원,3.0,대전
15337,g007339,메타 프로방스,4.0,전남
15338,g007339,담양 관방제림,4.333333333333333,전남
15339,g007340,죽도봉공원,3.6666666666666665,
15340,g007340,순천만 국가정원,3.0,전남
15341,g007342,메타세쿼이아 가로수길,3.6666666666666665,전남
15342,g007347,담양 관방제림,5.0,전남
15343,g007347,담양국수거리,4.0,전남
15344,g007348,갤러리아백화점 타임월드점,4.666666666666667,대전
15345,g007348,현대백화점 무역센터점,4.0,서울
15346,g007351,대전 어린이 회관,3.3333333333333335,대전
15347,g007352,쌍곡계곡,5.0,충북
15348,g007354,장곡사,4.0,충남
15349,g007355,꽃지해수욕장,4.0,충남
15350,g007355,예산 상설시장,4.333333333333333,충남
15351,g007360,내장산국립공원,5.0,전북
15352,g007369,공주한옥마을,4.0,충남
15353,g007369,국립공주 박물관,4.333333333333333,충남
15354,g007371,한화생명 이글스 파크,5.0,대전
15355,g007374,아산스파비스,3.0,충남
15356,g007376,한화생명 이글스 파크,4.666666666666667,대전
15357,g007380,공세리성당,3.0,충남
15358,g007380,현충사,4.0,충남
15359,g007380,이마트 아산점,4.0,충남
15360,g007383,개화예술공원,4.0,충남
15361,g007383,보령석탄 박물관,4.666666666666667,충남
15362,g007386,평화광장,3.0,전남
15363,g007393,세종 호수공원,5.0,세종특별자치시
15364,g007401,메타 프로방스,4.0,전남
15365,g007404,구인사,5.0,충북
15366,g007404,단양구경시장,3.6666666666666665,충북
15367,g007404,도담삼봉 관광지,4.333333333333333,충북
15368,g007404,사인암,4.666666666666667,충북
15369,g007405,대전 오월드 버드랜드,3.6666666666666665,대전
15370,g007410,순천만 국가정원,4.0,전남
15371,g007410,순천만 달밤 야시장,1.3333333333333333,전남
15372,g007411,평화광장,4.0,전남
15373,g007413,삽교호 놀이공원,5.0,충남
15374,g007413,삼길포항,5.0,충남
15375,g007413,웅도,5.0,충남
15376,g007414,한밭수목원,5.0,대전
15377,g007414,엑스포다리,5.0,대전
15378,g007416,담양 관방제림,5.0,전남
15379,g007417,무드인 뮤트,5.0,전북
15380,g007417,오브젝트 전주점,5.0,전북
15381,g007417,경기전,5.0,전북
15382,g007417,전주한옥마을,5.0,전북
15383,g007417,전주 남부시장 한옥마을 야시장,5.0,전북
15384,g007417,전주 덕진공원,5.0,전북
15385,g007417,전주한옥마을,5.0,전북
15386,g007420,만성리 검은 모래해변,3.3333333333333335,전남
15387,g007432,포레스트 리솜 해브나인스파,3.0,충북
15388,g007432,의림지,5.0,충북
15389,g007433,엑스포과학공원 한빛탑,5.0,대전
15390,g007433,상소동 산림욕장,5.0,대전
15391,g007434,국립생태원,5.0,충남
15392,g007434,초원 사진관,5.0,전북
15393,g007434,진포해양테마공원,4.0,전북
15394,g007434,장항송림 산림욕장,5.0,충남
15395,g007435,남노갈비 본점,3.6666666666666665,전북
15396,g007435,전동성당,5.0,전북
15397,g007454,국립아시아문화전당,3.6666666666666665,광주
15398,g007454,전일빌딩 245,5.0,광주
15399,g007454,유일선 선교사 사택,3.0,광주
15400,g007454,뒹굴 동구리,3.6666666666666665,광주
15401,g007454,1913 송정역시장,3.6666666666666665,광주
15402,g007476,아르떼 뮤지엄 여수,2.6666666666666665,전남
15403,g007476,순이네 밥상,3.3333333333333335,전남
15404,g007476,유월드 루지 테마파크,5.0,전남
15405,g007476,방죽포해수욕장,3.6666666666666665,전남
15406,g007476,여수 예술랜드,5.0,전남
15407,g007476,만성리 검은 모래해변,3.3333333333333335,전남
15408,g007513,엑스포과학공원 한빛탑,5.0,대전
15409,g007513,한국조폐공사 화폐박물관,5.0,대전
15410,g007513,천연기념물 센터,5.0,대전
15411,g007513,엑스포과학공원 한빛탑,5.0,대전
15412,g007513,트래블 라운지,5.0,대전
15413,g007514,메타세쿼이아 길,4.0,
15414,g007515,목포 갓바위,5.0,전남
15415,g007523,으능정이 스카이로드,4.333333333333333,대전
15416,g007523,중앙로 지하상가,4.0,대전
15417,g007523,국립 중앙과학관,4.666666666666667,대전
15418,g007524,해미읍성,5.0,충남
15419,g007524,해미 순교성지,5.0,충남
15420,g007524,서산중앙호수공원,5.0,충남
15421,g007528,나주향교,3.0,전남
15422,g007528,금성관,4.0,전남
15423,g007535,무주 덕유산리조트 관광곤돌라,5.0,전북
15424,g007535,무주 덕유산리조트 관광곤돌라,4.0,전북
15425,g007536,예산 상설시장,5.0,충남
15426,g007537,대천해수욕장,4.333333333333333,충남
15427,g007537,대천항 수산시장,3.6666666666666665,충남
15428,g007537,대천해수욕장,4.333333333333333,충남
15429,g007538,담양 관방제림,3.3333333333333335,전남
15430,g007540,여수 챌린지 파크 루지,5.0,전남
15431,g007540,오동도,3.0,전남
15432,g007546,정남진 물 축제,5.0,전남
15433,g007546,정남진 장흥 토요시장,5.0,전남
15434,g007565,익산 교도소 세트장,4.0,전북
15435,g007576,온양온천시장,3.0,충남
15436,g007596,성심당 본점,5.0,대전
15437,g007596,한화생명 이글스 파크,5.0,대전
15438,g007614,카페 산,5.0,충북
15439,g007614,고수동굴,3.0,충북
15440,g007614,도담삼봉,4.666666666666667,충북
15441,g007614,단양구경시장,3.6666666666666665,충북
15442,g007622,독립기념관,5.0,충남
15443,g007628,소아르떼,3.0,전남
15444,g007628,담양 관방제림,4.0,전남
15445,g007644,꽃지해수욕장,4.0,충남
15446,g007644,서천특화시장,5.0,충남
15447,g007644,국립희리산해송자연휴양림,5.0,충남
15448,g007644,홍원항 전어 꽃게축제,2.6666666666666665,충남
15449,g007644,춘장대해수욕장,5.0,충남
15450,g007644,비인 해수욕장,5.0,충남
15451,g007675,부여 가림성,5.0,충남
15452,g007679,벽골제,3.6666666666666665,전북
15453,g007681,뚜쥬루 돌가마점,2.6666666666666665,충남
15454,g007681,각원사,4.0,충남
15455,g007681,미나릿길벽화마을,1.0,충남
15456,g007681,아라리오갤러리 천안,2.6666666666666665,충남
15457,g007684,예산 상설시장,5.0,충남
15458,g007690,유성온천공원 족욕체험장,4.0,대전
15459,g007694,미나릿길벽화마을,2.0,충남
15460,g007694,천안중앙시장,3.0,충남
15461,g007694,온양온천랜드,3.6666666666666665,충남
15462,g007694,갤러리아백화점 센터시티점,2.6666666666666665,충남
15463,g007694,아라리오갤러리 천안,3.0,충남
15464,g007718,목포자연사박물관,4.666666666666667,전남
15465,g007718,목포자연사박물관 문예역사관,3.6666666666666665,전남
15466,g007718,목포생활도자 박물관,4.666666666666667,전남
15467,g007727,갤러리아백화점 타임월드점,4.333333333333333,대전
15468,g007727,유림공원,4.0,대전
15469,g007729,롯데백화점 대전점,3.3333333333333335,대전
15470,g007757,오송 호수공원,3.6666666666666665,충북
15471,g007762,짚트랙 코리아,5.0,충남
15472,g007762,청보리 창고,5.0,충남
15473,g007765,죽녹원,4.0,전남
15474,g007774,홈플러스 논산점,3.6666666666666665,
15475,g007776,대전 오월드,5.0,대전
15476,g007776,현대 프리미엄 아웃렛 대전점,5.0,대전
15477,g007779,영동 와인터널,2.6666666666666665,충북
15478,g007785,국립아시아문화전당,5.0,광주
15479,g007786,공주 메타세쿼이아숲길,4.0,충남
15480,g007786,국립공주 박물관,3.3333333333333335,충남
15481,g007786,공산성,3.0,충남
15482,g007786,황새바위 성지,2.6666666666666665,충남
15483,g007787,국립세종수목원,5.0,세종특별자치시
15484,g007789,웅천친수공원,4.0,전남
15485,g007792,카페 프로젝트 냠냠냠,3.3333333333333335,전남
15486,g007793,담양 관방제림,3.6666666666666665,전남
15487,g007793,메타세쿼이아 가로수길,3.0,전남
15488,g007807,금산사,4.333333333333333,전북
15489,g007807,풍남문,4.333333333333333,전북
15490,g007810,1913 송정역시장,5.0,광주
15491,g007884,아쿠아플라넷 여수,5.0,전남
15492,g007884,여수세계박람회 스카이타워,4.333333333333333,전남
15493,g007884,이순신광장,5.0,전남
15494,g007895,금성관,5.0,전남
15495,g007895,도래마을,5.0,전남
15496,g007895,빛가람 전망대,5.0,전남
15497,g007932,한밭수목원,5.0,대전
15498,g007932,중앙로 지하상가,5.0,대전
15499,g007936,이순신광장,3.6666666666666665,전남
15500,g007936,아쿠아플라넷 여수,3.0,전남
15501,g007936,디오션리조트 워터파크,3.0,전남
15502,g007936,유월드 루지 테마파크,2.6666666666666665,전남
15503,g007947,국립세종수목원,5.0,세종특별자치시
15504,g007947,조치원 테마거리,2.3333333333333335,세종특별자치시
15505,g007984,부소산성,4.333333333333333,충남
15506,g007984,부여 가림성,4.666666666666667,충남
15507,g007984,롯데 아웃렛 부여점,1.6666666666666667,충남
15508,g007984,백제문화 단지,4.333333333333333,충남
15509,g007992,정동문화사,5.0,대전
15510,g007992,한화생명 이글스 파크,5.0,대전
15511,g007993,엑스포과학공원 한빛탑,4.333333333333333,대전
15512,g008035,롯데백화점 대전점,5.0,대전
15513,g008035,엑스포과학공원 한빛탑,3.0,대전
15514,g008035,엑스포과학공원 한빛탑,3.0,대전
15515,g008035,국립 중앙과학관,5.0,대전
15516,g008048,의림지 용추폭포 유리 전망대,5.0,충북
15517,g008048,글루글루,4.0,충북
15518,g008048,청풍호 관광 모노레일,4.0,충북
15519,g008048,청풍 호반 케이블카 비봉산 역,5.0,충북
15520,g008048,청풍 호반 케이블카 물태리역,5.0,충북
15521,g008048,청풍문화재 단지,3.3333333333333335,충북
15522,g008051,5.18기념공원,5.0,광주
15523,g008055,아쿠아플라넷 여수,5.0,전남
15524,g008055,돌산공원,3.3333333333333335,전남
15525,g008055,소호동 동다리,4.0,전남
15526,g008062,도담삼봉,4.666666666666667,충북
15527,g008062,단양구경시장,4.333333333333333,충북
15528,g008062,다누리 아쿠아리움,4.0,충북
15529,g008062,고수동굴,5.0,충북
15530,g008062,단양구경시장,3.3333333333333335,충북
15531,g008062,수양개 빛 터널,3.0,충북
15532,g008062,단양 패러글라이딩 패러에 반하다,5.0,충북
15533,g008090,전주 난장,4.666666666666667,전북
15534,g008090,경기전,5.0,전북
15535,g008098,한밭수목원,3.6666666666666665,대전
15536,g008098,한밭수목원,4.666666666666667,대전
15537,g008104,익산 교도소 세트장,3.3333333333333335,전북
15538,g008104,만경강,5.0,전북
15539,g008106,마애,5.0,전남
15540,g008141,한밭수목원,4.0,대전
15541,g008141,엑스포과학공원 한빛탑,3.3333333333333335,대전
15542,g008176,한밭수목원,3.3333333333333335,대전
15543,g008176,엑스포과학공원 한빛탑,2.6666666666666665,대전
15544,g008219,경기전,4.0,전북
15545,g008219,전주한옥마을,4.0,전북
15546,g008224,성심당 케이크 부티크,4.0,대전
15547,g008224,성심당 문화원,3.0,대전
15548,g008283,현충사,5.0,충남
15549,g008283,은행나무 길,5.0,충남
15550,g008283,신정호,5.0,충남
15551,g008284,죽녹원,4.0,전남
15552,g008304,풍유가,3.0,대전
15553,g008304,한밭수목원,3.6666666666666665,대전
15554,g008304,한밭수목원,3.0,대전
15555,g008332,삽교호 놀이공원,4.666666666666667,충남
15556,g008332,삽교호 함상공원,4.0,충남
15557,g008338,남원 랜드,3.6666666666666665,전북
15558,g008338,광한루원,5.0,전북
15559,g008368,파라다이스 스파 도고,5.0,충남
15560,g008382,성심당 본점,5.0,대전
15561,g008382,뿌리공원,5.0,대전
15562,g008382,대전 오월드,5.0,대전
15563,g008383,중앙시장 정원 상가,5.0,대전
15564,g008383,한밭수목원,5.0,대전
15565,g008402,경암동 철길마을,4.0,전북
15566,g008402,이마트 군산점,4.0,전북
15567,g008402,초원 사진관,3.0,전북
15568,g008405,국립세종 도서관,3.6666666666666665,세종특별자치시
15569,g008421,목포근대역사관 1관,3.0,전남
15570,g008421,목포 갓바위,4.0,전남
15571,g008421,평화광장,5.0,전남
15572,g008421,동부시장,4.0,전남
15573,g008434,공산성,5.0,충남
15574,g008434,웅진백제역사관,5.0,충남
15575,g008434,공주 무령왕릉과 왕릉원,3.3333333333333335,충남
15576,g008434,국립공주 박물관,5.0,충남
15577,g008434,공주 무령왕릉과 왕릉원,4.333333333333333,충남
15578,g008434,황새바위 성지,5.0,충남
15579,g008434,중동성당,4.0,충남
15580,g008434,충청남도 역사박물관,5.0,충남
15581,g008434,공주 독립운동 기념관,5.0,충남
15582,g008434,공주 산성시장,5.0,충남
15583,g008434,공주 산성시장 문화공원,5.0,충남
15584,g008435,여수 해상 케이블카,4.333333333333333,전남
15585,g008435,여수 해상 케이블카,4.333333333333333,전남
15586,g008435,여수 낭만포차 거리,4.0,전남
15587,g008435,하멜등대,4.0,전남
15588,g008435,아쿠아플라넷 여수,5.0,전남
15589,g008435,아르떼 뮤지엄 여수,4.0,전남
15590,g008471,전주한옥마을,5.0,전북
15591,g008514,활옷 동굴,3.0,충북
15592,g008514,탄금대,3.6666666666666665,충북
15593,g008520,내소사,5.0,전북
15594,g008520,격포해수욕장,5.0,전북
15595,g008520,격포해수욕장,4.666666666666667,전북
15596,g008520,채석강,5.0,전북
15597,g008520,적벽강,4.0,전북
15598,g008520,격포해수욕장,4.666666666666667,전북
15599,g008520,변산해수욕장,4.0,전북
15600,g008520,선유도,4.666666666666667,전북
15601,g008520,군산근대화 거리,4.0,전북
15602,g008520,군산근대역사박물관,5.0,전북
15603,g008520,장미 갤러리,3.6666666666666665,전북
15604,g008520,신흥동 일본식 가옥,3.3333333333333335,전북
15605,g008520,군산 시간 여행 마을,3.3333333333333335,전북
15606,g008520,은파호수공원,3.3333333333333335,전북
15607,g008531,담양 관방제림,4.666666666666667,전남
15608,g008531,플라타너스 별빛달빛길,4.0,전남
15609,g008603,신정호 관광단지,5.0,충남
15610,g008626,신흥동 일본식 가옥,4.0,전북
15611,g008626,말랭이 마을,4.0,전북
15612,g008626,은파호수공원,5.0,전북
15613,g008659,메타세쿼이아 가로수길,3.3333333333333335,전남
15614,g008659,송강정,3.3333333333333335,전남
15615,g008659,소쇄원,4.0,전남
15616,g008733,베테랑,4.0,전북
15617,g008733,경기전,3.6666666666666665,전북
15618,g008733,전주 남부시장 한옥마을 야시장,4.0,전북
15619,g008737,엑스포과학공원 한빛탑,5.0,대전
15620,g008763,신세계백화점 천안아산점,4.0,충남
15621,g008763,아라리오갤러리 천안,4.0,충남
15622,g008781,메가박스 목포 하당,5.0,전남
15623,g008789,하멜등대,4.0,전남
15624,g008789,방죽포해수욕장,3.6666666666666665,전남
15625,g008798,나주 중흥골드스파 리조트 워터라고,4.333333333333333,전남
15626,g008812,우전해수욕장,5.0,전남
15627,g008812,우전해수욕장,5.0,전남
15628,g008812,메타 프로방스,3.6666666666666665,전남
15629,g008830,엑스포과학공원 한빛탑,5.0,대전
15630,g008830,엑스포과학공원 한빛탑,5.0,대전
15631,g008830,상소동 산림욕장,4.666666666666667,대전
15632,g008859,예당호 모노레일,4.333333333333333,충남
15633,g008859,예당호 출렁다리,5.0,충남
15634,g008859,예산 상설시장,5.0,충남
15635,g008863,운림산방,3.3333333333333335,전남
15636,g008863,진도향토문화회관,3.0,전남
15637,g008866,신흥동 일본식 가옥,4.0,전북
15638,g008866,말랭이 마을,4.0,전북
15639,g008866,경암동 철길마을,3.6666666666666665,전북
15640,g008873,수생식물학습원,2.3333333333333335,충북
15641,g008878,대천해수욕장,5.0,
15642,g008878,대천해수욕장,5.0,
15643,g008878,대천해수욕장,5.0,
15644,g008895,메타 45카페,4.666666666666667,세종특별자치시
15645,g008895,성심당 본점,3.0,대전
15646,g008902,성심당 본점,4.333333333333333,대전
15647,g008902,한밭수목원,4.0,대전
15648,g008925,녹테마레,3.0,전남
15649,g008928,국립 해양문화재연구소 목포해양유물전시관,2.3333333333333335,전남
15650,g008928,목포근대역사관 1관,5.0,전남
15651,g008968,만성리 검은 모래해변,4.0,전남
15652,g008968,신덕해수욕장,2.0,전남
15653,g008968,큰끝 등대,5.0,전남
15654,g008968,향일암,5.0,전남
15655,g009026,성심당 문화원,5.0,대전
15656,g009026,둔산 선사유적지,5.0,대전
15657,g009026,한밭수목원,5.0,대전
15658,g009026,한밭수목원,5.0,대전
15659,g009026,한밭수목원,5.0,대전
15660,g009026,엑스포과학공원 한빛탑,5.0,대전
15661,g009034,동부창고,3.3333333333333335,충북
15662,g009034,국립현대미술관 청주,5.0,충북
15663,g009034,국립현대미술관 청주,2.0,충북
15664,g009114,남이자연휴양림 산림문화타운,5.0,충남
15665,g009114,남이자연휴양림 산림문화타운,5.0,충남
15666,g009194,불갑산,4.333333333333333,전남
15667,g009194,불갑사,4.0,전남
15668,g009210,지중해마을,1.6666666666666667,충남
15669,g009210,삽교호,4.0,충남
15670,g009219,메타세쿼이아 길,5.0,
15671,g009219,메타 프로방스,4.0,전남
15672,g009232,한밭수목원,4.0,대전
15673,g009232,다다르다,4.333333333333333,대전
15674,g009233,하멜등대,5.0,전남
15675,g009233,고소동 벽화마을,5.0,전남
15676,g009233,이순신광장,5.0,전남
15677,g009266,옛 군산세관,1.3333333333333333,전북
15678,g009266,장미 갤러리,5.0,전북
15679,g009266,뜬다리 부두,2.3333333333333335,전북
15680,g009266,초원 사진관,5.0,전북
15681,g009267,원불교 익산 성지,5.0,전북
15682,g009273,으능정이 스카이로드,4.0,대전
15683,g009273,목척교,5.0,대전
15684,g009283,담양 관방제림,4.333333333333333,전남
15685,g009283,딜라이트 담양,5.0,전남
15686,g009291,전주한옥마을,4.333333333333333,전북
15687,g009320,롯데백화점 대전점,5.0,대전
15688,g009325,화순 동가리 계곡,4.666666666666667,
15689,g009329,상소동 산림욕장,5.0,대전
15690,g009332,은행나무 길,5.0,충남
15691,g009332,공세리성당,5.0,충남
15692,g009348,파라다이스 스파 도고,4.666666666666667,충남
15693,g009355,전남도립미술관,5.0,전남
15694,g009362,소쇄원,4.0,전남
15695,g009362,담빛예술창고,4.0,전남
15696,g009365,담양 관방제림,3.6666666666666665,전남
15697,g009367,봉수산 자연휴양림,3.0,충남
15698,g009367,예당관광지,4.0,충남
15699,g009367,예산 상설시장,5.0,충남
15700,g009367,예당관광지,3.6666666666666665,충남
15701,g009367,예산 상설시장,4.0,충남
15702,g009368,온양온천시장,4.0,충남
15703,g009370,국립세종수목원,5.0,세종특별자치시
15704,g009372,대전천,4.0,대전
15705,g009372,한밭수목원,5.0,대전
15706,g009372,한밭수목원,5.0,대전
15707,g009372,대전중앙시장,4.666666666666667,대전
15708,g009401,전남대학교 광주캠퍼스,3.6666666666666665,광주
15709,g009401,펭귄 마을,3.0,광주
15710,g009414,대전근현대사전시관,3.3333333333333335,대전
15711,g009414,한밭수목원,5.0,대전
15712,g009414,한밭수목원,5.0,대전
15713,g009442,원각사,5.0,
15714,g009442,영동포도축제,4.333333333333333,
15715,g009442,옥계폭포,3.3333333333333335,충북
15716,g009465,국립전주 박물관,5.0,전북
15717,g009465,국립전주 박물관,5.0,전북
15718,g009482,이이남 갤러리 카페,4.0,광주
15719,g009503,성심당 문화원,3.0,대전
15720,g009503,국립 중앙과학관 과학기술관,4.666666666666667,대전
15721,g009503,엑스포과학공원 한빛탑,4.666666666666667,대전
15722,g009503,엑스포과학공원 한빛탑,4.0,대전
15723,g009503,한밭수목원,5.0,대전
15724,g009533,수양개 선사유물전시관,3.6666666666666665,충북
15725,g009533,만천하 스카이워크,4.333333333333333,충북
15726,g009533,도담삼봉,4.333333333333333,충북
15727,g009557,여수 해양공원,5.0,전남
15728,g009573,대천해수욕장,5.0,충남
15729,g009577,오동도,5.0,전남
15730,g009577,돌산공원,5.0,전남
15731,g009577,순천만 국가정원,5.0,전남
15732,g009577,순천만습지,5.0,전남
15733,g009630,활옷 동굴,4.666666666666667,
15734,g009630,도담삼봉 관광지,2.6666666666666665,충북
15735,g009639,남선공원 종합체육관 스케이트장,4.0,대전
15736,g009639,유성온천공원 족욕체험장,3.0,대전
15737,g009639,한밭수목원,4.0,대전
15738,g009639,한밭수목원,3.3333333333333335,대전
15739,g009639,엑스포과학공원 한빛탑,4.333333333333333,대전
15740,g009661,오거리문화센터,5.0,전남
15741,g009661,목포진 역사공원,5.0,전남
15742,g009661,목포근대역사관 1관,5.0,전남
15743,g009661,목포근대역사관 2관,5.0,전남
15744,g009661,고하도 전망대,5.0,전남
15745,g009732,전주 남부시장 청년몰,5.0,전북
15746,g009732,전주한옥마을,5.0,전북
15747,g009732,전주 풍개 지관,5.0,전북
15748,g009732,객사길,5.0,전북
15749,g009738,테마 오래,4.333333333333333,대전
15750,g009738,한밭수목원,5.0,대전
15751,g009745,육거리종합시장,2.6666666666666665,충북
15752,g009745,성안길,4.0,충북
15753,g009768,마곡사,2.6666666666666665,충남
15754,g009768,공주 메타세쿼이아숲길,2.6666666666666665,충남
15755,g009768,공주 산성시장,3.6666666666666665,충남
15756,g009768,공산성,3.3333333333333335,충남
15757,g009783,한화생명 이글스 파크,5.0,대전
15758,g009798,해미읍성,5.0,충남
15759,g009802,대전근현대사전시관,5.0,대전
15760,g009802,한밭수목원,5.0,대전
15761,g009802,한밭수목원,5.0,대전
15762,g009802,카이스트 본원,5.0,대전
15763,g009815,한밭수목원,5.0,대전
15764,g009819,단양구경시장,5.0,충북
15765,g009858,경기전,3.3333333333333335,전북
15766,g009858,전동성당,3.0,전북
15767,g009858,전주동물원,3.3333333333333335,전북
15768,g009864,외암민속마을,2.6666666666666665,충남
15769,g009864,공세리성당,4.0,충남
15770,g009879,한밭수목원,5.0,대전
15771,g009879,엑스포과학공원 한빛탑,3.0,대전
15772,g009879,엑스포과학공원 한빛탑,4.0,대전
15773,g009898,영동포도축제,4.0,
15774,g009898,영동 와인터널,3.0,충북
15775,g009898,영동포도축제,4.0,
15776,g009913,카페 산,5.0,충북
15777,g009929,코스트코 세종점,4.0,세종특별자치시
15778,g009931,대전근현대사전시관,4.333333333333333,대전
15779,g009962,전동성당,4.333333333333333,전북
15780,g009962,카카오 프렌즈 전주한옥마을점,4.333333333333333,전북
15781,g009962,오목대,5.0,전북
15782,g009962,한벽당,5.0,전북
15783,g009962,한벽 굴,3.3333333333333335,전북
15784,g009962,자만 벽화마을,3.0,전북
15785,g009962,전주향교,5.0,전북
15786,g009962,최명희문학관,5.0,전북
15787,g009962,전주랑 제주랑,4.0,전북
15788,g009973,전일빌딩 245,5.0,광주
15789,g009973,국립아시아문화전당,3.0,광주
15790,g009973,광주예술의 거리,4.0,광주
15791,g009973,국립아시아문화전당,4.0,광주
15792,g010002,대전중앙시장,3.3333333333333335,대전
15793,g010002,성심당 본점,5.0,대전
15794,g010002,엑스포과학공원 한빛탑,4.0,대전
15795,g010002,한밭수목원,3.3333333333333335,대전
15796,g010002,엑스포과학공원 한빛탑,5.0,대전
15797,g010037,초원 사진관,5.0,전북
15798,g010037,신흥동 일본식 가옥,5.0,전북
15799,g010043,전동성당,3.3333333333333335,전북
15800,g010043,경기전,3.3333333333333335,전북
15801,g010043,롯데백화점 전주점,4.333333333333333,전북
15802,g010043,청은 루,5.0,전북
15803,g010044,대전 오월드,5.0,대전
15804,g010044,성심당 본점,4.666666666666667,대전
15805,g010044,대전중앙시장,4.0,대전
15806,g010044,중앙로 지하상가,4.333333333333333,대전
15807,g010044,으능정이 문화의 거리,4.333333333333333,대전
15808,g010119,메타 프로방스,4.0,전남
15809,g010153,중앙로 지하상가,5.0,대전
15810,g010153,성심당 DCC점,3.3333333333333335,대전
15811,g010164,상화원,4.333333333333333,충남
15812,g010164,대천해수욕장,5.0,충남
15813,g010200,장성호,5.0,전남
15814,g010200,홍길동테마파크,3.6666666666666665,전남
15815,g010210,한밭수목원,5.0,대전
15816,g010210,한밭수목원,5.0,대전
15817,g010210,엑스포과학공원 한빛탑,5.0,대전
15818,g010218,수생식물학습원,5.0,충북
15819,g010218,부소담악,5.0,충북
15820,g010218,국립세종수목원,5.0,세종특별자치시
15821,g010222,내소사,5.0,전북
15822,g010248,대전 오월드,5.0,대전
15823,g010256,카페 프로젝트 냠냠냠,4.0,전남
15824,g010256,담양 관방제림,5.0,전남
15825,g010282,청주체육관,3.6666666666666665,충북
15826,g010282,청주체육관,4.0,충북
15827,g010282,청주체육관,4.0,충북
15828,g010342,소쇄원,3.3333333333333335,전남
15829,g010348,엑스포과학공원 한빛탑,5.0,대전
15830,g010348,한밭수목원,5.0,대전
15831,g010357,신정호,5.0,충남
15832,g010357,온 줄 아문 및 동헌,5.0,충남
15833,g010357,신리성지,5.0,충남
15834,g010357,왜목마을해수욕장,5.0,충남
15835,g010391,스플 라스 워터파크,3.3333333333333335,충남
15836,g010391,스플 라스 워터파크,3.3333333333333335,충남
15837,g010391,예산 상설시장,3.6666666666666665,충남
15838,g010401,경암동 철길마을,2.6666666666666665,전북
15839,g010401,초원 사진관,3.0,전북
15840,g010401,선유도,3.0,전북
15841,g010401,선유도,4.0,전북
15842,g010407,한밭수목원,5.0,대전
15843,g010407,한밭수목원,1.6666666666666667,대전
15844,g010412,아쿠아플라넷 여수,5.0,전남
15845,g010415,행정안전부 대통령기록관,3.6666666666666665,세종특별자치시
15846,g010415,국립세종수목원,4.0,세종특별자치시
15847,g010415,이응 다리,3.0,세종특별자치시
15848,g010415,국립세종수목원,3.3333333333333335,세종특별자치시
15849,g010423,활옷 동굴,4.0,충북
15850,g010423,큰악어봉,3.6666666666666665,충북
15851,g010423,게으른 악어,3.0,충북
15852,g010430,금호 화순리조트 아쿠아나,4.0,전남
15853,g010439,초원 사진관,3.6666666666666665,전북
15854,g010439,말랭이 마을,3.3333333333333335,전북
15855,g010439,선유도,3.0,전북
15856,g010439,선유도해수욕장,4.0,전북
15857,g010442,대전 도산서원,3.0,대전
15858,g010444,롯데시네마 충장로,5.0,광주
15859,g010444,국립아시아문화전당,5.0,광주
15860,g010456,부소담악,3.0,충북
15861,g010458,대천해수욕장,3.3333333333333335,충남
15862,g010461,육거리종합시장,3.0,충북
15863,g010461,국립청주 박물관,5.0,충북
15864,g010464,AK플라자 수원,3.3333333333333335,경기
15865,g010476,베어트리 파크,5.0,세종특별자치시
15866,g010476,조치원 테마거리,3.3333333333333335,세종특별자치시
15867,g010477,예산 상설시장,5.0,충남
15868,g010483,아르떼 뮤지엄 여수,5.0,전남
15869,g010492,국립세종수목원,5.0,세종특별자치시
15870,g010492,세종 호수공원,5.0,세종특별자치시
15871,g010506,예산 상설시장,4.0,충남
15872,g010506,예당호 출렁다리,3.0,충남
15873,g010508,한밭수목원,4.666666666666667,대전
15874,g010508,대전중앙시장,3.3333333333333335,대전
15875,g010508,트래블 라운지,5.0,대전
15876,g010508,으능정이 스카이로드,3.0,대전
15877,g010508,으능정이 문화의 거리,3.3333333333333335,대전
15878,g010508,중앙로 지하상가,4.0,대전
15879,g010508,우리들 공원,3.3333333333333335,대전
15880,g010510,경기전,5.0,전북
15881,g010510,전동성당,3.3333333333333335,전북
15882,g010510,전주한옥마을,5.0,전북
15883,g010510,교동 미술관,4.666666666666667,전북
15884,g010515,평화광장,5.0,전남
15885,g010515,평화광장,5.0,전남
15886,g010521,예당호 출렁다리,5.0,충남
15887,g010521,예산 상설시장,2.3333333333333335,충남
15888,g010526,현대 프리미엄 아웃렛 대전점,4.333333333333333,대전
15889,g010545,광주 기아 챔피언 스피드,4.333333333333333,광주
15890,g010557,고창읍성,5.0,전북
15891,g010569,화순 동가리 계곡,3.3333333333333335,
15892,g010573,죽녹원,4.0,전남
15893,g010594,국립청주 박물관,5.0,충북
15894,g010594,청주 중앙공원,3.3333333333333335,충북
15895,g010594,성안길,5.0,충북
15896,g010599,한밭수목원,4.0,대전
15897,g010599,한밭수목원,4.333333333333333,대전
15898,g010601,나제통문,4.0,전북
15899,g010601,무주반딧불축제,5.0,전북
15900,g010624,카이스트 본원,3.6666666666666665,대전
15901,g010624,한밭수목원,5.0,대전
15902,g010633,다다르다,3.6666666666666665,대전
15903,g010635,한밭수목원,4.666666666666667,대전
15904,g010635,한밭수목원,4.666666666666667,대전
15905,g010656,순천만 국가정원,3.6666666666666665,전남
15906,g010657,유림공원,4.0,대전
15907,g010657,대전중앙시장,4.0,대전
15908,g010673,한밭수목원,5.0,대전
15909,g010673,국립 중앙과학관,5.0,대전
15910,g010674,법주사,3.6666666666666665,충북
15911,g010674,정이품송,3.0,충북
15912,g010703,부여 관북리 유적,2.3333333333333335,충남
15913,g010703,정림사지박물관 정림사지 5층 석탑,5.0,충남
15914,g010703,국립부여박물관,5.0,충남
15915,g010703,궁남지,4.0,충남
15916,g010717,경암동 철길마을,2.3333333333333335,전북
15917,g010717,군산근대역사박물관,4.333333333333333,전북
15918,g010717,한인옥,1.6666666666666667,전북
15919,g010733,마곡사,4.0,충남
15920,g010733,국립세종수목원,4.0,세종특별자치시
15921,g010735,유일선 선교사 사택,4.0,광주
15922,g010735,롯데 아웃렛 광주 월드컵점,5.0,광주
15923,g010747,그믐달 셀프스튜디오 은행동점,3.6666666666666665,대전
15924,g010747,성심당 본점,5.0,대전
15925,g010747,프렐류드,5.0,대전
15926,g010747,성심당 케이크 부티크,5.0,대전
15927,g010747,성심당 본점,5.0,대전
15928,g010752,제천 중앙시장,3.3333333333333335,충북
15929,g010752,의림지 솔밭공원,5.0,충북
15930,g010752,비룡다 저수지,5.0,충북
15931,g010752,의림지,4.333333333333333,충북
15932,g010757,전주 덕진공원,5.0,전북
15933,g010759,목포근대역사관 1관,4.333333333333333,전남
15934,g010759,유달산,4.333333333333333,전남
15935,g010759,서산동 시화 골목,3.3333333333333335,전남
15936,g010759,평화광장,3.0,전남
15937,g010773,필암서원,3.6666666666666665,전남
15938,g010776,행정안전부 대통령기록관,5.0,세종특별자치시
15939,g010776,홈플러스 세종점,5.0,세종특별자치시
15940,g010780,청풍 호반 케이블카 물태리역,3.6666666666666665,충북
15941,g010780,의림지 용추폭포 유리 전망대,3.6666666666666665,충북
15942,g010780,의림지 파크랜드,3.3333333333333335,충북
15943,g010781,목포 스카이워크,3.0,전남
15944,g010781,코롬방제과점,3.6666666666666665,전남
15945,g010785,공산성,3.6666666666666665,충남
15946,g010785,공산성,4.0,충남
15947,g010785,무령왕릉,4.0,충남
15948,g010785,국립공주 박물관,4.0,충남
15949,g010785,중동성당,2.6666666666666665,충남
15950,g010785,공주 산성시장,4.0,충남
15951,g010805,대전 오월드,4.666666666666667,대전
15952,g010807,전북도립미술관,5.0,전북
15953,g010807,모악산,5.0,전북
15954,g010824,독립기념관,4.333333333333333,충남
15955,g010835,삽교호 놀이공원,5.0,충남
15956,g010835,삽교호 바다공원,4.333333333333333,충남
15957,g010836,예당호 출렁다리,4.333333333333333,충남
15958,g010836,예산 상설시장,3.3333333333333335,충남
15959,g010838,국립대전현충원,4.666666666666667,대전
15960,g010838,한밭수목원,3.3333333333333335,대전
15961,g010838,한밭수목원,3.0,대전
15962,g010840,목포근대역사관 1관,5.0,전남
15963,g010840,서산동 시화 골목,5.0,전남
15964,g010840,목포 스카이워크,5.0,전남
15965,g010840,씨엘이 베이커리 본점,5.0,전남
15966,g010840,코롬방제과점,5.0,전남
15967,g010847,한밭수목원,4.0,대전
15968,g010847,한밭수목원,4.666666666666667,대전
15969,g010847,한밭수목원,4.0,대전
15970,g010847,천연기념물 센터,3.3333333333333335,대전
15971,g010847,엑스포과학공원 한빛탑,4.666666666666667,대전
15972,g010847,대전역 지하상가,3.6666666666666665,대전
15973,g010850,아라리오갤러리 천안,2.6666666666666665,충남
15974,g010859,예당호 출렁다리,3.6666666666666665,충남
15975,g010859,예산 상설시장,2.3333333333333335,충남
15976,g010860,국립 중앙과학관,5.0,대전
15977,g010864,국립청주 박물관,5.0,충북
15978,g010864,청주동물원,5.0,충북
15979,g010870,아미 미술관,3.3333333333333335,충남
15980,g010870,신리성지,4.333333333333333,충남
15981,g010878,예산 상설시장,2.0,충남
15982,g010910,적상산 전망대,3.6666666666666665,전북
15983,g010910,무주반딧불축제,3.6666666666666665,전북
15984,g010930,무주반딧불축제,3.3333333333333335,전북
15985,g010930,등나무운동장,1.0,전북
15986,g010930,무주반딧불축제,5.0,전북
15987,g010930,남대천,5.0,전북
15988,g010931,청산수목원,3.6666666666666665,충남
15989,g010931,몽산포해수욕장,4.333333333333333,충남
15990,g010939,한밭수목원,5.0,대전
15991,g010939,엑스포과학공원 한빛탑,4.333333333333333,대전
15992,g010939,국립 중앙과학관,4.0,대전
15993,g010939,현대 프리미엄 아웃렛 대전점,4.666666666666667,대전
15994,g010944,세종 지혜의 숲,4.333333333333333,세종특별자치시
15995,g010944,세종 호수공원,4.333333333333333,세종특별자치시
15996,g010945,국립 중앙과학관,5.0,대전
15997,g010945,엑스포과학공원 한빛탑,5.0,대전
15998,g010945,엑스포과학공원 한빛탑,5.0,대전
15999,g010950,한밭수목원,5.0,대전
16000,g010950,한밭수목원,4.0,대전
16001,g010950,한밭수목원,5.0,대전
16002,g010954,왜목마을해수욕장,4.0,충남
16003,g010954,삼선산수목원,4.666666666666667,충남
16004,g010972,이성당 본점,2.0,전북
16005,g010972,장항송림 산림욕장,4.333333333333333,충남
16006,g010976,소제동 철도관사촌,3.6666666666666665,대전
16007,g010976,한밭수목원,4.666666666666667,대전
16008,g010982,국립공주 박물관,5.0,충남
16009,g010982,무령왕릉,5.0,충남
16010,g010982,공산성,4.0,충남
16011,g011009,이순신광장,4.0,전남
16012,g011009,만성리 검은 모래해변,5.0,전남
16013,g011018,오동도,3.3333333333333335,전남
16014,g011018,고소동 벽화마을,3.6666666666666665,전남
16015,g011018,여수 전통 서시장,4.333333333333333,전남
16016,g011038,백수해안도로,5.0,전남
16017,g011038,영광 칠산 다워,4.333333333333333,전남
16018,g011045,임페리얼레이크 CC,3.6666666666666665,충북
16019,g011045,중앙탑 사적공원,5.0,충북
16020,g011053,한밭수목원,5.0,대전
16021,g011053,한밭수목원,5.0,대전
16022,g011060,광주 기아 챔피언 스피드,3.6666666666666665,광주
16023,g011076,으능정이 문화의 거리,3.0,대전
16024,g011076,중앙로 지하상가,2.3333333333333335,대전
16025,g011076,한밭수목원,4.333333333333333,대전
16026,g011076,엑스포다리,3.3333333333333335,대전
16027,g011077,산맥이 옛길,5.0,충북
16028,g011077,괴산 트리하우스,3.0,충북
16029,g011078,만성리 검은 모래해변,4.0,전남
16030,g011078,아쿠아플라넷 여수,4.333333333333333,전남
16031,g011078,이순신광장,3.0,전남
16032,g011086,대전중앙시장,4.0,대전
16033,g011086,우암사적공원,4.0,대전
16034,g011086,한밭수목원,4.333333333333333,대전
16035,g011086,한밭수목원,4.333333333333333,대전
16036,g011091,청녹원,4.0,전북
16037,g011091,구시포해수욕장,4.0,전북
16038,g011097,운림산방,4.0,전남
16039,g011098,아라리오갤러리 천안,5.0,충남
16040,g011098,신세계백화점 천안아산점,4.0,충남
16041,g011101,예산 상설시장,5.0,충남
16042,g011102,강천산 군립 공원,5.0,전북
16043,g011105,경암동 철길마을,4.666666666666667,전북
16044,g011105,진포해양테마공원,2.0,전북
16045,g011105,장미 갤러리,3.0,전북
16046,g011105,옛 군산세관,2.3333333333333335,전북
16047,g011105,테디베어뮤지엄 군산점,3.6666666666666665,전북
16048,g011105,우체통 거리,2.0,전북
16049,g011105,초원 사진관,2.6666666666666665,전북
16050,g011105,신흥동 일본식 가옥,1.0,전북
16051,g011105,은파호수공원,4.333333333333333,전북
16052,g011120,유성온천공원 족욕체험장,5.0,대전
16053,g011120,엑스포과학공원 한빛탑,3.3333333333333335,대전
16054,g011123,국립아시아문화전당,4.333333333333333,광주
16055,g011123,상무시민공원,4.333333333333333,광주
16056,g011127,NC백화점 중앙로역점,5.0,대전
16057,g011127,중앙로 지하상가,5.0,대전
16058,g011127,한밭수목원,4.333333333333333,대전
16059,g011129,정림사지박물관 정림사지 5층 석탑,4.333333333333333,충남
16060,g011129,정림사지박물관 정림사지 5층 석탑,5.0,충남
16061,g011129,국립부여박물관,5.0,충남
16062,g011129,궁남지,4.0,충남
16063,g011131,성심당 옛 맛 솜씨,4.333333333333333,대전
16064,g011131,성심당 문화원,2.6666666666666665,대전
16065,g011131,국립세종수목원,5.0,세종특별자치시
16066,g011137,홍원항 전어 꽃게축제,4.0,충남
16067,g011146,국립부여박물관,4.0,충남
16068,g011146,정림사지박물관 정림사지 5층 석탑,4.0,충남
16069,g011146,궁남지,4.0,충남
16070,g011148,진돗개 테마파크,5.0,전남
16071,g011148,우수영 국민관광지,5.0,전남
16072,g011148,울돌목 스카이워크,5.0,전남
16073,g011148,우수영 국민관광지,5.0,전남
16074,g011161,유관순 열사 기념관,4.666666666666667,충남
16075,g011161,독립기념관,4.666666666666667,충남
16076,g011161,미나릿길벽화마을,2.3333333333333335,충남
16077,g011161,성성 호수공원,5.0,충남
16078,g011162,대전중앙시장,3.6666666666666665,대전
16079,g011162,한밭수목원,3.3333333333333335,대전
16080,g011163,예당호 출렁다리,5.0,충남
16081,g011163,예당호 조각 공원,5.0,충남
16082,g011163,예산 상설시장,5.0,충남
16083,g011164,한밭수목원,4.0,대전
16084,g011164,엑스포과학공원 한빛탑,5.0,대전
16085,g011164,국립 중앙과학관,3.0,대전
16086,g011166,평화광장,3.0,전남
16087,g011166,목포 갓바위,3.0,전남
16088,g011166,목포자연사박물관,3.6666666666666665,전남
16089,g011171,무주 한풍루,5.0,전북
16090,g011173,여수세계박람회 빅 오,2.3333333333333335,전남
16091,g011173,아르떼 뮤지엄 여수,3.6666666666666665,전남
16092,g011173,돌산공원,4.0,전남
16093,g011188,으능정이 문화의 거리,4.666666666666667,대전
16094,g011188,대전중앙시장,4.333333333333333,대전
16095,g011188,대전천,4.0,대전
16096,g011188,중앙로 지하상가,5.0,대전
16097,g011189,목포 갓바위,3.6666666666666665,전남
16098,g011189,평화광장,4.0,전남
16099,g011192,남원 랜드,2.6666666666666665,전북
16100,g011192,남원시립 김병종 미술관,4.0,전북
16101,g011192,광한루원,3.6666666666666665,전북
16102,g011194,아가페 정원,5.0,전북
16103,g011200,객사길,4.0,전북
16104,g011207,태안 동부시장,3.0,충남
16105,g011212,추사 김정희 선생 고택,5.0,충남
16106,g011212,마애 여래삼존상,5.0,충남
16107,g011212,보원사,5.0,충남
16108,g011212,개심사,5.0,충남
16109,g011228,유관순 열사 기념관,4.0,충남
16110,g011228,천호 저수지,3.3333333333333335,충남
16111,g011229,국립세종수목원,5.0,세종특별자치시
16112,g011232,성심당 본점,3.6666666666666665,대전
16113,g011232,으능정이 스카이로드,4.0,대전
16114,g011239,의림지,5.0,충북
16115,g011239,의림지 용추폭포 유리 전망대,5.0,충북
16116,g011239,단양구경시장,5.0,충북
16117,g011254,대전 오월드,5.0,
16118,g011255,공주 무령왕릉과 왕릉원,5.0,충남
16119,g011255,금강신관공원,5.0,충남
16120,g011268,경암동 철길마을,3.0,전북
16121,g011274,오천 그린광장,5.0,전남
16122,g011276,둔산 선사유적지,2.0,대전
16123,g011276,한국조폐공사 화폐박물관,4.0,대전
16124,g011276,한밭수목원,4.0,대전
16125,g011276,한밭수목원,4.0,대전
16126,g011276,중앙로 지하상가,3.0,대전
16127,g011276,성심당 본점,4.666666666666667,대전
16128,g011286,구인사,5.0,충북
16129,g011286,단양구경시장,5.0,충북
16130,g011291,연희네 슈퍼,3.0,전남
16131,g011292,옐로 출렁다리,5.0,전남
16132,g011292,장성 편백 치유의 숲,5.0,전남
16133,g011295,국립청주 박물관,3.6666666666666665,충북
16134,g011297,무주반딧불축제,5.0,전북
16135,g011299,남원시립 김병종 미술관,3.6666666666666665,전북
16136,g011299,춘향테마파크,2.3333333333333335,전북
16137,g011299,광한루원,5.0,전북
16138,g011300,아르떼 뮤지엄 여수,3.6666666666666665,전남
16139,g011300,이순신광장,5.0,전남
16140,g011300,여수 낭만포차 거리,5.0,전남
16141,g011305,한밭수목원,3.6666666666666665,대전
16142,g011323,천안 타운홀 전망대,5.0,충남
16143,g011323,천안박물관,5.0,충남
16144,g011354,수통골,4.0,대전
16145,g011365,동국사,3.0,전북
16146,g011365,군산근대화 거리,3.6666666666666665,전북
16147,g011370,향일암,4.333333333333333,전남
16148,g011370,GS칼텍스 예울마루,3.6666666666666665,전남
16149,g011374,공산성,3.3333333333333335,충남
16150,g011374,황새바위 성지,4.0,충남
16151,g011374,중동성당,4.0,충남
16152,g011376,은파호수공원,5.0,전북
16153,g011396,전주한옥마을,3.0,전북
16154,g011396,국립전주 박물관,5.0,전북
16155,g011398,예산 상설시장,4.333333333333333,충남
16156,g011399,영랑생가,5.0,전남
16157,g011399,시문학파 기념관,5.0,전남
16158,g011399,세계 모란공원,5.0,전남
16159,g011399,다산 박물관,5.0,
16160,g011399,다산초당,2.6666666666666665,전남
16161,g011399,백련사,3.3333333333333335,전남
16162,g011408,카이스트 본원,3.3333333333333335,대전
16163,g011409,한밭수목원,4.0,대전
16164,g011411,하늘물빛정원,5.0,충남
16165,g011412,부자 떡집,5.0,충남
16166,g011412,공주 메타세쿼이아숲길,5.0,충남
16167,g011412,국립공주 박물관,5.0,충남
16168,g011412,무령왕릉,5.0,충남
16169,g011412,공산성,5.0,충남
16170,g011422,예산 상설시장,5.0,충남
16171,g011422,예당호 출렁다리,5.0,충남
16172,g011432,마이산 탑사,5.0,전북
16173,g011435,국립세종수목원,5.0,세종특별자치시
16174,g011435,행정안전부 대통령기록관,4.0,세종특별자치시
16175,g011435,국립세종 도서관,4.666666666666667,세종특별자치시
16176,g011435,세종 호수공원,4.0,세종특별자치시
16177,g011444,도담삼봉 관광지,3.0,충북
16178,g011444,단양구경시장,4.333333333333333,충북
16179,g011448,군산근대화 거리,3.0,전북
16180,g011449,장태산자연휴양림,4.0,대전
16181,g011449,대전중앙시장,2.6666666666666665,대전
16182,g011450,금산사,4.0,전북
16183,g011454,서산중앙호수공원,5.0,충남
16184,g011459,성심당 본점,5.0,대전
16185,g011459,대전 오월드,5.0,대전
16186,g011461,보문산,5.0,대전
16187,g011461,보문산,5.0,대전
16188,g011461,갤러리아백화점 타임월드점,3.6666666666666665,대전
16189,g011464,소제동 철도관사촌,3.0,대전
16190,g011464,대전중앙시장,3.6666666666666665,대전
16191,g011472,신세계백화점 천안아산점,5.0,충남
16192,g011473,전주동물원,5.0,전북
16193,g011473,경기전,3.0,전북
16194,g011473,전동성당,3.3333333333333335,전북
16195,g011476,무주반딧불축제,5.0,전북
16196,g011477,온양온천랜드,4.333333333333333,충남
16197,g011477,신정호 관광단지,5.0,충남
16198,g011479,담양 관방제림,5.0,전남
16199,g011481,유림공원,2.6666666666666665,대전
16200,g011481,장동산림욕장,2.6666666666666665,대전
16201,g011481,성심당 DCC점,3.0,대전
16202,g011486,활옷 동굴,4.333333333333333,
16203,g011486,코스트코 양재점,4.333333333333333,서울
16204,g011487,세종 호수공원,3.6666666666666665,세종특별자치시
16205,g011489,전라남도 산림자원연구소,5.0,전남
16206,g011489,도래마을,5.0,전남
16207,g011490,담양 관방제림,5.0,전남
16208,g011490,죽녹원,4.333333333333333,전남
16209,g011491,중앙탑 사적공원,5.0,충북
16210,g011491,중앙탑공원 중원 탑평리 7층 석탑,4.333333333333333,충북
16211,g011496,강천산 군립 공원,5.0,전북
16212,g011500,군산근대미술관,3.3333333333333335,전북
16213,g011500,군산근대역사박물관,4.0,전북
16214,g011502,홍원항 전어 꽃게축제,3.6666666666666665,
16215,g011502,마량리 동백나무숲,5.0,충남
16216,g011502,이하복고택전시관,5.0,충남
16217,g011502,장항송림 산림욕장,4.333333333333333,충남
16218,g011509,성심당 DCC점,4.666666666666667,대전
16219,g011509,엑스포과학공원 한빛탑,5.0,대전
16220,g011509,한밭수목원,5.0,대전
16221,g011510,으능정이 문화의 거리,4.0,대전
16222,g011511,하늘물빛정원,5.0,충남
16223,g011515,활옷 동굴,4.333333333333333,충북
16224,g011515,충주 라바 랜드,3.6666666666666665,충북
16225,g011517,롯데마트 익산점,4.333333333333333,전북
16226,g011519,상소동 산림욕장,4.0,대전
16227,g011522,대둔산 도립공원,4.333333333333333,충남
16228,g011524,대전 도산서원,3.3333333333333335,대전
16229,g011526,정지용 문학관,5.0,충북
16230,g011528,국립 중앙과학관 과학기술관,5.0,대전
16231,g011529,영산포 철도공원,3.6666666666666665,전남
16232,g011531,블랙스톤 벨포르 리조트,5.0,충북
16233,g011533,채석강,4.0,전북
16234,g011533,치명자산 성지 평화의 전당,5.0,전북
16235,g011534,뚜쥬루 돌가마점,4.333333333333333,충남
16236,g011534,아라리오갤러리 천안,3.6666666666666665,충남
16237,g011537,충주고구려비전시관,4.666666666666667,충북
16238,g011537,탄금대,5.0,충북
16239,g011537,충주 무학시장,3.3333333333333335,충북
16240,g011537,의림지 솔밭공원,5.0,충북
16241,g011537,의림지,4.0,충북
16242,g011551,태안서 부시장,5.0,충남
16243,g011551,꾸지나무골해수욕장,4.333333333333333,충남
16244,g011555,마곡사,4.333333333333333,충남
16245,g011558,광한루원,4.0,전북
16246,g011558,남원시립 김병종 미술관,4.0,전북
16247,g011566,서산 동부전통시장,5.0,충남
16248,g011567,초원 사진관,3.6666666666666665,전북
16249,g011567,동국사,2.6666666666666665,전북
16250,g011567,군산근대역사박물관,5.0,전북
16251,g011567,경암동 철길마을,3.6666666666666665,전북
16252,g011571,게으른 악어,5.0,충북
16253,g011574,현대백화점 충청점,5.0,충북
16254,g011574,롯데 아웃렛 청주점,5.0,충북
16255,g011577,온빛 자연휴양림,5.0,충남
16256,g011577,논산 선샤인 랜드,5.0,충남
16257,g011578,대천해수욕장,4.666666666666667,충남
16258,g011580,예산 시장,4.333333333333333,
16259,g011581,대전중앙시장,2.6666666666666665,대전
16260,g011581,으능정이 문화의 거리,3.0,대전
16261,g011581,중앙로 지하상가,3.0,대전
16262,g011582,대전중앙시장,5.0,대전
16263,g011582,계족산 황톳길,5.0,대전
16264,g011586,천안중앙시장,5.0,
16265,g011586,미나릿길벽화마을,5.0,
16266,g011590,대전중앙시장,5.0,대전
16267,g011591,예산 상설시장,4.333333333333333,충남
16268,g011591,예산 황새공원,2.6666666666666665,충남
16269,g011591,홍성 남당항 대하축제,4.666666666666667,충남
16270,g011593,무심천,1.6666666666666667,충북
16271,g011598,순천드라마 촬영장,5.0,전남
16272,g011600,한밭수목원,4.0,대전
16273,g011600,한밭수목원,3.3333333333333335,대전
16274,g011600,한밭수목원,5.0,대전
16275,g011600,테마 오래,4.666666666666667,대전
16276,g011607,만천하 스카이워크,5.0,충북
16277,g011607,단양강잔도,5.0,충북
16278,g011607,구인사,2.3333333333333335,충북
16279,g011614,석장리 박물관,3.6666666666666665,충남
16280,g011619,목포 해상 케이블카 북항 승강장,3.0,전남
16281,g011619,목포 해상 케이블카 고하도 승강장,3.0,전남
16282,g011619,유달산,3.0,전남
16283,g011619,코롬방제과점,3.3333333333333335,전남
16284,g011619,목포근대역사관 1관,4.0,전남
16285,g011619,연희네 슈퍼,3.0,전남
16286,g011619,목포 갓바위,3.6666666666666665,전남
16287,g011620,웅진백제역사관,4.0,충남
16288,g011620,국립공주 박물관,4.333333333333333,충남
16289,g011620,공산성,5.0,충남
16290,g011620,석장리 박물관,4.0,충남
16291,g011622,충주 라바 랜드,4.666666666666667,충북
16292,g011628,국립 예산 치유의 숲,3.0,충남
16293,g011628,예산 상설시장,2.6666666666666665,충남
16294,g011628,예당호 조각 공원,2.3333333333333335,충남
16295,g011629,죽녹원,5.0,전남
16296,g011629,플라타너스 별빛달빛길,5.0,전남
16297,g011630,갤러리아백화점 타임월드점,3.3333333333333335,대전
16298,g011630,중앙로 지하상가,3.0,대전
16299,g011631,한밭수목원,4.333333333333333,대전
16300,g011631,대전중앙시장,3.0,대전
16301,g011631,벽화거리,3.0,대전
16302,g011636,육거리종합시장,2.6666666666666665,충북
16303,g011636,청주 중앙공원,3.3333333333333335,충북
16304,g011637,성성 호수공원,3.0,충남
16305,g011644,한밭수목원,3.3333333333333335,대전
16306,g011644,한밭수목원,3.6666666666666665,대전
16307,g011644,대전컨벤션 센터 제2전시장,5.0,대전
16308,g011645,유달산,5.0,전남
16309,g011645,평화광장,5.0,전남
16310,g011657,교과서 박물관,3.3333333333333335,세종특별자치시
16311,g011657,행정안전부 대통령기록관,3.3333333333333335,세종특별자치시
16312,g011669,꽃지해수욕장,4.0,충남
16313,g011669,안면도 쥐라기 박물관,3.0,충남
16314,g011669,홍성 남당항 대하축제,4.0,충남
16315,g011673,신세계백화점 천안아산점,5.0,충남
16316,g011677,중앙로 지하상가,3.3333333333333335,대전
16317,g011677,주교좌 대흥동 성당,3.0,대전
16318,g011677,성심당 문화원,2.6666666666666665,대전
16319,g011679,한밭수목원,5.0,대전
16320,g011679,한밭수목원,5.0,대전
16321,g011679,엑스포과학공원 한빛탑,5.0,대전
16322,g011680,LF 스퀘어 광양점,4.0,전남
16323,g011680,순천 조례호수공원,4.0,전남
16324,g011683,메타 프로방스,5.0,전남
16325,g011685,태권도원,5.0,전북
16326,g011687,목포근대역사관 1관,2.6666666666666665,전남
16327,g011687,평화광장,3.3333333333333335,전남
16328,g011691,의림지 용추폭포 유리 전망대,3.3333333333333335,충북
16329,g011691,제천비행장,3.6666666666666665,충북
16330,g011691,글루글루,1.0,충북
16331,g011692,장태산자연휴양림,4.333333333333333,대전
16332,g011692,성심당 대전역점,5.0,대전
16333,g011697,청남대,5.0,충북
16334,g011697,청주 중앙공원,5.0,충북
16335,g011704,세종 호수공원,4.0,세종특별자치시
16336,g011704,국립세종수목원,3.3333333333333335,세종특별자치시
16337,g011708,죽녹원,5.0,전남
16338,g011708,담양 관방제림,5.0,전남
16339,g011709,부소담악,3.6666666666666665,충북
16340,g011709,옥천성당,3.6666666666666665,충북
16341,g011709,포레포라,5.0,충북
16342,g011714,이마트 군산점,4.333333333333333,전북
16343,g011714,경암동 철길마을,5.0,전북
16344,g011714,초원 사진관,5.0,전북
16345,g011714,신흥동 일본식 가옥,5.0,전북
16346,g011714,옥녀 교차로,5.0,전북
16347,g011714,대장봉,5.0,전북
16348,g011714,선유도해수욕장,5.0,전북
16349,g011717,수주팔봉 구름다리,3.6666666666666665,충북
16350,g011721,경암동 철길마을,3.0,전북
16351,g011721,군산근대역사박물관,3.6666666666666665,전북
16352,g011721,옛 군산세관,2.6666666666666665,전북
16353,g011721,신흥동 일본식 가옥,3.0,전북
16354,g011722,순천 낙안읍성,3.6666666666666665,전남
16355,g011722,순천만 국가정원,4.333333333333333,전남
16356,g011724,한화생명 이글스 파크,5.0,대전
16357,g011726,국립 중앙과학관,1.6666666666666667,대전
16358,g011726,엑스포과학공원 한빛탑,4.0,대전
16359,g011734,고소동 벽화마을,5.0,전남
16360,g011734,이순신광장,5.0,전남
16361,g011746,불갑사,5.0,전남
16362,g011753,정지용 문학관,5.0,충북
16363,g011754,초원 사진관,5.0,전북
16364,g011754,신흥동 일본식 가옥,3.0,전북
16365,g011754,동국사,3.0,전북
16366,g011754,롯데마트 군산점,3.0,전북
16367,g011764,천호 저수지,4.0,충남
16368,g011764,아라리오갤러리 천안,4.0,충남
16369,g011786,경암동 철길마을,3.0,전북
16370,g011787,아미 미술관,3.3333333333333335,충남
16371,g011787,삽교호 바다공원,4.0,충남
16372,g011787,삽교호 놀이공원,4.0,충남
16373,g011789,괴산전통시장,5.0,충북
16374,g011789,문광저수지,3.3333333333333335,충북
16375,g011791,활옷 동굴,3.3333333333333335,충북
16376,g011791,청풍 호반 케이블카 물태리역,4.0,충북
16377,g011805,국립현대미술관 청주,5.0,충북
16378,g011816,한밭수목원,5.0,대전
16379,g011816,한밭수목원,3.3333333333333335,대전
16380,g011818,한밭수목원,5.0,대전
16381,g011818,한밭수목원,5.0,대전
16382,g011819,꽃지해수욕장,4.0,충남
16383,g011821,교과서 박물관,4.666666666666667,세종특별자치시
16384,g011822,대장봉,5.0,전북
16385,g011822,동국사,4.0,전북
16386,g011822,은파호수공원,5.0,전북
16387,g011825,국립공주 박물관,5.0,충남
16388,g011829,진천 농다리,4.0,충북
16389,g011830,광한루원,5.0,전북
16390,g011830,남원시립 김병종 미술관,5.0,전북
16391,g011832,무주반딧불시장,5.0,전북
16392,g011833,공산성,5.0,충남
16393,g011836,목포 연희네 포차 목포 항구 포차 9호점,4.666666666666667,전남
16394,g011836,목포 스카이워크,5.0,전남
16395,g011837,대동 하늘공원,2.3333333333333335,대전
16396,g011837,엑스포과학공원 한빛탑,5.0,대전
16397,g011837,한밭수목원,4.0,대전
16398,g011837,으능정이 문화의 거리,4.0,대전
16399,g011840,대천해수욕장,3.0,충남
16400,g011841,대전중앙시장,3.0,
16401,g011841,한밭수목원,4.0,대전
16402,g011841,엑스포과학공원 한빛탑,4.333333333333333,대전
16403,g011843,경암동 철길마을,5.0,전북
16404,g011843,군산근대역사박물관,4.333333333333333,전북
16405,g011843,초원 사진관,4.333333333333333,전북
16406,g011843,신흥동 일본식 가옥,5.0,전북
16407,g011847,소노벨 천안 오션 어드벤처,3.0,충남
16408,g011847,독립기념관,4.666666666666667,충남
16409,g011849,신정호 관광단지,3.3333333333333335,충남
16410,g011849,장영실 과학관,4.0,충남
16411,g011849,장영실 과학관,4.0,충남
16412,g011850,천안박물관,4.333333333333333,충남
16413,g011851,성심당 대전역점,4.0,대전
16414,g011851,대전역 지하상가,3.0,대전
16415,g011851,목척교,3.3333333333333335,대전
16416,g011851,으능정이 문화의 거리,3.0,대전
16417,g011854,죽녹원,5.0,전남
16418,g011857,담양 관방제림,3.0,전남
16419,g011858,예산 시장,4.0,
16420,g011858,예당호 출렁다리,5.0,충남
16421,g011858,평택국제중앙시장,3.6666666666666665,경기
16422,g011859,대둔산 자연휴양림,5.0,충남
16423,g011860,삼길포항,5.0,충남
16424,g011860,홍성 남당항 대하축제,3.6666666666666665,충남
16425,g011872,온양온천시장,5.0,충남
16426,g011881,비룡다 저수지,3.0,충북
16427,g011881,제천 에코 브리지,2.3333333333333335,충북
16428,g011881,제천비행장,3.6666666666666665,충북
16429,g011881,의림지,3.0,충북
16430,g011882,단양구경시장,5.0,충북
16431,g011903,전주 풍개 지관,4.0,전북
16432,g011903,객사길,4.666666666666667,전북
16433,g011903,한벽당,5.0,전북
16434,g011905,도담상봉,5.0,
16435,g011905,석문,5.0,
16436,g011905,도담삼봉,5.0,
16437,g011905,단양강잔도,4.0,충북
16438,g011908,다다르다,5.0,대전
16439,g011908,엑스포과학공원 한빛탑,2.3333333333333335,대전
16440,g011908,한밭수목원,3.0,대전
16441,g011908,한밭수목원,3.0,대전
16442,g011908,한밭수목원,5.0,대전
16443,g011908,엑스포과학공원 한빛탑,4.0,대전
16444,g011918,대천해수욕장,4.666666666666667,충남
16445,g011918,보령 청보리밭,4.666666666666667,충남
16446,g011922,한밭수목원,4.333333333333333,대전
16447,g011922,한밭수목원,3.6666666666666665,대전
16448,g011924,익산 미륵사지,5.0,전북
16449,g011925,함평군 양서 파충류 생태공원,5.0,전남
16450,g011925,함평자연 생태공원,4.0,전남
16451,g011925,돌머리해수욕장,5.0,전남
16452,g011926,프렐류드,3.3333333333333335,대전
16453,g011926,성심당 문화원,4.0,대전
16454,g011926,대전시립미술관 창작센터,4.0,대전
16455,g011927,면천읍성,5.0,충남
16456,g011927,군자정,5.0,충남
16457,g011927,아미 미술관,5.0,충남
16458,g011927,기지시 줄다리기 박물관,5.0,충남
16459,g011928,서도역 영상 촬영장,5.0,전북
16460,g011928,광한루원,5.0,전북
16461,g011928,남원시립 김병종 미술관,5.0,전북
16462,g011929,초원 사진관,2.6666666666666665,전북
16463,g011929,신흥동 일본식 가옥,3.3333333333333335,전북
16464,g011929,옛 군산세관,3.6666666666666665,전북
16465,g011929,경암동 철길마을,2.6666666666666665,전북
16466,g011930,탑정호 출렁다리,3.6666666666666665,충남
16467,g011930,탑전 호수변 생태공원,4.333333333333333,충남
16468,g011930,백제군사 박물관 (휴업 중),2.0,충남
16469,g011931,메타 프로방스,4.333333333333333,전남
16470,g011931,담양 메타세쿼이아 랜드 어린이 프로방스,3.6666666666666665,전남
16471,g011934,황룡사,5.0,충남
16472,g011934,아라리오갤러리 천안,5.0,충남
16473,g011940,죽녹원,4.0,전남
16474,g011942,죽녹원,3.6666666666666665,전남
16475,g011942,담양 관방제림,5.0,전남
16476,g011943,소쇄원,5.0,전남
16477,g011944,천호 저수지,5.0,충남
16478,g011949,성심당 문화원,4.666666666666667,대전
16479,g011949,한밭수목원,3.6666666666666665,대전
16480,g011952,순천만 국가정원,4.333333333333333,전남
16481,g011952,순천만습지,4.333333333333333,전남
16482,g011952,순천만 국가정원,4.333333333333333,전남
16483,g011966,베어트리 파크,3.6666666666666665,세종특별자치시
16484,g011970,세종 호수공원,5.0,세종특별자치시
16485,g011972,한밭수목원,5.0,대전
16486,g011983,전주한옥마을,4.0,전북
16487,g011990,아미 미술관,3.6666666666666665,충남
16488,g011990,간월암,3.0,충남
16489,g011996,메타 프로방스,3.3333333333333335,전남
16490,g011999,국립생태원,4.666666666666667,충남
16491,g011999,국립 해양생물자원관,4.0,충남
16492,g011999,조류생태전시관,4.0,충남
16493,g012152,세종 호수공원,4.0,세종특별자치시
16494,g012152,국립세종수목원,4.0,세종특별자치시
16495,g012153,베어트리 파크,4.333333333333333,세종특별자치시
16496,g012155,광한루원,5.0,전북
16497,g012157,죽녹원,4.333333333333333,전남
16498,g012157,담양 관방제림,4.666666666666667,전남
16499,g012157,메타 프로방스,3.0,전남
16500,g012159,현충사,4.0,충남
16501,g012159,지중해마을,3.6666666666666665,충남
16502,g012159,강당골,5.0,충남
16503,g012160,불갑사,3.0,전남
16504,g012161,예산 상설시장,3.3333333333333335,충남
16505,g012161,예산 황새공원,3.0,충남
16506,g012161,예당호 출렁다리,3.6666666666666665,충남
16507,g012162,성심당 본점,2.3333333333333335,대전
16508,g012164,예당호 출렁다리,3.0,충남
16509,g012164,예산 상설시장,3.6666666666666665,충남
16510,g012171,정림사지박물관 정림사지 5층 석탑,4.0,충남
16511,g012171,부소산성,5.0,충남
16512,g012173,정이품송,5.0,충북
16513,g012173,말티재 전망대,3.6666666666666665,충북
16514,g012174,대둔산 케이블카,5.0,전북
16515,g012174,대둔산 마천대,5.0,전북
16516,g012175,상당산성,4.0,충북
16517,g012175,육거리종합시장,4.0,충북
16518,g012176,엑스포과학공원 한빛탑,4.0,대전
16519,g012176,엑스포과학공원 한빛탑,3.3333333333333335,대전
16520,g012176,한밭수목원,4.333333333333333,대전
16521,g012177,엑스포과학공원 한빛탑,4.0,대전
16522,g012179,금산사,5.0,전북
16523,g012181,국립 익산 박물관,5.0,전북
16524,g012181,국립 익산 박물관,5.0,전북
16525,g012182,도림사,4.333333333333333,전남
16526,g012183,대전근현대사전시관,5.0,
16527,g012183,대전중앙시장,5.0,대전
16528,g012185,대전중앙시장,3.0,대전
16529,g012185,목척교,3.0,대전
16530,g012185,한밭수목원,2.3333333333333335,대전
16531,g012185,성심당 대전역점,4.0,대전
16532,g012186,수덕사,4.333333333333333,충남
16533,g012186,예산 상설시장,4.0,충남
16534,g012186,예당호 출렁다리,3.0,충남
16535,g012188,5.18민주화운동 기록관,4.333333333333333,광주
16536,g012188,신세계백화점 광주신세계점,5.0,광주
16537,g012189,트래블 라운지,5.0,대전
16538,g012189,성심당 문화원,5.0,대전
16539,g012190,국립공주 박물관,4.0,충남
16540,g012192,딜라이트 담양,4.0,전남
16541,g012192,죽녹원,5.0,전남
16542,g012194,무량사,4.333333333333333,충남
16543,g012194,국립부여박물관,4.0,충남
16544,g012197,소금정공원,4.0,충북
16545,g012197,단양구경시장,5.0,충북
16546,g012199,한국조폐공사 화폐박물관,4.666666666666667,대전
16547,g012200,소아르떼,4.333333333333333,전남
16548,g012201,우림 정원,4.333333333333333,충북
16549,g012201,송계계곡,5.0,충북
16550,g012203,계족산 황톳길,5.0,대전
16551,g012203,한밭수목원,4.0,대전
16552,g012203,엑스포과학공원 한빛탑,3.3333333333333335,대전
16553,g012205,삽교호 바다공원,3.3333333333333335,
16554,g012207,국립광주 박물관,2.6666666666666665,광주
16555,g012209,독립기념관,5.0,충남
16556,g012212,자매 갈비전골,2.3333333333333335,전북
16557,g012212,자만 벽화마을,3.3333333333333335,전북
16558,g012212,전동성당,4.333333333333333,전북
16559,g012212,전주 풍개 지관,4.333333333333333,전북
16560,g012220,의림지,4.0,충북
16561,g012226,국립아시아문화전당,2.6666666666666665,광주
16562,g012226,광주비엔날레,2.3333333333333335,광주
16563,g012226,광주역사민속박물관,1.6666666666666667,광주
16564,g012226,광주시립미술관,3.6666666666666665,광주
16565,g012226,신세계백화점 광주신세계점,3.0,광주
16566,g012227,국립세종수목원,4.0,세종특별자치시
16567,g012228,AK플라자 세종,4.0,세종특별자치시
16568,g012228,세종 호수공원,4.0,세종특별자치시
16569,g012235,청남대,5.0,충북
16570,g012238,청남대,5.0,충북
16571,g012238,성안길,3.3333333333333335,충북
16572,g012238,정북동 토성,5.0,충북
16573,g012240,천안 타운홀 전망대,4.0,충남
16574,g012246,아원 고택,5.0,전북
16575,g012246,위봉폭포,4.333333333333333,전북
16576,g012246,위봉사,4.0,전북
16577,g012246,전주 덕진공원,5.0,전북
16578,g012251,한밭수목원,4.666666666666667,대전
16579,g012251,한밭수목원,4.0,대전
16580,g012251,성심당 DCC점,3.3333333333333335,대전
16581,g012254,고수동굴,5.0,충북
16582,g012254,도담삼봉,5.0,충북
16583,g012254,단양구경시장,5.0,충북
16584,g012254,만천하 스카이워크,5.0,충북
16585,g012254,도담삼봉,5.0,충북
16586,g012255,새만금 방조제 드라이브 코스,5.0,전북
16587,g012255,선유도해수욕장,5.0,전북
16588,g012255,선유도,4.666666666666667,전북
16589,g012256,구봉산 전망대,3.6666666666666665,전남
16590,g012257,대천해수욕장,4.0,충남
16591,g012257,머드광장,3.0,충남
16592,g012257,대천해수욕장,4.0,충남
16593,g012258,국립 중앙과학관,5.0,대전
16594,g012258,엑스포과학공원 한빛탑,5.0,대전
16595,g012260,세종 호수공원,5.0,세종특별자치시
16596,g012267,한밭수목원,5.0,대전
16597,g012270,한밭수목원,4.333333333333333,대전
16598,g012270,엑스포과학공원 한빛탑,5.0,대전
16599,g012270,성심당 문화원,5.0,대전
16600,g012277,장태산자연휴양림,4.666666666666667,대전
16601,g012277,옛 터 민속박물관,2.3333333333333335,대전
16602,g012278,세종 호수공원,3.3333333333333335,세종특별자치시
16603,g012280,풍남문,4.0,전북
16604,g012280,전동성당,4.333333333333333,전북
16605,g012282,세종 호수공원,4.0,세종특별자치시
16606,g012289,남원시립 김병종 미술관,4.0,전북
16607,g012289,광한루원,5.0,전북
16608,g012300,동구리 호수공원,5.0,전남
16609,g012304,중앙탑공원 중원 탑평리 7층 석탑,5.0,충북
16610,g012304,활옷 동굴,5.0,충북
16611,g012304,탄금대,5.0,충북
16612,g012307,한밭수목원,4.666666666666667,대전
16613,g012307,한밭수목원,3.0,대전
16614,g012307,한밭수목원,5.0,대전
16615,g012307,한밭수목원,5.0,대전
16616,g012307,대전중앙시장,4.0,대전
16617,g012308,신정호,4.0,충남
16618,g012311,성성 호수공원,3.0,충남
16619,g012311,각원사,4.0,충남
16620,g012311,태조산공원,4.0,충남
16621,g012311,천안박물관,3.0,충남
16622,g012311,독립기념관,5.0,충남
16623,g012314,동곡 미술관,5.0,광주
16624,g012316,국립세종수목원,4.0,세종특별자치시
16625,g012318,AK플라자 세종,3.0,세종특별자치시
16626,g012318,국립세종수목원,3.3333333333333335,세종특별자치시
16627,g012323,국립세종수목원,4.333333333333333,세종특별자치시
16628,g012325,국립공주 박물관,4.666666666666667,충남
16629,g012325,공산성,3.3333333333333335,충남
16630,g012325,미르 섬,4.0,충남
16631,g012326,대전컨벤션 센터 제2전시장,4.0,대전
16632,g012333,충렬사,2.0,전북
16633,g012333,내장산국립공원,5.0,전북
16634,g012337,한밭수목원,4.0,대전
16635,g012338,남원다움과,3.6666666666666665,
16636,g012338,조갑녀살풀이명무관,4.0,전북
16637,g012338,남원 고전소설문학관,3.6666666666666665,전북
16638,g012338,광한루원,5.0,전북
16639,g012347,세종 호수공원,5.0,세종특별자치시
16640,g012348,공산성,5.0,충남
16641,g012348,공주 무령왕릉과 왕릉원,4.333333333333333,충남
16642,g012348,공산성 매표소,4.0,충남
16643,g012348,공주 산성시장,2.3333333333333335,충남
16644,g012350,수덕사,3.6666666666666665,충남
16645,g012350,윤봉길의사기념관,4.333333333333333,충남
16646,g012350,예당호 출렁다리,3.6666666666666665,충남
16647,g012350,예산 상설시장,4.666666666666667,충남
16648,g012351,예당호 출렁다리,4.0,충남
16649,g012351,예산 황새공원,3.0,충남
16650,g012353,현충사,4.333333333333333,충남
16651,g012353,온양온천시장,3.3333333333333335,충남
16652,g012371,한밭수목원,3.6666666666666665,대전
16653,g012377,홍원항 전어 꽃게축제,4.0,충남
16654,g012377,춘장대해수욕장,5.0,충남
16655,g012377,장항송림 산림욕장,5.0,충남
16656,g012379,국립현대미술관 청주,5.0,충북
16657,g012382,공산성,4.0,충남
16658,g012382,공주 무령왕릉과 왕릉원,3.6666666666666665,충남
16659,g012382,국립공주 박물관,2.6666666666666665,충남
16660,g012382,중동성당,3.6666666666666665,충남
16661,g012386,전동성당,4.333333333333333,전북
16662,g012386,경기전,5.0,전북
16663,g012388,청남대,3.0,충북
16664,g012389,순천만 국가정원,5.0,전남
16665,g012391,필암서원,3.3333333333333335,전남
16666,g012391,장성호 수변 트레킹 길,4.666666666666667,전남
16667,g012392,모다 아웃렛 천안아산점,4.333333333333333,충남
16668,g012392,천호 저수지,4.0,충남
16669,g012392,아라리오갤러리 천안,2.6666666666666665,충남
16670,g012396,담양 관방제림,5.0,전남
16671,g012396,담양 관방제림,4.0,전남
16672,g012400,왜목마을해수욕장,4.0,충남
16673,g012400,삽교호 놀이공원,4.0,충남
16674,g012402,안면도 쥐라기 박물관,4.0,충남
16675,g012402,안면도 쥐라기 공원,4.0,
16676,g012406,담양 관방제림,5.0,전남
16677,g012406,메타 프로방스,3.0,전남
16678,g012410,한밭수목원,3.3333333333333335,대전
16679,g012410,한화생명 이글스 파크,3.0,대전
16680,g012420,전주한옥마을,5.0,전북
16681,g012420,전주 덕진공원,5.0,전북
16682,g012430,수비니어,3.6666666666666665,전남
16683,g012430,담양 관방제림,4.0,전남
16684,g012431,국립아시아문화전당,5.0,광주
16685,g012431,NC 웨이브 충장점,2.6666666666666665,광주
16686,g012433,목포 스카이워크,5.0,전남
16687,g012433,목포근대역사관 1관,5.0,전남
16688,g012433,목포 민어 골목,5.0,전남
16689,g012435,상화원,5.0,충남
16690,g012435,닭 볏섬,5.0,충남
16691,g012435,무창포해수욕장,5.0,충남
16692,g012436,천호 저수지,4.333333333333333,충남
16693,g012439,국립세종수목원,5.0,세종특별자치시
16694,g012447,남원시립 김병종 미술관,5.0,전북
16695,g012447,남원다움과,5.0,전북
16696,g012447,광한루원,4.666666666666667,전북
16697,g012455,사인암,3.0,충북
16698,g012455,하선암,3.0,충북
16699,g012455,단양구경시장,3.6666666666666665,충북
16700,g012457,한밭수목원,5.0,대전
16701,g012457,한밭수목원,2.0,대전
16702,g012457,엑스포과학공원 한빛탑,3.3333333333333335,대전
16703,g012458,충장로 거리,5.0,
16704,g012463,해어름,5.0,충남
16705,g012466,용천사,5.0,전남
16706,g012466,모악산,5.0,
16707,g012466,불갑사,5.0,전남
16708,g012466,성심당 대전역점,5.0,대전
16709,g012472,전주랑 제주랑,4.0,전북
16710,g012472,경기전,4.0,전북
16711,g012475,세종 호수공원,5.0,세종특별자치시
16712,g012478,활옷 동굴,4.333333333333333,충북
16713,g012478,충주 탄금공원(구 세계무술공원),3.6666666666666665,충북
16714,g012484,송광사,5.0,전남
16715,g012484,여수 낭만포차 거리,3.0,전남
16716,g012487,으능정이 스카이로드,4.0,대전
16717,g012487,국립세종수목원,4.0,세종특별자치시
16718,g012494,전일빌딩 245,3.6666666666666665,광주
16719,g012497,차차로,3.3333333333333335,전남
16720,g012497,순천만 국가정원,5.0,전남
16721,g012502,내장산국립공원,5.0,전북
16722,g012502,동학 농민혁명 기념공원,5.0,전북
16723,g012504,성심당 문화원,4.0,대전
16724,g012504,성심당 케이크 부티크,5.0,대전
16725,g012504,중앙로 지하상가,4.0,대전
16726,g012504,한밭수목원,3.0,대전
16727,g012504,한밭수목원,4.0,대전
16728,g012505,배티성지,5.0,충북
16729,g012505,진천 종 박물관,2.6666666666666665,충북
16730,g012516,장동산림욕장,3.3333333333333335,대전
16731,g012516,대전중앙시장,3.6666666666666665,대전
16732,g012518,대전중앙시장,5.0,대전
16733,g012520,대전시립 박물관,2.3333333333333335,대전
16734,g012520,한국조폐공사 화폐박물관,3.3333333333333335,대전
16735,g012520,한밭수목원,4.333333333333333,대전
16736,g012520,한밭수목원,2.6666666666666665,대전
16737,g012520,한밭수목원,4.0,대전
16738,g012523,엑스포과학공원 한빛탑,3.0,대전
16739,g012528,파라다이스 스파 도고,3.3333333333333335,충남
16740,g012530,홍성 남당항 대하축제,3.0,충남
16741,g012530,속 동전망대,4.0,충남
16742,g012532,청주동물원,4.0,충북
16743,g012532,청주랜드,4.0,충북
16744,g012542,벽화거리,4.0,대전
16745,g012546,소노벨 천안 오션 어드벤처,4.666666666666667,충남
16746,g012557,해미읍성,5.0,충남
16747,g012571,한밭수목원,5.0,대전
16748,g012571,엑스포과학공원 한빛탑,5.0,대전
16749,g012572,파라다이스 스파 도고,5.0,충남
16750,g012580,국립현대미술관 청주,5.0,충북
16751,g012580,청주시립미술관,5.0,충북
16752,g012582,세종전통시장,4.333333333333333,세종특별자치시
16753,g012582,조치원 테마거리,2.6666666666666665,세종특별자치시
16754,g012582,세종 지혜의 숲,5.0,세종특별자치시
16755,g012582,국립세종수목원,5.0,세종특별자치시
16756,g012582,이응 다리,4.0,세종특별자치시
16757,g012583,예산 상설시장,4.0,충남
16758,g012583,예당호 출렁다리,2.6666666666666665,충남
16759,g012583,예당호 모노레일,3.3333333333333335,충남
16760,g012583,광교호수공원,4.0,경기
16761,g012586,서산버드랜드,3.6666666666666665,충남
16762,g012586,안면도 쥐라기 박물관,3.3333333333333335,충남
16763,g012586,홍성 남당항 대하축제,4.333333333333333,충남
16764,g012591,죽녹원,5.0,전남
16765,g012596,경암동 철길마을,4.0,전북
16766,g012596,은파호수공원,4.666666666666667,전북
16767,g012596,무녀 2구 마을버스,2.6666666666666665,전북
16768,g012596,말랭이 마을,2.3333333333333335,전북
16769,g012596,이성당 본점,3.6666666666666665,전북
16770,g012620,코스트코 세종점,5.0,세종특별자치시
16771,g012620,메타 45카페,5.0,세종특별자치시
16772,g012620,국립세종수목원,5.0,세종특별자치시
16773,g012624,온양온천시장,5.0,충남
16774,g012628,소호동 동다리,5.0,전남
16775,g012628,웅천해수욕장,5.0,전남
16776,g012634,한밭수목원,4.0,대전
16777,g012639,베어트리 파크,5.0,세종특별자치시
16778,g012650,국립세종수목원,5.0,세종특별자치시
16779,g012653,국립아시아문화전당,4.0,광주
16780,g012655,청주동물원,5.0,충북
16781,g012655,청주랜드,5.0,충북
16782,g012656,소아르떼,3.6666666666666665,전남
16783,g012656,관음사,2.3333333333333335,전남
16784,g012659,옛 군산세관,3.6666666666666665,전북
16785,g012659,군산근대역사박물관,5.0,전북
16786,g012659,초원 사진,3.6666666666666665,전북
16787,g012660,세종 호수공원,5.0,세종특별자치시
16788,g012665,이야기꽃 도서관,5.0,광주
16789,g012665,이야기꽃 도서관,5.0,광주
16790,g012675,예당호 출렁다리,5.0,충남
16791,g012676,지중해마을,4.0,충남
16792,g012676,현충사,3.6666666666666665,충남
16793,g012677,홍성 남당항 대하축제,2.6666666666666665,충남
16794,g012677,대천항 수산시장,4.0,충남
16795,g012682,갤러리아백화점 타임월드점,3.6666666666666665,대전
16796,g012686,전주 덕진공원,5.0,전북
16797,g012686,전주한옥마을,4.0,전북
16798,g012687,연희네 슈퍼,3.3333333333333335,전남
16799,g012687,목포 스카이워크,5.0,전남
16800,g012688,죽녹원,3.6666666666666665,전남
16801,g012688,메타세쿼이아 가로수길,4.0,전남
16802,g012689,엑스포과학공원 한빛탑,5.0,대전
16803,g012689,엑스포과학공원 한빛탑,4.0,대전
16804,g012690,대전 오월드,5.0,대전
16805,g012696,전주 덕진공원,4.0,전북
16806,g012697,황룡강 생태공원,5.0,전남
16807,g012697,홍길동테마파크,5.0,전남
16808,g012698,한밭수목원,4.666666666666667,대전
16809,g012699,부자 떡집,4.0,충남
16810,g012699,공주 무령왕릉과 왕릉원,4.0,충남
16811,g012699,공산성,4.0,충남
16812,g012702,곡교천,5.0,충남
16813,g012704,화순 고인돌공원,3.6666666666666665,전남
16814,g012711,세종 호수공원,3.3333333333333335,세종특별자치시
16815,g012711,국립세종수목원,3.3333333333333335,세종특별자치시
16816,g012713,국립 중앙과학관,4.0,대전
16817,g012713,갤러리아백화점 타임월드점,3.0,대전
16818,g012716,행정안전부 대통령기록관,5.0,세종특별자치시
16819,g012716,세종 호수공원,3.0,세종특별자치시
16820,g012718,상당산성,4.0,충북
16821,g012724,다누리 아쿠아리움,5.0,충북
16822,g012724,단양구경시장,4.0,충북
16823,g012724,단양강잔도,4.333333333333333,충북
16824,g012726,S 마트,3.0,충남
16825,g012727,불갑사,5.0,전남
16826,g012728,이마트 세종점,3.6666666666666665,세종특별자치시
16827,g012728,세종 호수공원,4.666666666666667,세종특별자치시
16828,g012728,이응 다리,5.0,세종특별자치시
16829,g012731,1913 송정역시장,3.0,광주
16830,g012731,풍암저수지,5.0,
16831,g012732,연산 문화창고,4.0,충남
16832,g012732,돈암서원,4.0,충남
16833,g012742,마애 여래삼존상,4.0,충남
16834,g012742,보원사,3.6666666666666665,충남
16835,g012742,개심사,4.0,충남
16836,g012742,해미읍성,4.0,충남
16837,g012742,서산 동부전통시장,4.0,충남
16838,g012745,채석강,4.0,전북
16839,g012745,곰소염전,2.0,전북
16840,g012749,대한불교조계종 관제사,5.0,세종특별자치시
16841,g012750,청남대,4.0,충북
16842,g012751,목포근대역사관 1관,4.0,전남
16843,g012751,목포근대역사관 2관,4.0,전남
16844,g012752,이순신광장,3.3333333333333335,전남
16845,g012752,소호동 동다리,3.6666666666666665,전남
16846,g012753,옥녀봉,5.0,충남
16847,g012755,무드 빌리지,5.0,충남
16848,g012755,백제문화 단지,5.0,충남
16849,g012757,솔뫼성지,4.0,충남
16850,g012761,서천특화시장,5.0,충남
16851,g012764,한밭수목원,5.0,대전
16852,g012770,연미산 자연미술공원,3.0,충남
16853,g012770,국립공주 박물관,4.0,충남
16854,g012770,공주 산성시장,4.0,충남
16855,g012772,천안 타운홀 전망대,4.0,충남
16856,g012772,신세계백화점 천안아산점,4.0,충남
16857,g012774,계룡산국립공원,4.666666666666667,경남
16858,g012774,국립세종수목원,4.666666666666667,세종특별자치시
16859,g012775,이마트 군산점,3.3333333333333335,전북
16860,g012775,군산근대역사박물관,3.6666666666666665,전북
16861,g012776,대흥사,4.666666666666667,전남
16862,g012780,전주 덕진공원,5.0,전북
16863,g012780,전동성당,4.0,전북
16864,g012780,카카오 프렌즈 전주한옥마을점,4.0,전북
16865,g012780,전라감영,5.0,전북
16866,g012781,화순 고인돌공원,4.0,전남
16867,g012783,갤러리아백화점 타임월드점,3.6666666666666665,대전
16868,g012783,엑스포과학공원 한빛탑,3.6666666666666665,대전
16869,g012783,천연기념물 센터,4.666666666666667,대전
16870,g012783,한밭수목원,3.3333333333333335,대전
16871,g012783,한밭수목원,5.0,대전
16872,g012791,국립부여박물관,3.3333333333333335,충남
16873,g012791,국립부여박물관,3.6666666666666665,충남
16874,g012791,백제문화 단지,2.6666666666666665,충남
16875,g012791,롯데 아웃렛 부여점,4.0,충남
16876,g012791,백제문화 단지,3.6666666666666665,충남
16877,g012796,담양 관방제림,3.3333333333333335,전남
16878,g012796,죽녹원,4.0,전남
16879,g012796,수비니어,3.3333333333333335,전남
16880,g012796,메타세쿼이아 가로수길,4.0,전남
16881,g012803,금강신관공원,3.6666666666666665,충남
16882,g012805,궁남지,3.3333333333333335,충남
16883,g012807,아름다운 정원과 수목,5.0,충남
16884,g012812,대전중앙시장,5.0,대전
16885,g012812,HM 대전 둔산점,5.0,대전
16886,g012814,용봉산 자연휴양림,4.666666666666667,충남
16887,g012831,태조산공원,5.0,충남
16888,g012831,아라리오갤러리 천안,3.0,충남
16889,g012857,피나클랜드 수목원,4.0,충남
16890,g012857,은행나무 길,5.0,충남
16891,g012858,공산성,3.6666666666666665,충남
16892,g012858,국립공주 박물관,3.6666666666666665,충남
16893,g012858,BRT 작은 미술관,4.0,세종특별자치시
16894,g012864,국립아시아문화전당,4.0,광주
16895,g012873,법주사,4.0,충북
16896,g012873,속리산 세조 길,4.0,충북
16897,g012874,독립기념관,5.0,충남
16898,g012883,큰악어봉,4.333333333333333,충북
16899,g012883,충주 무학시장,4.0,충북
16900,g012884,광한루원,4.333333333333333,전북
16901,g012891,공주 산성시장,2.6666666666666665,충남
16902,g012891,공산성,3.6666666666666665,충남
16903,g012891,미르 섬,3.6666666666666665,충남
16904,g012891,미르 섬,4.0,충남
16905,g012891,금강신관공원,3.6666666666666665,충남
16906,g012905,한밭수목원,5.0,대전
16907,g012917,광주시립미술관,5.0,광주
16908,g012917,광주시민회관,5.0,광주
16909,g012919,임실치즈테마파크,4.0,전북
16910,g012927,삽교호 놀이공원,5.0,충남
16911,g012927,삽교호 함상공원,5.0,충남
16912,g012927,삽교호 놀이공원,5.0,충남
16913,g012933,홍길동테마파크,4.0,전남
16914,g012933,황룡강 생태공원,3.3333333333333335,전남
16915,g012936,엑스포과학공원 한빛탑,4.0,대전
16916,g012936,트래블 라운지,4.666666666666667,대전
16917,g012936,성심당 문화원,4.0,대전
16918,g012936,대전근현대사전시관,3.3333333333333335,대전
16919,g012943,현대 프리미엄 아웃렛 대전점,4.0,대전
16920,g012963,금산사,4.0,전북
16921,g012989,부소산성,5.0,충남
16922,g012989,정림사지박물관 정림사지 5층 석탑,3.6666666666666665,충남
16923,g012989,백제문화 단지,4.0,충남
16924,g012990,선운산 생태숲,5.0,전북
16925,g012990,선운사,4.666666666666667,전북
16926,g012999,백제 왕궁 박물관,5.0,전북
16927,g013012,신세계백화점 천안아산점,4.0,충남
16928,g013022,성안길,4.0,충북
16929,g013023,담양 관방제림,5.0,전남
16930,g013024,내장산국립공원,5.0,전북
16931,g013027,딜라이트 담양,5.0,전남
16932,g013027,담양 관방제림,5.0,전남
16933,g013029,메타 프로방스,4.0,전남
16934,g013037,순천 낙안읍성,4.666666666666667,전남
16935,g013037,순천시립 뿌리 깊은 나무 박물관,3.0,전남
16936,g013037,순천만습지,5.0,전남
16937,g013037,순천만 국가정원,5.0,전남
16938,g013038,연희네 슈퍼,3.3333333333333335,전남
16939,g013042,광한루원,4.333333333333333,전북
16940,g013042,남원시립 김병종 미술관,5.0,전북
16941,g013048,정지용 문학관,4.0,충북
16942,g013050,공주 산성시장,3.0,충남
16943,g013050,금강신관공원,4.0,충남
16944,g013050,공산성,5.0,충남
16945,g013059,초원 사진관,3.0,전북
16946,g013059,은파호수공원,3.6666666666666665,전북
16947,g013059,선유도해수욕장,4.0,전북
16948,g013061,담양 관방제림,5.0,전남
16949,g013061,죽녹원,5.0,전남
16950,g013061,메타세쿼이아 가로수길,5.0,전남
16951,g013061,메타 프로방스,5.0,전남
16952,g013061,한국 대나무 박물관,3.0,전남
16953,g013062,영인산자연휴양림,4.333333333333333,충남
16954,g013063,국립아시아문화전당,5.0,광주
16955,g013065,한밭수목원,5.0,대전
16956,g013066,트레이더스 홀세일 클럽 천안아산점,4.333333333333333,충남
16957,g013066,독립기념관,5.0,충남
16958,g013070,CGV 광주 상무,4.333333333333333,
16959,g013070,국립광주 박물관,5.0,광주
16960,g013074,남원시립 김병종 미술관,5.0,전북
16961,g013074,광한루원,5.0,전북
16962,g013080,엑스포과학공원 한빛탑,5.0,대전
16963,g013080,홈플러스 메가 푸드마켓 유성점,5.0,대전
16964,g013084,코리안 플라워파크,3.6666666666666665,충남
16965,g013084,꽃지해수욕장,4.333333333333333,충남
16966,g013087,전북도립미술관,4.0,전북
16967,g013090,온양온천시장,3.0,충남
16968,g013095,세종 호수공원,5.0,세종특별자치시
16969,g013096,채석강,5.0,전북
16970,g013096,격포항,5.0,전북
16971,g013096,모항해수욕장,5.0,전북
16972,g013096,내소사,5.0,전북
16973,g013097,내장산 조각 공원,3.6666666666666665,전북
16974,g013102,백제문화 단지,2.3333333333333335,충남
16975,g013102,롯데 아웃렛 부여점,2.3333333333333335,충남
16976,g013111,전주 덕진공원,5.0,전북
16977,g013113,한밭수목원,4.333333333333333,대전
16978,g013113,한밭수목원,4.666666666666667,대전
16979,g013113,계룡스파텔 대온천 탕,5.0,대전
16980,g013114,현충사,4.333333333333333,충남
16981,g013125,천은사,3.0,전남
16982,g013127,예산 상설시장,4.0,충남
16983,g013127,스플 라스 워터파크,4.0,충남
16984,g013127,윤봉길의사기념관,4.0,충남
16985,g013128,성심당 케이크 부티크,5.0,대전
16986,g013128,성심당 문화원,5.0,대전
16987,g013128,대전시립미술관 창작센터,3.6666666666666665,대전
16988,g013131,평화광장,5.0,전남
16989,g013131,목포 갓바위,4.0,전남
16990,h001459,단양구경시장,5.0,충북
16991,h001459,도담삼봉,5.0,충북
16992,h003280,법주사,5.0,충북
16993,h003280,정이품송,5.0,충북
16994,e000295,트레이더스 홀세일 클럽 안산점,4.333333333333333,경기
16995,e000335,타임 테라스 A 블록,4.666666666666667,경기
16996,e000335,스타필드 코엑스몰,5.0,서울
16997,e000335,잠실종합운동장,5.0,서울
16998,e000401,시흥 프리미엄 아울렛,2.6666666666666665,경기
16999,e000401,스타필드 하남,5.0,경기
17000,e000437,선녀바위,3.3333333333333335,인천
17001,e000437,을왕리 해수욕장,3.0,인천
17002,e000443,장봉도,5.0,
17003,e000463,가평 잣 고을시장,3.3333333333333335,경기
17004,e000506,전등사,4.0,인천
17005,e000506,초지진,4.333333333333333,인천
17006,e000506,대명항 수산물 직판장,3.6666666666666665,경기
17007,e000506,김포함상공원,4.0,경기
17008,e000574,전등사,5.0,인천
17009,e000574,강화 부근리 고인돌,2.6666666666666665,인천
17010,e000574,대한 성공회 강화성당,4.333333333333333,인천
17011,e000580,놀러와,5.0,
17012,e000580,경복궁,3.0,서울
17013,e000588,강화풍물시장,2.3333333333333335,인천
17014,e000632,덕수궁,4.333333333333333,서울
17015,e000632,남대문시장,3.0,서울
17016,e000823,용기포항 서 방파제 등 대,4.333333333333333,인천
17017,e000823,심청각,3.0,인천
17018,e000823,두무진,5.0,인천
17019,e000823,중화동 교회,3.3333333333333335,인천
17020,e000823,콩돌해안,4.0,인천
17021,e000823,사자바위,3.3333333333333335,
17022,e000823,천안함 46용사 위령탑,4.0,인천
17023,e000847,갑곶 돈대,5.0,인천
17024,e000847,대한 성공회 강화성당,5.0,인천
17025,e000847,강화성당,5.0,인천
17026,e000847,고려궁지,5.0,인천
17027,e000847,강화 광성보,5.0,인천
17028,e000847,조양 방직,5.0,인천
17029,e000866,수원 화성,4.0,경기
17030,e000866,코지 프로젝트,4.333333333333333,경기
17031,e000866,행궁에뜨왈,3.0,경기
17032,e000866,화성행궁,4.0,경기
17033,e000866,수원 공방거리,3.3333333333333335,경기
17034,e000866,효원공원 월화원,4.0,경기
17035,e000866,나혜석거리,3.0,경기
17036,e000899,임진강 주상절리,2.6666666666666665,경기
17037,e000903,목섬(항도),5.0,인천
17038,e000903,십리포해수욕장,5.0,인천
17039,e000903,낙조 전망대,5.0,경기
17040,e000905,롯데백화점 동탄점,5.0,경기
17041,e000905,롯데 프리미엄 아울렛 타임 빌라스,4.666666666666667,경기
17042,e000905,타임 테라스 A 블록,5.0,경기
17043,e000905,롯데백화점 동탄점,5.0,경기
17044,e000905,트레이더스 홀세일 클럽 동탄점,5.0,경기
17045,e001007,스타필드 시티 부천,4.0,경기
17046,e001007,월미도,4.333333333333333,인천
17047,e001007,선녀바위,5.0,인천
17048,e001078,인천광역시 교육청 교육과 학정 보원 인천학생과학관,5.0,인천
17049,e001078,하늘정원 주차장,3.3333333333333335,인천
17050,e001078,롯데마트 송도점,3.3333333333333335,인천
17051,e001078,송도센트럴파크,5.0,인천
17052,e001085,롯데월드타워 롯데월드몰,4.333333333333333,서울
17053,e001085,롯데월드타워 롯데월드몰,4.0,서울
17054,e001112,구읍뱃터,4.0,인천
17055,e001122,호암미술관,5.0,경기
17056,e001133,발리다,5.0,경기
17057,e001133,대부바다 향기테마파크,5.0,경기
17058,e001139,현대 프리미엄 아울렛 김포점,5.0,경기
17059,e001139,아라 김포여객터미널 아라마린센터,5.0,경기
17060,e001156,서울로 717,5.0,서울
17061,e001156,천주교 서울 대교구 주교좌 명동 대성당,3.3333333333333335,서울
17062,e001156,명동거리,3.6666666666666665,서울
17063,e001156,동국대학교 서울캠퍼스,5.0,서울
17064,e001161,월미도,2.0,인천
17065,e001161,현대 프리미엄 아울렛 송도점,5.0,인천
17066,e001209,대부도,3.0,경기
17067,e001235,헤이리 예술마을,2.3333333333333335,경기
17068,e001235,아시아출판문화 정보 센터 지혜의 숲 1관,4.0,경기
17069,e001235,파주출판 단지 근린공원,5.0,경기
17070,e001253,코엑스,4.0,서울
17071,e001253,남산공원 N서울타워,4.0,서울
17072,e001253,명동거리,3.3333333333333335,서울
17073,e001253,동대문종합시장,4.666666666666667,서울
17074,e001253,동대문디자인플라자,3.0,서울
17075,e001253,밀리오레,4.0,서울
17076,e001268,서울대공원,4.0,경기
17077,e001268,안양중앙시장,4.0,경기
17078,e001273,진관사,5.0,서울
17079,e001283,서울숲,4.0,서울
17080,e001283,더 현대 서울,4.0,서울
17081,e001288,조계사,5.0,서울
17082,e001288,국립고궁박물관,5.0,서울
17083,e001288,경복궁,5.0,서울
17084,e001288,광화문광장,5.0,서울
17085,e001288,롯데월드,5.0,서울
17086,e001288,롯데월드타워 롯데월드몰,5.0,서울
17087,e001315,BMW 드라이빙 센터,3.6666666666666665,인천
17088,e001315,인천공항 전망대,3.0,인천
17089,e001315,을왕리 해수욕장,4.0,인천
17090,e001343,물향기 수목원,5.0,경기
17091,e001343,화성 융릉과 건릉,5.0,경기
17092,e001359,스타필드 고양,3.6666666666666665,경기
17093,e001367,롯데몰 김포공항점,5.0,서울
17094,e001367,강서 둘레길 1코스(개화산 숲길),4.0,서울
17095,e001367,서울어린이대공원,5.0,서울
17096,e001368,선유도공원,5.0,서울
17097,e001371,공간 와디즈,4.0,서울
17098,e001371,청계천,4.0,서울
17099,e001371,덕수궁,4.0,서울
17100,e001371,현대백화점 판교점,4.0,경기
17101,e001375,을왕리 해수욕장,1.3333333333333333,인천
17102,e001375,왕산해수욕장,4.666666666666667,인천
17103,e001393,신포국제시장,4.333333333333333,인천
17104,e001393,월미문화의 거리,5.0,인천
17105,e001393,한중문화관,5.0,인천
17106,e001393,대불호텔 전시관,5.0,인천
17107,e001393,생활사 전시관,5.0,인천
17108,e001393,인천개항 박물관,5.0,인천
17109,e001393,인천개항장 근대건축전시관,5.0,인천
17110,e001393,인천 차이나타운 삼국지 벽화거리,3.6666666666666665,인천
17111,e001393,짜장면 박물관,5.0,인천
17112,e001393,한중 원,3.6666666666666665,인천
17113,e001398,놀자 숲,5.0,경기
17114,e001401,스타필드 코엑스몰,3.3333333333333335,
17115,e001401,동대문디자인플라자,3.6666666666666665,
17116,e001431,민머루해수욕장,4.0,인천
17117,e001431,민머루해수욕장,4.0,인천
17118,e001438,용인 동백지구 호수 공원,5.0,경기
17119,e001443,아이파크몰 용산점,4.0,서울
17120,e001443,쌈지길,5.0,서울
17121,e001443,서울숲,5.0,서울
17122,e001462,갤러리아백화점 광교점,5.0,경기
17123,e001462,아쿠아 플라넷 광교,4.0,경기
17124,e001462,에버랜드,5.0,경기
17125,e001462,호암미술관,5.0,경기
17126,e001481,일산 호수공원,4.0,경기
17127,e001481,일산 호수공원,4.666666666666667,경기
17128,e001481,이케아 고양점,4.0,경기
17129,e001481,김포 장릉,5.0,경기
17130,e001481,수산공원,3.0,경기
17131,e001511,대부바다 향기테마파크,5.0,경기
17132,e001531,초지진,4.0,인천
17133,e001531,덕진진,4.333333333333333,인천
17134,e001531,마니산,5.0,인천
17135,e001946,강화 광성보,5.0,인천
17136,e001946,전등사,5.0,인천
17137,e001954,대룡시장,4.666666666666667,인천
17138,e001954,전등사,4.333333333333333,인천
17139,e002041,파라다이스 시티 씨메르,4.0,인천
17140,e002041,영종진공원,4.0,인천
17141,e002043,을왕리 해수욕장,4.666666666666667,인천
17142,e002091,롯데마트 영종도점,4.0,인천
17143,e002091,휠 프렌즈,3.6666666666666665,인천
17144,e002091,배미꾸미 조각 공원,2.3333333333333335,인천
17145,e002091,수기 해변,3.6666666666666665,인천
17146,e002094,동막해수욕장,5.0,인천
17147,e002094,마호가니 강화점,4.666666666666667,인천
17148,e002094,전등사,3.6666666666666665,인천
17149,e002094,교동 대룡시장,4.666666666666667,인천
17150,e002129,방아머리 해변,5.0,경기
17151,e002129,종이 미술관,5.0,경기
17152,e002153,동막해수욕장,1.3333333333333333,인천
17153,e002153,옥토끼우주센터,3.6666666666666665,인천
17154,e002153,강화 자연사박물관,4.333333333333333,인천
17155,e002155,인천 차이나타운,4.666666666666667,
17156,e002155,신포국제시장,4.333333333333333,인천
17157,e002223,청계산,4.333333333333333,
17158,e002223,청계사,5.0,경기
17159,e002261,파라다이스 시티 원더 박스,3.0,인천
17160,e002274,뻘 다방,5.0,인천
17161,e002274,방아머리 해변,4.0,경기
17162,e002274,동춘서커스 상설공연장,3.6666666666666665,경기
17163,e002280,양평어린이 건강 놀이터,5.0,경기
17164,e002280,용문사,5.0,경기
17165,e002294,현대 프리미엄 아울렛 김포점,5.0,경기
17166,e002294,왕과 탕후루,5.0,경기
17167,e002294,현대 프리미엄 아울렛 김포점,5.0,경기
17168,e002295,광장시장,5.0,서울
17169,e002295,종묘,5.0,서울
17170,e002299,현대 프리미엄 아울렛 김포점,5.0,경기
17171,e002424,왕산해수욕장,5.0,인천
17172,e002424,왕산해수욕장,5.0,인천
17173,e002430,에버랜드,3.0,경기
17174,e002430,에버랜드 판다 월드,4.333333333333333,경기
17175,e002430,에버랜드,5.0,경기
17176,e002435,광화문광장,5.0,서울
17177,e002435,경복궁,5.0,서울
17178,e002439,롯데월드,4.333333333333333,서울
17179,e002439,롯데월드타워 롯데월드몰,5.0,서울
17180,e002439,한성백제 박물관,4.333333333333333,서울
17181,e002442,응봉산 팔각정,5.0,서울
17182,e002442,노들섬,5.0,서울
17183,e002444,일월 수목원,4.0,경기
17184,e002444,행리단길,1.3333333333333333,경기
17185,e002447,북촌 한옥마을,3.6666666666666665,서울
17186,e002447,열린 송현 녹지 광장,5.0,서울
17187,e002447,봄날 아트홀,5.0,서울
17188,e002447,반포 한강공원,5.0,서울
17189,e002448,광명동굴,4.333333333333333,경기
17190,e002448,AK플라자 광명,3.6666666666666665,경기
17191,e002448,이케아 광명점,5.0,경기
17192,e002458,보문사,5.0,인천
17193,e002458,동막해수욕장,3.6666666666666665,인천
17194,e002466,방아머리 해변,4.0,경기
17195,e002468,스머프 매직 포레스트,2.0,서울
17196,e002468,강남역 지하상가,2.6666666666666665,서울
17197,e002468,에잇 세컨즈 강남대로점,2.6666666666666665,서울
17198,e002473,대명항 수산물 직판장,4.333333333333333,경기
17199,e002473,강화 남부농협 하나로마트 본점,4.0,인천
17200,e002473,전등사,5.0,인천
17201,e002474,롯데월드타워 롯데월드몰,4.666666666666667,서울
17202,e002474,롯데월드타워 롯데월드몰,5.0,서울
17203,e002486,동춘서커스 상설공연장,4.333333333333333,경기
17204,e002487,덕수궁,5.0,서울
17205,e002496,경복궁,4.333333333333333,
17206,e002496,청와대 본관,3.6666666666666665,서울
17207,e002499,영흥도 하늘 고래공원 전망대,3.0,인천
17208,e002509,쌀 꾸지 선착장,4.666666666666667,인천
17209,e002509,쌀 꾸지 선착장,5.0,인천
17210,e002543,용궁사,3.3333333333333335,인천
17211,e002543,백운산,4.0,인천
17212,e002545,국립민속박물관,4.333333333333333,서울
17213,e002545,덕수궁,3.6666666666666665,서울
17214,e002545,아이파크몰 용산점,4.0,서울
17215,e002562,오레오 팝업스토어,3.6666666666666665,서울
17216,e002562,모나미 스토어 성수점,3.3333333333333335,서울
17217,e002562,정샘물 플롭스,2.3333333333333335,서울
17218,e002562,국립고궁박물관,3.3333333333333335,서울
17219,e002562,광화문광장,3.3333333333333335,서울
17220,e002588,롯데월드,5.0,서울
17221,e002588,롯데월드,5.0,서울
17222,e002588,롯데월드,5.0,서울
17223,e002612,파라다이스 시티 원더 박스,5.0,인천
17224,e002614,을왕리 해수욕장,4.666666666666667,인천
17225,e002614,을왕리 해수욕장,5.0,인천
17226,e002614,인천 차이나타운,3.0,인천
17227,e002614,송도센트럴파크,4.0,인천
17228,e002618,민머루해수욕장,5.0,인천
17229,e002624,트리플 스트리트,4.0,인천
17230,e002624,현대 프리미엄 아울렛 송도점,5.0,인천
17231,e002624,송도 타임스페이스,5.0,인천
17232,e002624,송도센트럴파크,5.0,인천
17233,e002639,에델바이스 스위스 테마파크,2.3333333333333335,경기
17234,e002642,에버랜드,5.0,경기
17235,e002661,화성시 우리 꽃식물원,4.0,경기
17236,e002667,강화 부근리 고인돌,3.6666666666666665,인천
17237,e002667,동막해수욕장,3.0,
17238,e002675,십리포해수욕장,5.0,인천
17239,e002680,강화 루지,4.0,인천
17240,e002680,현대 프리미엄 아울렛 송도점,4.0,인천
17241,e002680,송도센트럴파크,2.6666666666666665,인천
17242,e002682,수원 화성,4.0,경기
17243,e002682,방화수류정,4.0,경기
17244,e002682,북수원 온천,4.666666666666667,경기
17245,e002686,에버랜드,4.666666666666667,경기
17246,e002688,동대문디자인플라자,2.6666666666666665,서울
17247,e002693,인천 차이나타운,4.0,인천
17248,e002693,삼국지 벽화거리,3.3333333333333335,인천
17249,e002693,월미도,5.0,인천
17250,e002693,월미도,4.666666666666667,인천
17251,e002693,현대 프리미엄 아울렛 송도점,4.0,인천
17252,e002695,아침고요 수목원,4.333333333333333,경기
17253,e002695,국립 운악산 자연휴양림,1.6666666666666667,경기
17254,e002695,포천아트밸리,3.6666666666666665,경기
17255,e002696,국립수목원,4.0,경기
17256,e002703,전등사,5.0,인천
17257,e002703,고려산,5.0,인천
17258,e002703,김포 장릉,5.0,경기
17259,e002723,물향기 수목원,5.0,경기
17260,e002731,파라다이스 시티 씨메르,5.0,인천
17261,e002731,파라다이스 시티 씨메르,5.0,인천
17262,e002731,트리플 스트리트,3.0,인천
17263,e002734,구읍뱃터,4.666666666666667,인천
17264,e002734,현대 프리미엄 아울렛 송도점,5.0,인천
17265,e002772,트리플 스트리트,5.0,인천
17266,e002772,현대 프리미엄 아울렛 송도점,5.0,인천
17267,e002772,송도센트럴파크,5.0,인천
17268,e002772,보문사,5.0,인천
17269,e002791,에버랜드,5.0,경기
17270,e002791,장충단공원,3.3333333333333335,
17271,e002795,이마트 검단점,3.0,인천
17272,e002796,십리포해수욕장,4.0,인천
17273,e002797,트리플 스트리트,4.0,인천
17274,e002797,현대 프리미엄 아울렛 송도점,4.0,인천
17275,e002806,두물머리,5.0,경기
17276,e002807,조인 폴리아 파주 농장,3.6666666666666665,경기
17277,e002807,이케아 고양점,4.0,경기
17278,e002914,신포국제시장,5.0,인천
17279,e002914,청라 호수 공원,5.0,인천
17280,e002914,왕산해수욕장,5.0,인천
17281,e002919,피크닉,4.333333333333333,서울
17282,e002919,신세계백화점 본점,4.0,서울
17283,e002929,고성산,4.333333333333333,경기
17284,e002930,화담숲,4.666666666666667,경기
17285,e002930,경안시장,1.6666666666666667,경기
17286,e002930,율봄식물원,4.333333333333333,경기
17287,e002941,헤이리 예술마을,4.0,경기
17288,e002941,한국 근현대사 박물관,5.0,경기
17289,e002946,덕소 자연사박물관,3.3333333333333335,경기
17290,e002947,파라다이스 시티 씨메르,4.333333333333333,인천
17291,e002947,파라다이스 시티 원더 박스,5.0,인천
17292,e002947,파라다이스 시티 원더 박스,5.0,인천
17293,e002947,파라다이스 시티 씨메르,4.0,인천
17294,e002948,계곡,4.666666666666667,
17295,e002954,가평 레일파크,5.0,경기
17296,e002954,자라섬,4.0,경기
17297,e002954,카페 감자밭 본점,5.0,강원
17298,e002955,잠실종합운동장 올림픽 주경기장,5.0,서울
17299,e002961,파라다이스 시티 씨메르,4.333333333333333,인천
17300,e002961,아시안 해변,2.6666666666666665,인천
17301,e002961,스퀘어 원,4.333333333333333,인천
17302,e002966,하나개해수욕장,4.0,인천
17303,e002966,인천종합어시장,2.3333333333333335,인천
17304,e002983,브루다 양주,4.333333333333333,경기
17305,e002988,창경궁,4.0,서울
17306,e002988,서울시립미술관 서소문 본관,3.3333333333333335,서울
17307,e002988,덕수궁,4.0,서울
17308,e002988,덕수궁,4.0,서울
17309,e002988,푸른 수목원,4.0,서울
17310,e002995,전쟁기념관,4.333333333333333,서울
17311,e002995,아이파크몰 용산점,3.0,서울
17312,e003005,용주사,5.0,경기
17313,e003012,에버랜드,5.0,경기
17314,e003026,동양 염전 베이커리 카페,3.6666666666666665,인천
17315,e003028,낙원악기상가,3.3333333333333335,서울
17316,e003028,석촌호수 산책길,4.0,서울
17317,e003028,잠실종합운동장 올림픽 주경기장,5.0,서울
17318,e003046,광화문,5.0,서울
17319,e003046,서울특별시청,5.0,서울
17320,e003046,덕수궁,5.0,서울
17321,e003046,덕수궁,5.0,서울
17322,e003047,화개 정원,3.3333333333333335,인천
17323,e003047,화개 정원,4.0,인천
17324,e003047,보문사,3.0,인천
17325,e003048,바다 향기수목원,4.0,경기
17326,e003053,AK플라자 금정,3.6666666666666665,경기
17327,e003075,자라섬,3.0,경기
17328,e003091,AK플라자 수원,5.0,경기
17329,e003091,파라다이스 시티 씨메르,5.0,인천
17330,e003091,파라다이스 시티 원더 박스,5.0,인천
17331,e003091,파라다이스 시티 씨메르,5.0,인천
17332,e003093,킨텍스 제2전시장,4.333333333333333,경기
17333,e003093,스타필드 고양,5.0,경기
17334,e003166,잠실종합운동장,4.333333333333333,서울
17335,e003168,예술의전당 한가람미술관,4.333333333333333,서울
17336,e003169,소찬공원,4.333333333333333,인천
17337,e003169,현대 프리미엄 아울렛 송도점,5.0,인천
17338,e003169,송도 달빛축제공원,5.0,인천
17339,e003183,실학박물관,4.666666666666667,경기
17340,e003183,다산 생태공원,5.0,경기
17341,e003192,배곧 생명공원,4.0,경기
17342,e003192,오이도,3.0,경기
17343,e003195,말똥 도넛 파주점,5.0,경기
17344,e003195,헤이리 예술마을,4.0,경기
17345,e003215,남이섬,3.3333333333333335,강원특별자치도
17346,e003216,장흥 폭포수 식당,5.0,경기
17347,e003224,파주 프리미엄 아울렛,5.0,경기
17348,e003224,헤이리 예술마을,5.0,경기
17349,e003234,선재 어촌체험마을,3.6666666666666665,인천
17350,e003234,목섬(항도),5.0,인천
17351,e003234,목섬(항도),5.0,인천
17352,e003234,목섬(항도),4.0,인천
17353,e003244,송도센트럴파크,5.0,인천
17354,e003244,롯데마트 송도점,5.0,인천
17355,e003244,송도센트럴파크,3.0,인천
17356,e003244,송도 한옥마을,3.0,인천
17357,e003244,현대 프리미엄 아울렛 송도점,4.666666666666667,인천
17358,e003254,뉴코아 아울렛 부천점,3.6666666666666665,경기
17359,e003284,발리다,5.0,경기
17360,e003284,옹진농협 하나로마트 영흥점,4.333333333333333,인천
17361,e003310,하늘정원 주차장,4.0,인천
17362,e003310,을왕리 해수욕장,4.0,인천
17363,e003310,씨사이드 파크,3.6666666666666665,인천
17364,e003313,현대 프리미엄 아울렛 김포점,4.0,경기
17365,e003385,아시안 해변,3.6666666666666665,인천
17366,e003395,망원한강공원,5.0,서울
17367,e003397,보문사,4.0,인천
17368,e003397,초지진,3.0,인천
17369,e003399,을왕리 해수욕장,4.0,인천
17370,e003399,선녀바위 둘레길,5.0,
17371,e003399,동양 염전 베이커리 카페,4.0,인천
17372,e003403,강화성당,5.0,인천
17373,e003403,고려궁지,5.0,인천
17374,e003403,조양 방직,5.0,인천
17375,e003403,연미정,5.0,인천
17376,e003403,대룡시장,5.0,인천
17377,e003403,보문사,5.0,인천
17378,e003403,동막해수욕장,5.0,인천
17379,e003448,인천 차이나타운,4.0,인천
17380,e003450,동막해수욕장,5.0,인천
17381,e003450,교동 대룡시장,4.333333333333333,인천
17382,e003450,화개 정원,3.0,인천
17383,e003457,현대 프리미엄 아울렛 김포점,4.0,경기
17384,e003459,잠실종합운동장,5.0,서울
17385,e003460,제부도,4.0,경기
17386,e003460,평택호 관광단지,1.0,경기
17387,e003460,농협안성팜랜드,4.0,경기
17388,e003461,인천 차이나타운,2.6666666666666665,인천
17389,e003461,영종진공원,3.0,인천
17390,e003488,김포함상공원,3.6666666666666665,경기
17391,e003489,월미테마파크,4.0,인천
17392,e003489,월미도,4.0,인천
17393,e003489,인천 차이나타운,4.0,인천
17394,e003489,인천종합어시장,4.0,인천
17395,e003496,짜장면 박물관,4.666666666666667,인천
17396,e003496,한중문화관,3.3333333333333335,인천
17397,e003496,인천개항 박물관,4.333333333333333,
17398,e003496,인천개항장 근대건축전시관,4.0,인천
17399,e003496,자유 공원,4.0,인천
17400,e003496,제물포구락부,4.333333333333333,
17401,e003496,월미도,4.333333333333333,인천
17402,e003496,영종진공원,5.0,인천
17403,e003496,영종진공원,5.0,인천
17404,e003507,방아머리 해변,4.666666666666667,경기
17405,e003507,방아머리 해변,3.6666666666666665,경기
17406,e003522,양재 꽃 시장,5.0,서울
17407,e003522,종로 신진시장,4.333333333333333,서울
17408,e003522,청계천,4.666666666666667,서울
17409,e003522,국립중앙박물관,4.333333333333333,서울
17410,e003522,더 현대 서울,4.0,서울
17411,e003595,생활사 전시관,3.3333333333333335,인천
17412,e003597,롯데 프리미엄 아울렛 파주점,4.0,경기
17413,e003600,시화 달 전망대(시화 이루나 타워),3.3333333333333335,경기
17414,e003600,방아머리 해변,2.6666666666666665,경기
17415,e003600,대부바다 향기테마파크,4.0,경기
17416,e003606,파라다이스 시티 원더 박스,5.0,인천
17417,e003607,서울미술관 본관,4.666666666666667,서울
17418,e003607,망원한강공원,4.333333333333333,서울
17419,e003607,타임스퀘어,5.0,서울
17420,e003607,더 현대 서울,5.0,서울
17421,e003624,연미정,5.0,인천
17422,e003624,고려궁지,3.0,인천
17423,e003624,대한 성공회 강화성당,5.0,인천
17424,e003654,대한 성공회 온수리 성당,2.6666666666666665,인천
17425,e003654,동막해수욕장,3.6666666666666665,인천
17426,e003654,보문사,4.0,인천
17427,e003654,민머루해수욕장,2.6666666666666665,인천
17428,e003654,강화도 외포항 젓갈수산시장,4.0,인천
17429,e003685,방아머리 해변,4.0,경기
17430,e003704,노가리 해변,5.0,인천
17431,e003704,십리포해수욕장,4.666666666666667,인천
17432,e003704,장경리 해변,3.3333333333333335,인천
17433,e003728,월미도,5.0,인천
17434,e003728,인천 차이나타운,5.0,인천
17435,e003739,장경리 해변,5.0,인천
17436,e003742,파라다이스 시티 원더 박스,5.0,인천
17437,e003742,을왕리 해수욕장,2.3333333333333335,인천
17438,e003742,선녀바위해수욕장,4.0,인천
17439,e003748,을왕리 해수욕장,4.666666666666667,인천
17440,e003759,영종 씨사이드 레일바이크,4.666666666666667,인천
17441,e003759,씨사이드 파크,2.3333333333333335,인천
17442,e003759,을왕리 해수욕장,3.3333333333333335,인천
17443,e003770,장화리 일몰 조명지,5.0,인천
17444,e003770,민머루해수욕장,3.3333333333333335,인천
17445,e003785,낙조 전망대,3.6666666666666665,경기
17446,e003800,왕산해수욕장,3.3333333333333335,인천
17447,e003812,현대 프리미엄 아울렛 송도점,5.0,인천
17448,e003835,월미테마파크,3.0,인천
17449,e003835,인천 차이나타운,2.6666666666666665,인천
17450,e003841,송도 타임스페이스,4.0,인천
17451,e003841,송도센트럴파크,5.0,인천
17452,e003841,현대 프리미엄 아울렛 송도점,5.0,인천
17453,e003841,포레스트아웃팅스 송도점,4.333333333333333,인천
17454,e003846,영종진공원,4.0,인천
17455,e003851,대룡시장,5.0,인천
17456,e003851,화개 정원,3.3333333333333335,인천
17457,e003851,현대 프리미엄 아울렛 김포점,5.0,경기
17458,e003851,청라 호수 공원,4.333333333333333,인천
17459,e003851,조양 방직,5.0,인천
17460,e003866,인천 차이나타운,2.6666666666666665,인천
17461,e003866,월미도,2.3333333333333335,인천
17462,e003866,예단포둘레길,4.333333333333333,인천
17463,e003866,하나개해수욕장,5.0,인천
17464,e003866,하나개해수욕장,3.3333333333333335,인천
17465,e003879,파라다이스 시티 원더 박스,3.6666666666666665,인천
17466,e003879,파라다이스 시티 원더 박스,3.6666666666666665,인천
17467,e003879,영종도,3.6666666666666665,인천
17468,e003890,트리플 스트리트,3.3333333333333335,인천
17469,e003890,소무의도,5.0,인천
17470,e003905,대룡시장,3.0,인천
17471,e003905,전등사,4.333333333333333,인천
17472,e003905,강화 루지,4.333333333333333,인천
17473,e003962,조양 방직,5.0,인천
17474,e003964,동막해수욕장,4.0,인천
17475,e003964,강화 루지,4.333333333333333,인천
17476,e003964,강화 남부농협 하나로마트 본점,5.0,인천
17477,e003985,하나개해수욕장 유원지,4.0,인천
17478,e004025,을왕리 해수욕장,3.0,인천
17479,e004025,을왕리 해수욕장,3.0,인천
17480,e004025,자유 공원 맥아더 장군 동상,3.6666666666666665,인천
17481,e004025,인천 차이나타운,4.0,인천
17482,e004025,현대 프리미엄 아울렛 송도점,4.0,인천
17483,e004034,동막해수욕장,3.0,인천
17484,e004065,경안천 습지생태공원,3.3333333333333335,경기
17485,e004065,롯데 프리미엄 아울렛 타임 빌라스,4.0,경기
17486,e004090,대한불교조계종 봉은사,5.0,서울
17487,e004130,강화 부근리 고인돌,3.0,인천
17488,e004130,강화역사박물관,4.0,인천
17489,e004130,교동 대룡시장,3.3333333333333335,인천
17490,e004152,초지진,3.6666666666666665,인천
17491,e004152,덕진진,4.0,인천
17492,e004152,동막해수욕장,5.0,인천
17493,e004184,현대 프리미엄 아울렛 송도점,5.0,인천
17494,e004186,파라다이스 시티 원더 박스,4.0,인천
17495,e004186,파라다이스 시티 원더 박스,3.0,인천
17496,e004220,월미도,4.0,인천
17497,e004220,짜장면 박물관,3.3333333333333335,인천
17498,e004220,트라이볼,5.0,인천
17499,e004220,송도센트럴파크,5.0,인천
17500,e004220,송도센트럴파크,5.0,인천
17501,e004220,현대 프리미엄 아울렛 송도점,5.0,인천
17502,e004239,아시안 해변,4.0,인천
17503,e004239,을왕리 해수욕장,5.0,인천
17504,e004239,파라다이스 시티 씨메르,5.0,인천
17505,e004244,파라다이스 시티 씨메르,5.0,인천
17506,e004260,송도컨벤시아,3.0,인천
17507,e004321,제부도 해안산책로,3.6666666666666665,경기
17508,e004321,제부도,3.6666666666666665,경기
17509,e004321,제부도 워터 워크,3.6666666666666665,경기
17510,e004331,을왕리 해수욕장,3.0,인천
17511,e004335,파라다이스 시티 씨메르,5.0,인천
17512,e004335,구읍뱃터,5.0,인천
17513,e004429,대부도,4.0,경기
17514,e004429,스머프 매직 포레스트,4.0,서울
17515,e004429,대부도,4.0,경기
17516,e004439,대한 성공회 온수리 성당,3.6666666666666665,인천
17517,e004439,보문사,4.333333333333333,인천
17518,e004446,초지진,4.333333333333333,인천
17519,e004446,덕진진,4.333333333333333,인천
17520,e004446,연미정,4.333333333333333,인천
17521,e004446,강화역사박물관,4.333333333333333,인천
17522,e004446,동막해수욕장,4.333333333333333,인천
17523,e004446,분오리 돈대,5.0,인천
17524,e004448,이마트 검단점,3.3333333333333335,인천
17525,e004448,동막해수욕장,1.3333333333333333,인천
17526,e004448,강화 루지,5.0,인천
17527,e004448,동막해수욕장,1.0,인천
17528,e004502,월미도,3.6666666666666665,인천
17529,e004504,선녀바위,4.0,인천
17530,e004504,선녀바위,4.0,인천
17531,e004504,선녀바위 둘레길,4.0,
17532,e004533,웨이브 파크,5.0,경기
17533,e004533,방아머리 해변,5.0,경기
17534,e004601,대한 성공회 강화성당,4.666666666666667,인천
17535,e004707,송도 한옥마을,5.0,인천
17536,e004707,소래포구 종합어시장,3.0,인천
17537,e004707,인천 차이나타운,5.0,인천
17538,e004707,인천개항 박물관,4.333333333333333,인천
17539,e004707,월미도,5.0,인천
17540,e004707,드림파크 야생화 단지,5.0,인천
17541,e004708,제부도 워터 워크,3.3333333333333335,경기
17542,e004721,인천 차이나타운,5.0,인천
17543,e004721,주교좌 답동 성 바오로 성당,5.0,인천
17544,e004721,신포국제시장,5.0,인천
17545,e004721,인천 차이나타운,5.0,인천
17546,e004721,송도센트럴파크,5.0,인천
17547,e004721,파라다이스 시티 원더 박스,5.0,인천
17548,e004808,T 팩토리,2.3333333333333335,서울
17549,e004808,선유도공원,4.0,서울
17550,e004808,청와대 본관,3.0,서울
17551,e004855,을왕리 해수욕장,4.0,인천
17552,e004855,파라다이스 시티 씨메르,3.3333333333333335,인천
17553,e004855,현대 프리미엄 아울렛 송도점,4.0,인천
17554,e004855,트리플 스트리트,4.0,인천
17555,e004880,고려궁지,4.0,인천
17556,e004880,아르미애월드,5.0,인천
17557,e004880,대한 성공회 강화성당,3.3333333333333335,인천
17558,e004880,조양 방직,5.0,인천
17559,e004880,강화풍물시장,4.0,인천
17560,e004884,현대 프리미엄 아울렛 김포점,3.6666666666666665,경기
17561,e004897,선녀바위,3.0,인천
17562,e004897,왕산해수욕장,2.0,인천
17563,e004897,인천 차이나타운,3.6666666666666665,인천
17564,e005021,종이 미술관,2.6666666666666665,경기
17565,e005167,동막해수욕장,4.0,인천
17566,e005167,마호가니 강화점,5.0,인천
17567,e005167,강화풍물시장,4.0,인천
17568,e005212,짜장면 박물관,5.0,인천
17569,e005212,파라다이스 시티 씨메르,5.0,인천
17570,e005212,파라다이스 시티 원더 박스,4.0,인천
17571,e005215,롯데마트 영종도점,4.333333333333333,인천
17572,e005215,국사봉,4.0,인천
17573,e005215,영마루공원,3.0,인천
17574,e005230,선녀바위,3.0,인천
17575,e005230,을왕리 해수욕장,4.666666666666667,인천
17576,e005230,을왕리 해수욕장,4.333333333333333,인천
17577,e005230,짜장면 박물관,3.0,인천
17578,e005230,주교좌 답동 성 바오로 성당,3.6666666666666665,인천
17579,e005249,뻘 다방,5.0,인천
17580,e005249,목섬(항도),4.333333333333333,인천
17581,e005249,동춘서커스 상설공연장,5.0,경기
17582,e005293,한남동 카페거리,2.6666666666666665,서울
17583,e005293,석촌호수 동호,5.0,서울
17584,e005309,송도 한옥마을,3.3333333333333335,인천
17585,e005309,예단포둘레길,4.0,인천
17586,e005309,선녀바위해수욕장,3.6666666666666665,인천
17587,e005309,선녀바위 문화탐방로,4.0,인천
17588,e005309,수도국산 달동네 박물관,5.0,인천
17589,e005309,일본풍 거리,5.0,인천
17590,e005309,인천 차이나타운,5.0,인천
17591,e005309,송월동 동화마을,5.0,인천
17592,e005309,신포국제시장,3.0,인천
17593,e005312,BMW 드라이빙 센터,5.0,인천
17594,e005312,인천광역시 교육청 교육과 학정 보원 인천학생과학관,3.6666666666666665,인천
17595,e005353,시화 달 전망대(시화 이루나 타워),5.0,경기
17596,e005353,낙조 전망대,5.0,경기
17597,e005360,서울대공원 둘레길,5.0,경기
17598,e005360,광명시 소하 도서관,4.0,경기
17599,e005360,광명 스피돔 경륜본장,3.6666666666666665,경기
17600,e005360,대부도,5.0,경기
17601,e005360,시흥 프리미엄 아울렛,4.0,경기
17602,e005360,한내 근린공원,4.0,경기
17603,e005360,광명시 소하 도서관,3.0,경기
17604,e005384,송도센트럴파크,5.0,인천
17605,e005384,송도 한옥마을,5.0,인천
17606,e005384,송도센트럴파크,4.666666666666667,인천
17607,e005384,송도센트럴파크,5.0,인천
17608,e005384,현대 프리미엄 아울렛 송도점,5.0,인천
17609,e005384,을왕리 해수욕장,5.0,인천
17610,e005399,하늘정원 주차장,3.3333333333333335,인천
17611,e005404,파라다이스 시티 플라자,4.333333333333333,
17612,e005457,인천대공원,4.333333333333333,인천
17613,e005480,수원 화성 화홍문,4.666666666666667,경기
17614,e005480,수원 월드컵 경기장 보조경기장,4.333333333333333,경기
17615,e005480,팔달산,4.666666666666667,경기
17616,e005567,전등사,3.6666666666666665,인천
17617,e005568,전등사,3.3333333333333335,인천
17618,e005568,동막해수욕장,3.3333333333333335,인천
17619,e005568,현대 프리미엄 아울렛 김포점,3.6666666666666665,경기
17620,e005709,조양 방직,3.0,인천
17621,e005709,강화산성 남문,3.0,인천
17622,e005709,화개 정원,5.0,인천
17623,e005709,교동 대룡시장,4.0,인천
17624,e005709,강화 부근리 고인돌,5.0,인천
17625,e005709,현대 프리미엄 아울렛 김포점,5.0,경기
17626,e005738,보문사,4.0,인천
17627,e005738,강화풍물시장,3.0,인천
17628,e005858,현대백화점 판교점,5.0,경기
17629,e005858,캐리비안베이,5.0,경기
17630,e005858,롯데월드,5.0,서울
17631,e005858,석촌호수 서호,5.0,서울
17632,e005858,더 현대 서울,5.0,서울
17633,e005865,인천 차이나타운,4.0,인천
17634,e005865,월미문화의 거리,5.0,인천
17635,e005865,롯데백화점 인천점,5.0,인천
17636,e005920,옹진농협 하나로마트 영흥점,4.0,
17637,e005920,해군 영흥도 전적비,3.3333333333333335,인천
17638,e005920,소래포구 종합어시장,3.0,인천
17639,e005938,강화 루지,5.0,인천
17640,e005938,수산공원,4.0,경기
17641,e006039,시화 달 전망대(시화 이루나 타워),3.6666666666666665,경기
17642,e006039,안산 어촌민속박물관,4.0,경기
17643,e006195,을왕리 해수욕장,5.0,인천
17644,e006195,을왕리 해수욕장,5.0,인천
17645,e006195,인천 차이나타운,5.0,인천
17646,e006309,선녀바위,5.0,인천
17647,e006309,선녀바위해수욕장,5.0,인천
17648,e006309,을왕리 해수욕장,3.0,인천
17649,e006309,구읍뱃터,3.0,인천
17650,e006309,씨사이드 파크,4.0,인천
17651,e006309,롯데몰 김포공항점,3.0,서울
17652,e006466,뻘 다방,4.0,인천
17653,e006570,초지진,3.6666666666666665,인천
17654,e006570,강화 광성보,3.6666666666666665,인천
17655,e006845,용궁사,5.0,인천
17656,e006845,마이랜드,4.0,인천
17657,e006857,노적봉폭포공원 노적봉폭포,4.666666666666667,경기
17658,e006857,경기도 미술관,4.0,경기
17659,e006857,시화 달 전망대(시화 이루나 타워),4.333333333333333,경기
17660,e007167,옥토끼우주센터,4.333333333333333,인천
17661,e007268,석모도 미네랄 온천,4.666666666666667,인천
17662,e007368,인천 차이나타운,5.0,인천
17663,e007368,월미도,5.0,인천
17664,e007368,여의도 한강공원,5.0,서울
17665,e007496,보문사,3.3333333333333335,인천
17666,e007714,씨사이드 파크,4.666666666666667,인천
17667,e007762,강화역사박물관,4.0,인천
17668,e007762,강화 자연사박물관,4.0,인천
17669,e007762,대한 성공회 강화성당,3.0,인천
17670,e007844,제부도,5.0,경기
17671,e008048,을왕리 해수욕장,5.0,인천
17672,e008048,선녀바위 문화탐방로,5.0,인천
17673,e009028,왕산해수욕장,4.0,인천
17674,e009287,전등사,5.0,인천
17675,e010104,시화 달 전망대(시화 이루나 타워),5.0,경기
17676,e010104,시화 나래 휴게소,5.0,경기
17677,e010239,제부도 해안산책로,5.0,경기
17678,e010239,제부도,4.333333333333333,경기
17679,e010251,하나개해수욕장 유원지,4.333333333333333,인천
17680,e010265,대부바다 향기테마파크,3.0,경기
17681,e010265,부천중앙공원,4.0,경기
17682,e010831,시화 달 전망대(시화 이루나 타워),3.6666666666666665,경기
17683,e010831,대부바다 향기테마파크,3.6666666666666665,경기
17684,e011371,영종역사관,4.0,인천
17685,e011371,소무의도,4.0,인천
17686,e011693,강화 루지,4.333333333333333,인천
17687,e011693,대한 성공회 강화성당,4.0,인천
17688,e011693,강화도 외포항 젓갈수산시장,3.0,인천
17689,e012167,연미정,4.666666666666667,인천
17690,e012167,보문사,5.0,인천
17691,e012167,동막해수욕장,4.0,인천
17692,e012167,초지진,3.6666666666666665,인천
17693,e012497,강화도 외포항 젓갈수산시장,3.6666666666666665,인천
17694,e012710,대부바다 향기테마파크,1.3333333333333333,경기
17695,e013032,대명항 수산물 직판장,5.0,경기
17696,e013032,동막해수욕장,5.0,인천
17697,e013035,대한 성공회 강화성당,3.3333333333333335,인천
17698,e013035,조양 방직,4.333333333333333,인천
17699,e013035,장화리 일몰 조명지,4.0,인천
17700,e013041,동막해수욕장,5.0,인천
17701,e013050,강화 루지,4.666666666666667,인천
17702,e013050,보문사,5.0,인천
17703,e013053,파라다이스 시티 원더 박스,4.666666666666667,인천
17704,e013069,조양 방직,5.0,인천
17705,e013069,아르미애월드,3.0,인천
17706,e013077,전등사,3.6666666666666665,인천
17707,e013103,소무의도,5.0,인천
17708,e013106,제부도,4.333333333333333,경기
17709,e013125,웨이브 파크,4.0,경기
17710,e013127,대부바다 향기테마파크,4.0,경기
17711,e013128,강화산성 남문,4.0,인천
17712,e013128,전등사,5.0,인천
17713,e013128,동막해수욕장,5.0,인천
17714,e013134,파라다이스 시티 원더 박스,3.3333333333333335,인천
17715,e013134,선녀바위,3.0,인천
17716,f000391,문경새재도립공원,5.0,경북
17717,f000396,해양드라마 세트장,3.6666666666666665,경남
17718,f000396,삼천포대교공원,3.3333333333333335,경남
17719,f000396,남일대해수욕장,3.3333333333333335,경남
17720,f000396,상족암 군립 공원,3.3333333333333335,경남
17721,f000396,남해 독일마을,3.3333333333333335,경남
17722,f000396,다랭이마을,3.3333333333333335,경남
17723,f000396,진주성,4.0,경남
17724,f000396,진주 논개 시장,3.3333333333333335,경남
17725,f000402,광안리해수욕장,5.0,부산
17726,f000418,한 섬 해변,2.6666666666666665,강원
17727,f000418,논골담길,4.0,강원
17728,f000418,묵호등대,4.0,강원
17729,f000418,무릉 별유천지,5.0,강원
17730,f000438,경암동 철길마을,2.3333333333333335,전북
17731,f000438,한화리조트 거제 벨보 디어 마리나,4.333333333333333,경남
17732,f000438,한화리조트 거제 벨보 디어 마리나,4.666666666666667,경남
17733,f000438,근포 땅굴,4.333333333333333,경남
17734,f000438,신선대,3.3333333333333335,경남
17735,f000438,바람의 언덕,3.0,경남
17736,f000438,충렬사,3.6666666666666665,경남
17737,f000438,조선 군선,4.0,경남
17738,f000438,디피랑,5.0,경남
17739,f000439,한반도 지형,5.0,강원
17740,f000439,하이원 워터월드,5.0,강원
17741,f000439,아리랑 박물관,5.0,강원
17742,f000450,연화도,5.0,경남
17743,f000450,통영 케이블카,4.0,경남
17744,f000450,한산대첩 광장,3.3333333333333335,경남
17745,f000471,첨성대,5.0,경북
17746,f000471,송대말 등대,3.3333333333333335,경북
17747,f000471,경주 문무대왕릉,2.0,경북
17748,f000471,동궁과 월지,4.333333333333333,경북
17749,f000471,보문호,4.0,경북
17750,f000471,황련단길,4.666666666666667,경북
17751,f000471,천마총,5.0,경북
17752,f000471,국립경주박물관,4.666666666666667,경북
17753,f000480,민락 더 마켓,4.666666666666667,
17754,f000480,통도사,4.666666666666667,경남
17755,f000480,불국사,5.0,경북
17756,f000480,소노벨 경주 오션 플레이,5.0,경북
17757,f000491,호미곶,3.6666666666666665,경북
17758,f000491,구룡포 일본인 가옥거리,3.0,경북
17759,f000491,독도,5.0,경북
17760,f000491,태하 향목 관광모노레일,3.3333333333333335,경북
17761,f000491,나리분지,3.0,경북
17762,f000501,곰배령,4.666666666666667,강원
17763,f000501,용소골 꽃양귀비 축제,4.0,강원
17764,f000501,횡성 루지 체험장,5.0,강원
17765,f000512,상족암 군립 공원,5.0,경남
17766,f000512,보리암,5.0,경남
17767,f000512,해운대해수욕장,5.0,부산
17768,f000527,간절곶,4.0,울산
17769,f000527,울산시립미술관,3.6666666666666665,울산
17770,f000563,BIFF 광장,3.6666666666666665,부산
17771,f000563,부평 깡통시장,4.0,부산
17772,f000588,춘천 중도 물레길,5.0,강원
17773,f000588,소양강 처녀상,2.3333333333333335,강원
17774,f000588,의암호 스카이워크,4.0,강원
17775,f000590,월포해수욕장,5.0,
17776,f000674,남해전통시장,3.6666666666666665,경남
17777,f000674,보리암,5.0,경남
17778,f000674,금산 산장,4.0,경남
17779,f000674,통영 어드벤처 타워,4.0,경남
17780,f000674,수륙 해안산책로,4.0,경남
17781,f000674,중앙 활어시장,5.0,경남
17782,f000674,디피랑,5.0,경남
17783,f000674,소매물도,5.0,경남
17784,f000674,이순신공원,4.0,경남
17785,f000674,수륙 해안산책로,4.0,경남
17786,f000681,해운대해수욕장,5.0,부산
17787,f000681,밀란 더 마켓,5.0,부산
17788,f000681,광안리해수욕장,5.0,부산
17789,f000681,동백 섬,5.0,부산
17790,f000681,롯데백화점 광복점,5.0,부산
17791,f000786,봉포 잠수부 집 본점,3.0,강원특별자치도
17792,f000786,등대해수욕장,5.0,강원특별자치도
17793,f000786,설악워터피아,5.0,강원특별자치도
17794,f000786,속초관광수산시장,5.0,강원특별자치도
17795,f000786,속초해수욕장,4.666666666666667,강원특별자치도
17796,f000786,아바이마을 벽화골목,4.333333333333333,강원특별자치도
17797,f000794,해운대해수욕장,4.333333333333333,부산
17798,f000794,신세계백화점 센텀시티점,4.666666666666667,부산
17799,f000794,해운대해수욕장,4.0,부산
17800,f000794,씨라 이르 부산아쿠아리움,3.3333333333333335,부산
17801,f000804,아야진해수욕장,3.6666666666666665,강원
17802,f000804,낙산사,5.0,강원
17803,f000804,사천진 해변,3.3333333333333335,강원
17804,f000814,아르떼 뮤지엄 강릉,5.0,강원
17805,f000814,강문해변,4.0,강원
17806,f000854,이 송도 전망대,5.0,부산
17807,f000854,흰 여울 해안 터널,5.0,부산
17808,f000854,태종대 다 노비 열차,5.0,부산
17809,f000854,태종대유원지,5.0,부산
17810,f000854,해운대해수욕장,3.6666666666666665,부산
17811,f000854,롯데백화점 센텀시티점,3.6666666666666665,부산
17812,f000854,신세계백화점 센텀시티점,1.0,부산
17813,f000854,롯데백화점 센텀시티점,5.0,부산
17814,f000854,밀란 더 마켓,5.0,부산
17815,f000858,춘천 풍물시장,4.0,강원
17816,f000858,강아지 숲,4.0,강원
17817,f000858,공지천,4.0,강원
17818,f000861,상주 자전거 박물관,5.0,경북
17819,f000895,능파대,2.3333333333333335,강원
17820,f000895,속초관광수산시장,4.0,강원
17821,f000895,신흥사,5.0,강원
17822,f000895,아르떼 뮤지엄 강릉,5.0,강원
17823,f000906,사유원,4.0,경북
17824,f000906,영화 리틀 포레스트 촬영지,4.0,경북
17825,f000919,흰 여울 문화마을,4.666666666666667,부산
17826,f000929,강릉 중앙시장,2.3333333333333335,
17827,f000955,코리아 짚와이어,3.6666666666666665,경남
17828,f000955,화개 장터,2.0,경남
17829,f000955,동정호,4.0,경남
17830,f000955,하동 북천 꽃양귀비 축제,3.0,경남
17831,f000955,진주성,4.0,경남
17832,f000955,진주중앙시장,3.6666666666666665,경남
17833,f000957,피닉스 평창 블루캐니언,3.3333333333333335,강원
17834,f000957,피닉스 평창 곤돌라,4.0,강원
17835,f000988,능파대,3.6666666666666665,강원
17836,f000988,감나무집,3.0,강원
17837,f000988,봉포 해변,5.0,강원
17838,f000988,청간정,3.3333333333333335,강원
17839,f000988,아야진해수욕장,5.0,강원
17840,f000988,청간해변,5.0,강원
17841,f001063,옥천사,4.0,경남
17842,f001063,상족암 군립 공원,3.3333333333333335,경남
17843,f001063,으능정이 스카이로드,3.3333333333333335,대전
17844,f001111,NC백화점 서면점,3.3333333333333335,부산
17845,f001111,해운대해수욕장,4.0,부산
17846,f001111,KTG 상상마당 부산,5.0,부산
17847,f001111,짱 오락실 부산 서면점,4.0,부산
17848,f001111,서면 1번가,3.3333333333333335,부산
17849,f001111,범천동 호천 마을,3.6666666666666665,부산
17850,f001111,롯데백화점 부산본점,3.3333333333333335,부산
17851,f001151,223 하동 세계 차 엑스포 제2행사장,5.0,경남
17852,f001151,223 하동 세계 차 엑스포 제2행사장,5.0,경남
17853,f001151,동정호,3.3333333333333335,경남
17854,f001164,아난티 힐튼 부산,3.0,부산
17855,f001164,롯데 프리미엄 아웃렛 동부산점,5.0,부산
17856,f001197,동백 섬,5.0,부산
17857,f001197,해운대해수욕장,5.0,부산
17858,f001197,영남루,5.0,경남
17859,f001215,통 연달아 공원,3.6666666666666665,경남
17860,f001215,조선 군선,4.666666666666667,경남
17861,f001223,소양강,5.0,강원
17862,f001223,레고랜드 코리아리조트,2.6666666666666665,강원
17863,f001234,삼천포 용궁 수산시장,5.0,경남
17864,f001250,보수동 책방 골목,4.0,부산
17865,f001250,부평 깡통시장,2.3333333333333335,부산
17866,f001250,광안리해수욕장,4.666666666666667,부산
17867,f001250,신세계백화점 센텀시티점,3.0,부산
17868,f001250,태종대유원지,3.3333333333333335,부산
17869,f001250,용두산공원,3.3333333333333335,부산
17870,f001250,해운대해수욕장,4.0,부산
17871,f001254,첨성대,5.0,경북
17872,f001254,대릉원,5.0,경북
17873,f001278,동궁과 월지,4.0,경북
17874,f001278,경주엑스포 대공원,5.0,경북
17875,f001278,첨성대,5.0,경북
17876,f001278,불국사,3.3333333333333335,경북
17877,f001309,롯데리조트 속초,5.0,강원
17878,f001309,롯데리조트 속초,5.0,강원
17879,f001311,농소몽돌해수욕장,4.0,경남
17880,f001311,농소몽돌해수욕장,4.0,경남
17881,f001353,황련단길,5.0,경북
17882,f001353,첨성대,5.0,경북
17883,f001353,국립경주박물관,5.0,경북
17884,f001353,동궁과 월지,5.0,경북
17885,f001353,한화리조트 거제 벨보 디어 마리나,5.0,경남
17886,f001353,조선해양문화관,5.0,경남
17887,f001353,신선대,5.0,경남
17888,f001378,스카이라인 루지 부산,4.666666666666667,부산
17889,f001378,태종대유원지,5.0,부산
17890,f001378,부평 깡통시장,2.6666666666666665,부산
17891,f001378,흰 여울 문화마을,5.0,부산
17892,f001392,속초관광수산시장,4.0,강원
17893,f001392,청호 활어회센터,3.6666666666666665,강원
17894,f001392,외옹치 바다 향기로,5.0,강원
17895,f001392,아야진해수욕장,3.0,강원
17896,f001448,해운대해수욕장,5.0,부산
17897,f001448,서면 1번가,4.0,부산
17898,f001448,KTG 상상마당 부산,4.0,부산
17899,f001476,용두산공원,3.6666666666666665,부산
17900,f001476,부산 아시아드 주경기장,4.0,부산
17901,f001476,부산 아시아드 주경기장,4.0,부산
17902,f001476,광안리해수욕장,4.0,부산
17903,f001476,밀란 더 마켓,3.0,부산
17904,f001504,하회 세계 탈 박물관,4.333333333333333,경북
17905,f001504,안동 하회마을,3.6666666666666665,경북
17906,f001504,안동 운흥동 오층 전탑,4.0,경북
17907,f001504,봉정사,3.3333333333333335,경북
17908,f001504,안동 운흥동 오층 전탑,4.0,경북
17909,f001504,모디 684,3.3333333333333335,경북
17910,f001523,호텔 수성,5.0,대구
17911,f001523,수성못,5.0,대구
17912,f001523,서문시장,5.0,대구
17913,f001523,하멜 등대,5.0,전라남도
17914,f001523,만성리 검은 모래해변,4.666666666666667,전남
17915,f001533,송도해수욕장,5.0,부산
17916,f001533,흰 여울 문화마을,4.0,부산
17917,f001533,흰 여울 해안 터널,4.333333333333333,부산
17918,f001533,해운대해수욕장,5.0,부산
17919,f001533,신세계백화점 센텀시티점,5.0,부산
17920,f001543,속초해수욕장,4.666666666666667,강원
17921,f001543,속초 아이,5.0,강원
17922,f001543,외옹치 바다 향기로,5.0,강원
17923,f001543,속초 아이,4.0,강원
17924,f001546,해운대 전통시장,4.0,부산
17925,f001546,행리단길,4.0,부산
17926,f001569,수영만 요트경기장,5.0,부산
17927,f001569,흰 여울 문화마을,4.333333333333333,부산
17928,f001575,민우당 서림,4.0,강원
17929,f001575,속초관광수산시장,1.0,강원
17930,f001575,청초 호수공원,3.0,강원
17931,f001575,낙산사,4.0,강원
17932,f001609,국립 해양 박물관,4.333333333333333,부산광역시
17933,f001609,을숙도 생태공원,2.0,부산
17934,f001609,스타필드 시티 명지,3.3333333333333335,부산
17935,f001615,청도 소싸움 미디어 체험관,5.0,경북
17936,f001615,운문사,5.0,경북
17937,f001621,대관령 양떼목장,4.333333333333333,강원
17938,f001621,피닉스 평창 블루캐니언,4.0,강원
17939,f001624,고성 송학동 고분군,3.3333333333333335,경남
17940,f001641,신흥사,5.0,강원
17941,f001641,설악산 흔들바위,5.0,강원
17942,f001641,속초해수욕장,5.0,강원
17943,f001641,속초관광수산시장,4.0,강원
17944,f001644,다랭이마을,4.0,경남
17945,f001644,설리 스카이워크,3.0,경남
17946,f001644,설리해수욕장,4.0,경남
17947,f001644,보리암,4.333333333333333,경남
17948,f001644,독일마을 남해 파독 전시관,4.333333333333333,경남
17949,f001646,서피 비치,4.0,강원
17950,f001646,낙산사,5.0,강원
17951,f001646,아야진해수욕장,4.0,강원
17952,f001646,아야진해수욕장,5.0,강원
17953,f001646,아야진해수욕장,5.0,강원
17954,f001646,아바이마을,4.0,강원
17955,f001650,영덕 해 파랑공원,5.0,경북
17956,f001650,장사상륙작전 전승기념관,5.0,경북
17957,f001650,벌열 메타세쿼이아 숲,4.0,경북
17958,f001650,영덕해맞이공원,3.0,경북
17959,f001668,강원대학교 춘천캠퍼스,3.0,강원
17960,f001668,공지천,4.0,강원
17961,f001689,귀양지,2.6666666666666665,경남
17962,f001689,영남루,3.3333333333333335,경남
17963,f001689,영남알프스 얼음골 케이블카 하부 승강장,3.0,경남
17964,f001689,트윈 터널,4.0,경남
17965,f001701,첨성대,4.666666666666667,경북
17966,f001701,금관총,4.333333333333333,경북
17967,f001701,천마총,5.0,경북
17968,f001701,황련단길,4.0,경북
17969,f001701,구룡포 일본인 가옥거리,4.0,경북
17970,f001701,호미곶,4.0,경북
17971,f001701,죽도 시장,4.666666666666667,경북
17972,f001701,환호공원 스페이스 워크,4.333333333333333,경북
17973,f001722,입곡 군립 공원,5.0,경남
17974,f001722,무진장,4.666666666666667,경남
17975,f001722,화개 장터,3.0,경남
17976,f001725,첨성대,4.0,경북
17977,f001725,황련단길,5.0,경북
17978,f001736,무진장(낙화축제),5.0,
17979,f001736,무진장(낙화축제),5.0,
17980,f001764,소매물도,5.0,경남
17981,f001769,용문사,5.0,대구
17982,f001783,상주은모래비치,5.0,경남
17983,f001788,경포해수욕장,5.0,강원
17984,f001788,아르떼 뮤지엄 강릉,5.0,강원
17985,f001788,강릉 중앙시장,3.3333333333333335,강원
17986,f001808,광안리해수욕장,5.0,부산
17987,f001833,대구 삼성 라이온즈 파크,5.0,대구
17988,f001833,서문시장,5.0,대구
17989,f001833,대구 삼성 라이온즈 파크,5.0,대구
17990,f001834,하슬라아트월드,3.6666666666666665,강원
17991,f001834,안목 해변,4.666666666666667,강원
17992,f001834,강릉 중앙시장,5.0,강원
17993,f001834,바이크 스토리,5.0,강원
17994,f001834,주문진 방사제,5.0,강원
17995,f001834,BTS 버스정류장,3.3333333333333335,강원
17996,f001836,외도 보타니아,5.0,경남
17997,f001871,박태준 기념관,4.666666666666667,부산
17998,f001871,임랑해수욕장,4.0,부산
17999,f001871,부평 깡통시장,4.0,부산
18000,f001871,송도해수욕장,5.0,부산
18001,f001873,태화강 국가 정원,5.0,울산
18002,f001873,대왕암공원,5.0,울산
18003,f001873,일산해수욕장,3.6666666666666665,울산
18004,f001876,불국사,5.0,경북
18005,f001876,석굴암,5.0,경북
18006,f001876,첨성대,5.0,경북
18007,f001876,월정교,5.0,경북
18008,f001876,황련단길,5.0,경북
18009,f001876,동궁과 월지,5.0,경북
18010,f001884,형산강,4.0,경북
18011,f001888,광안리해수욕장,5.0,부산
18012,f001888,광안리해수욕장,5.0,부산
18013,f001888,이케아 동부산점,5.0,부산
18014,f001890,자갈치시장,3.0,부산
18015,f001890,BIFF 거리,3.3333333333333335,부산
18016,f001890,다대포해수욕장,3.6666666666666665,부산
18017,f001893,악양 생태공원,3.6666666666666665,
18018,f001893,무진장,2.0,
18019,f001904,대관령 전망대,4.0,강원
18020,f001915,남해 독일마을,4.0,경남
18021,f001920,강릉 중앙시장,4.0,강원
18022,f001920,강문해변,2.0,강원
18023,f001928,통영중앙전통시장,4.666666666666667,경남
18024,f001928,중앙 활어시장,4.666666666666667,경남
18025,f001928,롯데마트 통영점,3.0,경남
18026,f001928,서호 시장,3.3333333333333335,경남
18027,f001928,통영시립 박물관,4.0,경남
18028,f001928,두 모 몽돌 해수욕장,3.0,경남
18029,f001928,트레이더스 홀세일 클럽 연산점,4.666666666666667,부산
18030,f001929,모곡 밤벌유원지,4.0,강원
18031,f001929,비발디파크 오션월드,5.0,강원
18032,f001931,정동진 조각 공원,4.0,강원
18033,f001931,도째비골해랑전망대,3.3333333333333335,강원
18034,f001931,도째비골스카이밸리,3.6666666666666665,강원
18035,f001943,불국사 공영주차장,5.0,경북
18036,f001953,옥녀봉,5.0,
18037,f001984,대릉원,4.666666666666667,경북
18038,f001984,천마총,3.3333333333333335,경북
18039,f001984,황련단길,4.0,경북
18040,f001984,쪽샘 유적 발굴 관,5.0,경북
18041,f001984,경주역사유적지구,4.0,경북
18042,f001984,황련단길,4.666666666666667,경북
18043,f002001,매미성,2.3333333333333335,경남
18044,f002001,한화리조트 거제 벨보 디어 마리나,5.0,경남
18045,f002018,경주월드,4.0,경북
18046,f002018,경주엑스포 대공원,3.0,경북
18047,f002026,보문호반길,4.666666666666667,
18048,f002026,대릉원,4.0,경북
18049,f002026,모다 아웃렛 경주 포항점,3.6666666666666665,경북
18050,f002052,간절곶,4.0,울산
18051,f002079,장미공원,4.0,경남
18052,f002079,영남루,4.0,경남
18053,f002079,월은 정,4.0,경남
18054,f002085,황련단길,5.0,경북
18055,f002085,강변체육공원,4.0,경북
18056,f002085,영일대해수욕장,3.3333333333333335,경북
18057,f002086,낙산사,5.0,강원
18058,f002086,낙산 해변,4.0,강원
18059,f002086,하조대 전망대,5.0,강원
18060,f002086,하조대해수욕장,5.0,강원
18061,f002092,장사해수욕장,3.6666666666666665,경북
18062,f002106,바람의 언덕,3.0,경남
18063,f002106,학동 흑진주 몽돌해변,4.0,경남
18064,f002106,통영중앙전통시장,4.0,경남
18065,f002106,조선 군선,3.0,경남
18066,f002113,경주역사유적지구 대릉원 지구,3.6666666666666665,경북
18067,f002113,경주 중앙시장,2.6666666666666665,경북
18068,f002113,동궁과 월지,4.666666666666667,경북
18069,f002113,경주역사유적지구 대릉원 지구,3.6666666666666665,경북
18070,f002113,교촌마을,2.3333333333333335,경북
18071,f002113,황련단길,4.333333333333333,경북
18072,f002113,경주 대릉원 일원 노서동 고분군,3.3333333333333335,경북
18073,f002124,롯데백화점 광복점,4.0,부산
18074,f002125,해양드라마 세트장,5.0,경남
18075,f002440,첨성대,5.0,경북
18076,f002440,대릉원,5.0,경북
18077,f002532,알펜시아리조트 오션 7,5.0,강원
18078,f002562,근포 땅굴,5.0,경남
18079,f002562,바람의 언덕,5.0,경남
18080,f002562,거제 파노라마 케이블카,4.0,경남
18081,f002562,외도 보타니아,5.0,경남
18082,f002562,매미성,4.0,경남
18083,f002562,이순신공원,5.0,경남
18084,f002562,통영중앙전통시장,5.0,경남
18085,f002566,동촌유원지,4.0,대구
18086,f002679,와현모래숲해수욕장,3.0,경남
18087,f002679,지세 포성,3.3333333333333335,경남
18088,f002688,광안리해수욕장,4.0,부산
18089,f002688,수영만 요트경기장,5.0,부산
18090,f002688,송정해수욕장,4.0,부산
18091,f002688,해동용궁사,4.0,부산
18092,f002693,공지천,5.0,강원
18093,f002706,KTG 상상마당 부산,5.0,부산
18094,f002717,매미성,3.6666666666666665,경남
18095,f002741,다랭이마을,3.0,경남
18096,f002741,상주은모래비치,5.0,경남
18097,f002780,동궁과 월지,5.0,경북
18098,f002780,황련단길,3.0,경북
18099,f002829,지리산국립공원 화개 탐방안내소,5.0,경남
18100,f002829,진양호 동물원,5.0,경남
18101,f002829,진주성,5.0,경남
18102,f002829,진주 논개 시장,5.0,경남
18103,f002837,허난설헌 생가 터,3.3333333333333335,강원특별자치도
18104,f002837,오죽헌,4.0,강원특별자치도
18105,f002837,강릉 중앙시장,1.3333333333333333,강원특별자치도
18106,f002861,춘천 대교,4.666666666666667,강원특별자치도
18107,f002861,공지천 조각 공원,3.6666666666666665,강원특별자치도
18108,f002875,등대해수욕장,4.0,강원
18109,f002875,영금정,3.0,강원
18110,f002887,일산해수욕장,5.0,울산
18111,f002910,죽도 시장,3.6666666666666665,경북
18112,f002910,영일대해수욕장,5.0,경북
18113,f002910,영일대해수욕장,5.0,경북
18114,f002910,포토피아,4.666666666666667,경북
18115,f002915,낙산사,3.6666666666666665,강원
18116,f002915,강문해변,3.0,강원
18117,f002915,하조대 전망대,3.0,강원
18118,f002932,의암호 스카이워크,4.0,강원
18119,f002932,소양강 스카이워크,4.0,강원
18120,f002932,강촌레일파크 김유정역,4.333333333333333,강원
18121,f002932,소양강 스카이워크,4.0,강원
18122,f002932,하중도 생태수변공원,3.6666666666666665,강원
18123,f002947,대왕암공원,5.0,울산
18124,f002947,명선도,5.0,울산
18125,f002947,간절곶,5.0,울산
18126,f002955,영일대해수욕장,5.0,경북
18127,f002974,인제 스피디움 현대 N 라운지,5.0,
18128,f002974,인제 스피디움 현대 N 라운지,5.0,
18129,f002974,운대리 자작나무 숲,5.0,강원특별자치도
18130,f002974,인제 스피디움 서킷,5.0,강원특별자치도
18131,f002976,속초관광수산시장,4.0,강원특별자치도
18132,f002976,소돌해변,4.333333333333333,강원특별자치도
18133,f003169,벡스코,3.6666666666666665,부산
18134,f003191,경포호,5.0,강원특별자치도
18135,f003191,강문해변,5.0,강원특별자치도
18136,f003204,레고랜드 코리아리조트,5.0,강원특별자치도
18137,f003205,트레이더스 홀세일 클럽 비산점,4.0,대구
18138,f003213,더 현대 대구,5.0,대구
18139,f003214,속초관광수산시장,4.0,강원특별자치도
18140,f003219,삼릉 숲,5.0,경북
18141,f003220,소금산 출렁다리,5.0,강원
18142,f003249,비발디파크 오션월드,5.0,강원
18143,f003259,죽도 시장,5.0,경북
18144,f003268,죽성 드림세트장,3.3333333333333335,부산
18145,f003269,불국사,5.0,경북
18146,f003269,국립경주박물관,5.0,경북
18147,f003328,김해 목재문화 박물관,4.0,경남
18148,f003328,롯데 프리미엄 아웃렛 김해점,4.0,경남
18149,f003341,황매산 군립 공원,4.666666666666667,경남
18150,f003346,사촌해수욕장,5.0,경남
18151,f003358,F1963,4.666666666666667,부산
18152,f003358,광안리해수욕장,5.0,부산
18153,f003358,밀란 더 마켓,2.6666666666666665,부산
18154,f003378,춘천 중앙시장,2.3333333333333335,강원특별자치도
18155,f003391,흰 여울 문화마을,4.666666666666667,부산
18156,f003392,정암해변,3.3333333333333335,강원특별자치도
18157,f003392,외옹치 바다 향기로,4.0,강원특별자치도
18158,f003392,속초관광수산시장,4.0,강원특별자치도
18159,f003397,옥천사,5.0,경남
18160,f003404,논골담길,4.0,강원특별자치도
18161,f003404,도째비골스카이밸리,4.0,강원특별자치도
18162,f003404,도째비골해랑전망대,4.0,강원특별자치도
18163,f003404,강문해변,5.0,강원특별자치도
18164,f003404,강릉 월화 거리,4.0,강원특별자치도
18165,f003425,청도 소싸움경기장,5.0,경북
18166,f003429,바니 베어뮤지엄,4.666666666666667,경북
18167,f003429,정글의 법칙,5.0,경북
18168,f003430,합천영상테마파크,4.666666666666667,경남
18169,f003510,배달 성전 삼성궁,4.0,경남
18170,f003510,노량대교 홍보관,3.0,경남
18171,f003510,하동 케이블카,4.333333333333333,경남
18172,f003520,동피랑 벽화마을,4.0,경남
18173,f003536,부평 깡통시장,4.0,부산
18174,f003536,송도 해상 케이블카 송도 베이 스테이션,3.3333333333333335,부산
18175,f003536,광안리해수욕장,4.666666666666667,부산
18176,f003625,국립 해양 박물관,5.0,부산
18177,f003630,연화사,4.0,경남
18178,f003630,보덕암,5.0,경남
18179,f003647,태종대 다 노비 열차,5.0,부산
18180,f003647,해운대해수욕장,5.0,부산
18181,f003705,해동용궁사,4.0,부산
18182,f003858,롯데백화점 부산본점,5.0,부산
18183,f003899,대릉원,4.0,경북
18184,f003899,황련단길,3.0,경북
18185,f003899,황련단길,3.0,경북
18186,f003899,월정교,3.0,경북
18187,f003899,경주역사유적지구,3.6666666666666665,경북
18188,f003899,동궁과 월지,4.333333333333333,경북
18189,f003918,근포 땅굴,4.0,경남
18190,f003918,거제도 현 시장,5.0,경남
18191,f003918,학동 흑진주 몽돌해변,3.3333333333333335,경남
18192,f003918,신선대,5.0,경남
18193,f003918,바람의 언덕,5.0,경남
18194,f003965,용두산공원,5.0,부산
18195,f003965,부평 깡통시장,5.0,
18196,f003965,밀란 더 마켓,5.0,부산
18197,f003965,광안리해수욕장,5.0,부산
18198,f003965,흰 여울 문화마을,5.0,부산
18199,f003965,흰 여울 해안 터널,5.0,부산
18200,f003965,이 송도 전망대,5.0,부산
18201,f004009,이가리 닻 전망대,3.3333333333333335,경북
18202,f004009,월포해수욕장,3.6666666666666665,경북
18203,f004044,서면 미술관,4.0,부산
18204,f004044,부평 깡통시장,4.0,부산
18205,f004044,용두산공원,3.3333333333333335,부산
18206,f004044,광안리해수욕장,4.0,부산
18207,f004148,사천 바다 케이블카,4.333333333333333,경남
18208,f004148,아래 마루 아쿠아리움 본관,5.0,경남
18209,f004172,정글의 법칙,2.3333333333333335,경북
18210,f004300,맹방해수욕장,5.0,강원특별자치도
18211,f004300,삼척해변,5.0,강원특별자치도
18212,f004382,이마트 통영점,4.666666666666667,경남
18213,f004382,한산대첩 광장,2.6666666666666665,경남
18214,f004391,부산 사직종합운동장 사직야구장,5.0,부산
18215,f004425,강릉 중앙시장,5.0,강원특별자치도
18216,f004425,속초관광수산시장,4.333333333333333,강원특별자치도
18217,f004425,민우당 서림,4.0,강원특별자치도
18218,f004425,속초관광수산시장,3.6666666666666665,강원특별자치도
18219,f004425,영금정,5.0,강원특별자치도
18220,f004454,장항 해수풀장,1.6666666666666667,경남
18221,f004454,상주은모래비치,4.0,경남
18222,f004460,스타필드 시티 명지,5.0,부산
18223,f004460,광안리해수욕장,5.0,부산
18224,f004486,부평 깡통시장,4.0,부산
18225,f004486,국제시장,3.0,부산
18226,f004486,국립 해양 박물관,5.0,부산
18227,f004486,감천문화마을,5.0,부산
18228,f004503,속초관광수산시장,5.0,강원특별자치도
18229,f004503,청태산,5.0,강원특별자치도
18230,f004503,척산온천휴양촌,5.0,강원특별자치도
18231,f004503,속초관광수산시장,5.0,강원특별자치도
18232,f004503,청호 활어회센터,5.0,강원특별자치도
18233,f004503,영금정,5.0,강원특별자치도
18234,f004503,속초해수욕장,5.0,강원특별자치도
18235,f004543,거제 식물원 정글돔,5.0,경남
18236,f004543,거제 옥포대첩 기념공원,4.0,경남
18237,f004543,농소몽돌해수욕장,3.3333333333333335,경남
18238,f004658,한산대첩 광장,5.0,경남
18239,f004658,통영중앙전통시장,4.0,경남
18240,f004658,통영 활어시장,4.0,경남
18241,f004658,이마트 통영점,4.0,경남
18242,f004658,매미성,4.0,경남
18243,f004658,망치몽돌해수욕장,4.0,경남
18244,f004658,성심당 본점,4.0,대전
18245,f004668,구조라해수욕장,4.0,경남
18246,f004670,영금정,4.0,강원특별자치도
18247,f004670,속초관광수산시장,4.0,강원특별자치도
18248,f004700,속초관광수산시장,4.333333333333333,강원특별자치도
18249,f004700,영랑호,2.6666666666666665,강원특별자치도
18250,f004700,등대해수욕장,3.3333333333333335,강원특별자치도
18251,f004700,영금정,4.0,강원특별자치도
18252,f004700,속초해수욕장,3.3333333333333335,강원특별자치도
18253,f004712,여수 예술랜드,4.333333333333333,전남
18254,f004728,장생포 고래 박물관,3.6666666666666665,울산
18255,f004736,통영중앙전통시장,4.0,경남
18256,f004736,디피랑,5.0,경남
18257,f004736,매미성,4.333333333333333,경남
18258,f004804,낙산사 홍련암,5.0,강원특별자치도
18259,f004804,속초관광수산시장,4.0,강원특별자치도
18260,f004804,삼포해수욕장,4.0,강원특별자치도
18261,f004804,설악산,5.0,강원특별자치도
18262,f004859,사곡해수욕장,5.0,
18263,f004926,속초관광수산시장,3.6666666666666665,강원특별자치도
18264,f004926,설악워터피아,4.0,강원특별자치도
18265,f004927,트레이더스 홀세일 클럽 비산점,4.0,대구
18266,f004927,통영중앙전통시장,3.0,경남
18267,f004983,비발디파크 오션월드,5.0,강원특별자치도
18268,f004983,영금정,5.0,강원특별자치도
18269,f004983,속초해수욕장,5.0,강원특별자치도
18270,f005000,서피 비치,3.3333333333333335,강원특별자치도
18271,f005000,낙산사,5.0,강원특별자치도
18272,f005000,속초관광수산시장,3.0,강원특별자치도
18273,f005000,아바이마을,3.3333333333333335,강원특별자치도
18274,f005000,속초 아이,3.3333333333333335,강원특별자치도
18275,f005000,영금정,4.333333333333333,강원특별자치도
18276,f005000,강릉 중앙시장,3.0,강원특별자치도
18277,f005025,상주은모래비치,5.0,경남
18278,f005026,양양전통시장,3.3333333333333335,강원특별자치도
18279,f005026,동호해변,5.0,강원특별자치도
18280,f005026,하조대 전망대,5.0,강원특별자치도
18281,f005026,서피 비치,3.6666666666666665,강원특별자치도
18282,f005026,속초해수욕장,3.0,강원특별자치도
18283,f005026,아바이마을,5.0,강원특별자치도
18284,f005026,영금정,5.0,강원특별자치도
18285,f005026,속초관광수산시장,3.6666666666666665,강원특별자치도
18286,f005072,두 모 몽돌 해수욕장,2.0,경남
18287,f005087,보리암,4.666666666666667,경남
18288,f005087,다랭이마을,4.0,경남
18289,f005101,배달 성전 삼성궁,3.6666666666666665,경남
18290,f005165,남해 독일마을,5.0,경남
18291,f005165,설리 스카이워크,3.0,경남
18292,f005175,속초관광수산시장,3.6666666666666665,강원특별자치도
18293,f005175,등대해수욕장,3.3333333333333335,강원특별자치도
18294,f005175,속초관광수산시장,3.0,강원특별자치도
18295,f005175,속초해수욕장,3.0,강원특별자치도
18296,f005277,국제시장,4.0,부산
18297,f005277,수영만 요트경기장,5.0,부산
18298,f005277,해운대해수욕장,5.0,부산
18299,f005277,부산 시립미술관,5.0,부산
18300,f005286,강문해변,4.0,강원특별자치도
18301,f005286,사천해변,3.3333333333333335,강원특별자치도
18302,f005286,사천진 바위섬,3.6666666666666665,강원특별자치도
18303,f005286,도째비골해랑전망대,4.0,강원특별자치도
18304,f005286,동쪽 바다 중앙시장,1.6666666666666667,강원특별자치도
18305,f005335,매바위 인공폭포,3.3333333333333335,강원특별자치도
18306,f005335,마차진 해변,2.3333333333333335,강원특별자치도
18307,f005335,속초관광수산시장,4.0,강원특별자치도
18308,f005335,등대해수욕장,4.0,강원특별자치도
18309,f005335,속초관광수산시장,4.0,강원특별자치도
18310,f005352,속초해수욕장,4.333333333333333,강원특별자치도
18311,f005352,속초관광수산시장,3.3333333333333335,강원특별자치도
18312,f005352,속초관광수산시장,4.333333333333333,강원특별자치도
18313,f005354,장호항,3.6666666666666665,강원특별자치도
18314,f005354,대금굴,5.0,강원특별자치도
18315,f005373,속초해수욕장,3.0,강원특별자치도
18316,f005373,속초관광수산시장,3.0,강원특별자치도
18317,f005373,이마트 속초점,4.0,강원특별자치도
18318,f005375,속초관광수산시장,5.0,강원특별자치도
18319,f005375,자작도해수욕장,5.0,강원특별자치도
18320,f005375,속초해수욕장,5.0,강원특별자치도
18321,f005375,대포항,5.0,강원특별자치도
18322,f005375,속초관광수산시장,2.3333333333333335,강원특별자치도
18323,f005375,외옹치해변,3.3333333333333335,강원특별자치도
18324,f005380,속초관광수산시장,5.0,강원특별자치도
18325,f005380,장호항,5.0,강원특별자치도
18326,f005380,등대해수욕장,5.0,강원특별자치도
18327,f005404,남해 독일마을,4.0,경남
18328,f005404,설리해수욕장,4.0,경남
18329,f005404,설리 스카이워크,3.3333333333333335,경남
18330,f005404,보리암,4.333333333333333,경남
18331,f005404,상주은모래비치,3.3333333333333335,경남
18332,f005411,해운대해수욕장,3.3333333333333335,부산
18333,f005411,더베이 11,3.3333333333333335,부산
18334,f005411,해운대해수욕장,4.0,부산
18335,f005461,바람의 언덕,3.6666666666666665,경남
18336,f005461,근포 땅굴,2.0,경남
18337,f005486,속초관광수산시장,5.0,강원특별자치도
18338,f005486,속초 등대,2.6666666666666665,강원특별자치도
18339,f005486,안목 해변,4.666666666666667,강원특별자치도
18340,f005486,하슬라아트월드,4.0,강원특별자치도
18341,f005522,망치몽돌해수욕장,4.0,경남
18342,f005522,근포 땅굴,3.6666666666666665,경남
18343,f005522,바람의 언덕,3.6666666666666665,경남
18344,f005522,매미성,2.6666666666666665,경남
18345,f005534,바람의 언덕,4.0,경남
18346,f005534,매미성,4.0,경남
18347,f005534,농소몽돌해수욕장,3.0,경남
18348,f005537,태종대유원지,5.0,부산
18349,f005537,흰 여울 문화마을,3.3333333333333335,부산
18350,f005537,해운대해수욕장,5.0,부산
18351,f005537,수영만 요트경기장,5.0,부산
18352,f005537,감천문화마을,5.0,부산
18353,f005537,국제시장,3.6666666666666665,부산
18354,f005555,설악워터피아,3.6666666666666665,강원특별자치도
18355,f005555,감나무집,3.0,강원특별자치도
18356,f005555,중앙시장 입구 삼거리,3.6666666666666665,강원특별자치도
18357,f005555,발왕산 관광 케이블카,4.0,강원특별자치도
18358,f005555,속초관광수산시장,2.6666666666666665,강원특별자치도
18359,f005568,광안리해수욕장,5.0,부산
18360,f005568,광안리해수욕장,4.0,부산
18361,f005568,밀란 더 마켓,5.0,부산
18362,f005665,자갈치시장,5.0,부산
18363,f005696,에이 앤 비 더 카트인 통영,4.0,경남
18364,f005696,이마트 통영점,4.0,경남
18365,f005706,전혁림미술관,5.0,경남
18366,f005706,봄날의 책방,5.0,경남
18367,f005706,통영중앙전통시장,4.0,경남
18368,f005722,등대해수욕장,5.0,강원특별자치도
18369,f005722,속초관광수산시장,5.0,강원특별자치도
18370,f005722,속초해수욕장,4.333333333333333,강원특별자치도
18371,f005722,장사항 바다숲공원,5.0,강원특별자치도
18372,f005745,아래 마루 아쿠아리움 본관,4.333333333333333,경남
18373,f005820,롯데 프리미엄 아웃렛 동부산점,5.0,부산
18374,f005820,국립 해양 박물관,5.0,부산
18375,f005820,부산 사직종합운동장 사직야구장,5.0,부산
18376,f005820,다대포해수욕장,5.0,부산
18377,f005826,삼천포 용궁 수산시장,5.0,경남
18378,f005826,동남해 농협 하나로마트 삼동점,5.0,경남
18379,f005826,보리암,5.0,경남
18380,f006011,삼척 중앙시장,4.0,강원특별자치도
18381,f006011,용화 해변,5.0,강원특별자치도
18382,f006011,대금굴,4.333333333333333,강원특별자치도
18383,f006011,삼척 중앙시장,4.0,강원특별자치도
18384,f006012,상주은모래비치,5.0,경남
18385,f006040,통영 어드벤처 타워,3.6666666666666665,경남
18386,f006040,통영중앙전통시장,4.666666666666667,경남
18387,f006040,매미성,5.0,경남
18388,f006152,속초관광수산시장,4.333333333333333,강원특별자치도
18389,f006152,속초해수욕장,4.0,강원특별자치도
18390,f006190,조선 군선,3.3333333333333335,경남
18391,f006190,통영 활어시장,4.0,경남
18392,f006190,통영농협 하나로마트,5.0,경남
18393,f006190,오션 브리즈,5.0,경남
18394,f006190,통영 케이블카,5.0,경남
18395,f006190,봄날의 책방,5.0,경남
18396,f006190,오미자 꿀빵 도남점,5.0,경남
18397,f006202,바람의 언덕,5.0,경남
18398,f006204,송도 용궁 구름다리,5.0,부산
18399,f006204,송도 해상 케이블카 송도 베이 스테이션,3.0,
18400,f006204,암남 공원 해안산책로,5.0,부산
18401,f006204,광안리해수욕장,5.0,부산
18402,f006204,태종대 다 노비 열차,1.0,부산
18403,f006204,국립 해양 박물관,5.0,부산
18404,f006208,뮤지엄 원,3.6666666666666665,부산
18405,f006208,영화의 전당,4.0,부산
18406,f006208,송도해수욕장,5.0,부산
18407,f006208,박태준 기념관,4.666666666666667,부산
18408,f006217,양양 서핑학교,5.0,강원특별자치도
18409,f006217,속초 아이,5.0,강원특별자치도
18410,f006217,속초관광수산시장,5.0,강원특별자치도
18411,f006256,매암차 박물관,5.0,경남
18412,f006256,동정호,5.0,경남
18413,f006256,최 참판 댁,3.3333333333333335,경남
18414,f006256,삼성궁,5.0,경남
18415,f006515,남해전통시장,5.0,경남
18416,f006515,상주은모래비치,5.0,경남
18417,f006515,남해 독일마을,5.0,경남
18418,f006535,속초해수욕장,3.6666666666666665,강원특별자치도
18419,f006535,물치해변,3.6666666666666665,강원특별자치도
18420,f006535,속초관광수산시장,3.6666666666666665,강원특별자치도
18421,f006544,속초해수욕장,3.3333333333333335,강원특별자치도
18422,f006600,보사노바 커피 로프터스 속초점,5.0,강원특별자치도
18423,f006600,속초관광수산시장,5.0,강원특별자치도
18424,f006600,남애 1리 해변,3.0,
18425,f006600,주문진해변,4.0,강원특별자치도
18426,f006600,강릉 중화 짬뽕 빵,5.0,강원특별자치도
18427,f006623,동구문화 플랫폼,3.6666666666666665,부산
18428,f006623,피아트,4.333333333333333,부산
18429,f006623,롯데 워터파크,3.0,경남
18430,f006676,설악워터피아,4.0,강원특별자치도
18431,f006676,속초관광수산시장,3.3333333333333335,강원특별자치도
18432,f006676,속초관광수산시장,3.3333333333333335,강원특별자치도
18433,f006676,속초해수욕장,3.3333333333333335,강원특별자치도
18434,f006712,등대해수욕장,5.0,강원특별자치도
18435,f006712,영금정,5.0,강원특별자치도
18436,f006712,속초관광수산시장,4.666666666666667,강원특별자치도
18437,f006742,양양전통시장,4.666666666666667,강원특별자치도
18438,f006742,남대천,5.0,강원특별자치도
18439,f006742,척산온천휴양촌,3.3333333333333335,강원특별자치도
18440,f006742,등대해수욕장,4.0,강원특별자치도
18441,f006742,속초관광수산시장,4.0,강원특별자치도
18442,f006747,세븐 워터파크,3.3333333333333335,경남
18443,f006747,외도 보타니아,3.0,경남
18444,f006892,신세계백화점 센텀시티점,4.0,부산
18445,f006892,동백 섬,4.333333333333333,부산
18446,f006892,국립 해양 박물관,4.333333333333333,부산
18447,f006904,송도 해상 케이블카 송도 베이 스테이션,4.0,부산
18448,f006904,해운대 블루라인파크 미포 정거장,4.0,부산
18449,f006904,해동용궁사,3.6666666666666665,부산
18450,f006909,속초해수욕장,5.0,강원특별자치도
18451,f006909,속초관광수산시장,1.0,강원특별자치도
18452,f006909,등대해수욕장,5.0,강원특별자치도
18453,f006909,속초 등대,5.0,강원특별자치도
18454,f006909,영금정,5.0,강원특별자치도
18455,f006911,휴휴암,4.666666666666667,강원특별자치도
18456,f006911,남애 3리 해변,3.6666666666666665,강원특별자치도
18457,f006911,낙산사,5.0,강원특별자치도
18458,f006922,통영 케이블카,3.3333333333333335,경남
18459,f006922,디피랑,4.0,경남
18460,f007011,장릉,5.0,강원특별자치도
18461,f007011,관풍헌,3.6666666666666665,강원특별자치도
18462,f007011,영월 서부시장,5.0,강원특별자치도
18463,f007011,청령포,5.0,강원특별자치도
18464,f007011,선돌 관광지,5.0,강원특별자치도
18465,f007066,속초 아이,5.0,강원특별자치도
18466,f007066,속초해수욕장,5.0,강원특별자치도
18467,f007066,속초관광수산시장,5.0,강원특별자치도
18468,f007066,속초해수욕장,5.0,강원특별자치도
18469,f007066,속초관광수산시장,3.0,강원특별자치도
18470,f007097,경포해수욕장,4.333333333333333,강원특별자치도
18471,f007097,엔드투앤드,5.0,강원특별자치도
18472,f007097,속초관광수산시장,3.6666666666666665,강원특별자치도
18473,f007097,카페 긷,5.0,강원특별자치도
18474,f007328,홈플러스 거제점,3.0,경남
18475,f007328,학동 흑진주 몽돌해변,2.3333333333333335,경남
18476,f007328,바람의 언덕,5.0,경남
18477,f007328,신선대,5.0,경남
18478,f007411,뮤지엄 원,3.0,부산
18479,f007411,신세계백화점 센텀시티점,4.0,부산
18480,f007411,부산진시장,2.6666666666666665,부산
18481,f007411,초량 차이나타운,3.6666666666666665,부산
18482,f007485,설악산 국립공원 입구,5.0,강원특별자치도
18483,f007485,영금정,5.0,강원특별자치도
18484,f007485,낙산 해변,5.0,강원특별자치도
18485,f007507,속초관광수산시장,4.0,강원특별자치도
18486,f007507,속초해수욕장,5.0,강원특별자치도
18487,f007507,대포항 수산시장,3.0,강원특별자치도
18488,f007553,클럽 디 오아시스,4.333333333333333,부산
18489,f007553,해운대 전통시장,4.333333333333333,부산
18490,f007553,흰 여울 문화마을,5.0,부산
18491,f007556,흰 여울 문화마을,5.0,부산
18492,f007556,광안리해수욕장,4.0,부산
18493,f007556,이 송도 전망대,4.0,부산
18494,f007635,등대해수욕장,4.333333333333333,강원특별자치도
18495,f007635,영금정,5.0,강원특별자치도
18496,f007635,속초관광수산시장,4.0,강원특별자치도
18497,f007635,속초해수욕장,5.0,강원특별자치도
18498,f007750,비진도,5.0,경남
18499,f007750,에이 앤 비 더 카트인 통영,5.0,경남
18500,f007805,황령산 전망쉼터,4.0,부산
18501,f007805,흰 여울 문화마을,5.0,부산
18502,f007805,롯데 프리미엄 아웃렛 김해점,4.333333333333333,경남
18503,f007808,섬의 정원,4.666666666666667,경남
18504,f007808,다랭이마을,3.0,경남
18505,f007808,상주은모래비치,4.0,경남
18506,f007808,남해 독일마을,2.3333333333333335,경남
18507,f007860,세븐 워터파크,5.0,경남
18508,f007866,속초해수욕장,4.0,강원특별자치도
18509,f007867,매미성,4.333333333333333,경남
18510,f007867,스카이라인 루지 통영,5.0,경남
18511,f007870,인구해변,4.666666666666667,강원특별자치도
18512,f007870,서피 비치,5.0,강원특별자치도
18513,f009444,거제 식물원 정글돔,5.0,경남
18514,f009444,근포 땅굴,3.3333333333333335,경남
18515,f009444,바람의 언덕,3.6666666666666665,경남
18516,f009748,거제 파노라마 케이블카,3.0,경남
18517,f009748,근포 땅굴,4.0,경남
18518,f009748,포로수용소 유적공원,3.0,경남
18519,f010610,한화리조트 거제 벨보 디어 마리나,4.0,경남
18520,f010610,한화리조트 거제 벨보 디어 마리나,3.6666666666666665,경남
18521,f010610,한화리조트 거제 벨보 디어 마리나,3.0,경남
18522,f012746,근포 땅굴,3.3333333333333335,경남
18523,f012746,바람의 언덕,3.6666666666666665,경남
18524,f012746,구조라성,1.0,경남
18525,f012746,매미성,3.0,경남
18526,f012985,매미성,4.0,경남
18527,f012985,거제 파노라마 케이블카,4.0,경남
18528,f013024,바람의 언덕,5.0,경남
18529,f013024,근포 땅굴,5.0,경남
18530,g000201,단양구경시장,4.333333333333333,충북
18531,g000201,도담삼봉 단양 유람선 선착장,5.0,충북
18532,g000216,순천만습지,5.0,전남
18533,g000216,선암사,4.0,전남
18534,g000216,이순신광장,3.3333333333333335,전남
18535,g000277,문경 생태 미로공원,5.0,경북
18536,g000279,말랭이 마을,3.0,전북
18537,g000279,군산 3.1운동 1주년 기념관,5.0,전북
18538,g000279,진포해양테마공원,3.6666666666666665,전북
18539,g000279,군산근대 건축관,3.0,전북
18540,g000279,군산근대역사박물관,3.0,전북
18541,g000279,은파호수공원,3.3333333333333335,전북
18542,g000279,테디베어뮤지엄 군산점,3.3333333333333335,전북
18543,g000279,금강 미래 체험관,4.333333333333333,전북
18544,g000283,서편제 촬영지,4.333333333333333,전남
18545,g000292,배론성지,5.0,충북
18546,g000292,청풍문화재 단지,5.0,충북
18547,g000292,의림지 용추폭포 유리 전망대,5.0,충북
18548,g000292,포레스트 리솜 해브나인스파,5.0,충북
18549,g000292,포레스트 리솜 해브나인스파,5.0,충북
18550,g000292,의림지 역사박물관,5.0,충북
18551,g000292,의림지,5.0,충북
18552,g000362,1913 송정역시장,3.6666666666666665,광주
18553,g000362,무등산 국립공원,4.0,광주
18554,g000363,국립 중앙과학관,3.0,대전
18555,g000364,단양구경시장,3.0,충북
18556,g000364,석문,5.0,충북
18557,g000364,도담삼봉,5.0,충북
18558,g000431,게으른 악어,5.0,충북
18559,g000439,오목대,4.0,전북
18560,g000504,청녹원,4.333333333333333,전북
18561,g000504,고창 고인돌 박물관,4.666666666666667,전북
18562,g000504,장성호,5.0,전남
18563,g000504,황룡강 생태공원,5.0,전남
18564,g000504,곡성 세계장미축제,5.0,전남
18565,g000504,한국 대나무 박물관,3.3333333333333335,전남
18566,g000504,담양 추억의 골목,5.0,전남
18567,g000504,죽녹원,5.0,전남
18568,g000523,변산해수욕장,5.0,
18569,g000523,격포해수욕장,5.0,
18570,g000523,이마트 군산점,4.0,전북
18571,g000523,부안청자 박물관,3.6666666666666665,전북
18572,g000523,곰소염전,2.6666666666666665,전북
18573,g000523,슬지 제빵소,2.6666666666666665,전북
18574,g000523,변산해수욕장,5.0,전북
18575,g000523,진포해양테마공원,4.333333333333333,전북
18576,g000523,군산근대 건축관,4.333333333333333,전북
18577,g000575,포레스트 리솜 해브나인스파,5.0,충북
18578,g000575,의림지,3.3333333333333335,충북
18579,g000575,배론성지,5.0,충북
18580,g000634,만성리 검은 모래해변,3.3333333333333335,전남
18581,g000647,대아저수지,4.0,전북
18582,g000647,위봉폭포,4.333333333333333,전북
18583,g000647,전주한옥마을,4.333333333333333,전북
18584,g000682,충주 탄금공원(구 세계무술공원),5.0,충북
18585,g000682,중앙탑공원 중원 탑평리 7층 석탑,5.0,충북
18586,g000682,중원문화길 2코스(역사 문화길),5.0,충북
18587,g000682,충주 박물관,3.6666666666666665,충북
18588,g000689,소노벨 천안 오션 어드벤처,4.0,충남
18589,g000731,마량리 동백나무숲,2.3333333333333335,충남
18590,g000731,S 마트,4.0,
18591,g000731,신두리 해안사구,4.0,충남
18592,g000737,금산 보리암 분기점,4.0,경남
18593,g000737,금산 보리암 분기점,4.333333333333333,경남
18594,g000737,동남해 농협 하나로마트 삼동점,4.0,경남
18595,g000737,장항 해수풀장,4.0,경남
18596,g000737,섬의 정원,4.0,경남
18597,g000737,섬의 정원,4.0,경남
18598,g000737,카페톨,4.0,경남
18599,g000845,단양구경시장,5.0,충북
18600,g000845,이끼 터널,4.0,충북
18601,g000845,단양 청춘 패러,5.0,충북
18602,g000845,단양구경시장,5.0,충북
18603,g000846,이마트 세종점,3.6666666666666665,세종특별자치시
18604,g000878,국립 익산 박물관,3.0,전북
18605,g000878,금마 서동공원,4.0,전북
18606,g000889,사성암,4.666666666666667,전남
18607,g000889,하동송림공원,3.3333333333333335,경남
18608,g000889,삼성궁,3.0,경남
18609,g000889,쌍계사,3.6666666666666665,경남
18610,g000889,순천만 국가정원,4.666666666666667,전남
18611,g000889,순천만습지,4.666666666666667,전남
18612,g000889,천은사,4.333333333333333,전남
18613,g000889,섬진강 대나무 숲길,4.333333333333333,전남
18614,g000895,왜목마을해수욕장,4.0,충남
18615,g000895,황금산,4.0,충남
18616,g001042,면천읍성,4.333333333333333,충남
18617,g001042,솔뫼성지,4.0,충남
18618,g001121,군산근대역사박물관,3.6666666666666665,전북
18619,g001121,군산근대 건축관,3.0,전북
18620,g001121,진포해양테마공원,3.6666666666666665,전북
18621,g001121,은파호수공원,4.0,전북
18622,g001125,은파호수공원,5.0,전북
18623,g001125,이성당 신관,5.0,전북
18624,g001141,고창 고인돌 박물관,4.0,전북
18625,g001155,옥정호 붕어 섬 생태공원,5.0,전북
18626,g001180,단양구경시장,2.3333333333333335,
18627,g001180,도담삼봉 관광지,5.0,충북
18628,g001241,코스트코 대전점,5.0,대전
18629,g001241,한밭수목원,3.6666666666666665,대전
18630,g001241,홈플러스 메가 푸드마켓 유성점,3.0,대전
18631,g001259,5.18기념공원,4.333333333333333,광주
18632,g001275,무창포해수욕장,5.0,충남
18633,g001275,무창포해수욕장,4.0,충남
18634,g001275,충청수영성,5.0,충남
18635,g001275,홍주성 역사관,4.0,충남
18636,g001275,NC백화점 청주점,4.0,충북
18637,g001277,전주한옥마을,5.0,전북
18638,g001277,전주한옥마을,4.333333333333333,전북
18639,g001303,대전 오월드,3.0,대전
18640,g001303,대전 오월드 버드랜드,4.0,대전
18641,g001336,여수 해상 케이블카,5.0,전남
18642,g001373,홍원항,5.0,충남
18643,g001373,백제문화 단지,5.0,충남
18644,g001558,말티재 전망대,3.3333333333333335,충북
18645,g001558,보은군 농경문화관,3.3333333333333335,충북
18646,g001558,보은 삼년산성,3.3333333333333335,충북
18647,g001558,결초보은 시장,3.3333333333333335,충북
18648,g001558,법주사,3.3333333333333335,충북
18649,g001595,농산정,5.0,전남
18650,g001595,불갑사,5.0,전남
18651,g001738,대천해수욕장,3.3333333333333335,충남
18652,g001738,대천해수욕장,3.3333333333333335,충남
18653,g001738,대천항 수산시장,2.0,충남
18654,g001742,코롬방제과점,4.0,전남
18655,g001742,연희네 슈퍼,4.0,전남
18656,g001742,목포근대역사관 1관,5.0,전남
18657,g001742,목포근대역사관 2관,4.0,전남
18658,g001742,롯데마트 맥스 목포점,5.0,전남
18659,g001771,제천 중앙시장,2.0,충북
18660,g001771,이마트 제천점,3.3333333333333335,충북
18661,g001771,만천하 스카이워크,5.0,충북
18662,g001771,단양구경시장,4.0,충북
18663,g001825,목포근대역사관 1관,3.0,전남
18664,g001825,목포근대역사관 2관,3.0,전남
18665,g001825,연희네 슈퍼,3.0,전남
18666,g001825,서산동 시화 골목,2.3333333333333335,전남
18667,g001831,성심당 케이크 부티크,3.6666666666666665,
18668,g001831,성심당 본점,3.0,대전
18669,g001831,한밭수목원,4.0,대전
18670,g001873,광주비엔날레,5.0,광주
18671,g001873,펭귄 마을,5.0,광주
18672,g001894,아르떼 뮤지엄 여수,3.6666666666666665,전남
18673,g001894,오동도,4.0,전남
18674,g001894,하멜등대,3.6666666666666665,전남
18675,g001897,국립아시아문화전당,4.333333333333333,광주
18676,g001898,담양 관방제림,5.0,전남
18677,g001910,전주한옥마을,5.0,전북
18678,g001910,청은 루,5.0,전북
18679,g001910,경기전,5.0,전북
18680,g001910,전주동물원,5.0,전북
18681,g001911,무주반딧불축제,4.333333333333333,전북
18682,g001934,단양구경시장,4.0,충북
18683,g001934,레전드 히어로즈 소노문단양점,4.0,충북
18684,g001934,소노문단양 오션 플레이,4.0,충북
18685,g001934,카페 산,4.0,충북
18686,g001936,신리성지,5.0,충남
18687,g001936,아미 미술관,5.0,충남
18688,g001942,세종 호수공원,4.0,세종특별자치시
18689,g001942,국립세종수목원,5.0,세종특별자치시
18690,g001942,이응 다리,5.0,세종특별자치시
18691,g001944,정읍 허브원,3.6666666666666665,전북
18692,g001953,예산 상설시장,4.0,충남
18693,g001953,수덕사,5.0,충남
18694,g001967,여수 전통 서시장,4.0,전남
18695,g001967,돌산공원,3.3333333333333335,전남
18696,g001967,오동도,4.0,전남
18697,g001982,순천만 국가정원,5.0,전남
18698,g001982,순천만습지,5.0,전남
18699,g001982,와온해변,5.0,전남
18700,g002004,스플 라스 워터파크,3.0,충남
18701,g002004,예산 상설시장,4.0,충남
18702,g002012,유구 색동수국정원,4.0,충남
18703,g002012,공산성,3.6666666666666665,충남
18704,g002039,여수 낭만포차 거리,5.0,전남
18705,g002054,이마트 여수점,4.0,전남
18706,g002061,선유도해수욕장,3.3333333333333335,전북
18707,g002077,스플 라스 워터파크,4.0,충남
18708,g002082,순천만 국가정원,4.333333333333333,전남
18709,g002082,오천 그린광장,4.0,전남
18710,g002082,순천만 국가정원,4.333333333333333,전남
18711,g002082,순천만 달밤 야시장,4.666666666666667,전남
18712,g002082,순천드라마 촬영장,4.333333333333333,전남
18713,g002092,LF 스퀘어 광양점,5.0,전남
18714,g002092,순천만 국가정원,5.0,전남
18715,g002092,라마다플라자 바이 윈덤 여수 짚트랙,3.3333333333333335,전남
18716,g002092,아쿠아플라넷 여수,5.0,전남
18717,g002105,목포 해상 케이블카 북항 승강장,4.333333333333333,전남
18718,g002105,평화광장,3.3333333333333335,전남
18719,g002105,목포 갓바위,2.6666666666666665,전남
18720,g002105,목포근대역사관 1관,3.3333333333333335,전남
18721,g002105,연희네 슈퍼,3.3333333333333335,전남
18722,g002117,만리포해수욕장,5.0,충남
18723,g002128,아가페 정원,1.6666666666666667,전북
18724,g002128,퍼플 섬 주차장,4.333333333333333,전남
18725,g002128,채석강,3.6666666666666665,전북
18726,g002128,유구 색동수국정원,2.3333333333333335,충남
18727,g002128,내리 문화공원,3.3333333333333335,경기
18728,g002137,예산 상설시장,5.0,충남
18729,g002137,예산 상설시장,5.0,충남
18730,g002141,향일암,4.0,전남
18731,g002141,하멜등대,4.0,전남
18732,g002141,돌산공원,5.0,전남
18733,g002141,오동도,5.0,전남
18734,g002147,꽃지 레포츠,5.0,충남
18735,g002147,안면도자연휴양림,3.3333333333333335,충남
18736,g002147,뚜쥬루 돌가마점,4.666666666666667,충남
18737,g002158,보은산,4.0,전남
18738,g002158,가우도,5.0,전남
18739,g002174,청포대해수욕장,5.0,충남
18740,g002174,백사장항,5.0,충남
18741,g002174,청포대해수욕장,5.0,충남
18742,g002174,몽산포해수욕장,5.0,충남
18743,g002184,동국사,4.666666666666667,전북
18744,g002184,일제강점기 군산역사관,3.3333333333333335,전북
18745,g002184,여미랑,3.6666666666666665,전북
18746,g002184,신흥동 일본식 가옥,4.0,전북
18747,g002184,초원 사진관,4.666666666666667,전북
18748,g002184,뜬다리 부두,2.3333333333333335,전북
18749,g002184,신흥 도시숲공원,4.0,전북
18750,g002184,군산 월명공원,4.0,전북
18751,g002191,오동도,4.666666666666667,전남
18752,g002191,여수 해상 케이블카,4.0,전남
18753,g002191,여수 낭만포차 거리,4.333333333333333,전남
18754,g002191,순천만 국가정원,5.0,전남
18755,g002191,순천만습지,5.0,전남
18756,g002196,우수영 국민관광지,3.6666666666666665,전남
18757,g002199,한밭수목원,4.0,대전
18758,g002199,국립 중앙과학관,3.0,대전
18759,g002199,엑스포과학공원 한빛탑,5.0,대전
18760,g002208,고흥우주발사 전망대,4.666666666666667,전남
18761,g002213,오동도,5.0,전남
18762,g002213,이순신광장,2.3333333333333335,전남
18763,g002226,낭만 써프 하우스,5.0,전남
18764,g002229,말티재 전망대,5.0,충북
18765,g002229,솔향공원 스카이 바이크,3.0,충북
18766,g002229,법주사,5.0,충북
18767,g002229,보은 삼년산성,5.0,충북
18768,g002229,보은농협 하나로마트,4.0,충북
18769,g002229,보은 우당 고택,2.0,충북
18770,g002243,여수수산물 특화시장,4.0,전남
18771,g002243,유월드 루지 테마파크,3.3333333333333335,전남
18772,g002251,유구 색동수국정원,5.0,충남
18773,g002251,곰소염전,2.0,전북
18774,g002251,광주비엔날레,3.3333333333333335,광주
18775,g002263,춘장대해수욕장,5.0,충남
18776,g002263,대천해수욕장,4.0,충남
18777,g002263,대천항 수산시장,3.0,충남
18778,g002265,선유도해수욕장,5.0,전북
18779,g002265,경암동 철길마을,5.0,전북
18780,g002265,초원 사진관,5.0,전북
18781,g002266,아르떼 뮤지엄 여수,3.3333333333333335,전남
18782,g002266,이순신광장,4.0,전남
18783,g002269,천사 히어로즈 복합놀이시설,5.0,전북
18784,g002269,군산근대역사박물관,5.0,전북
18785,g002270,성심당 DCC점,5.0,대전
18786,g002270,한밭수목원,4.0,대전
18787,g002270,엑스포과학공원 한빛탑,5.0,대전
18788,g002270,한밭수목원,2.6666666666666665,대전
18789,g002270,대전 어린이 회관,3.3333333333333335,대전
18790,g002272,국립아시아문화전당,4.333333333333333,광주
18791,g002272,숨바꼭질,5.0,광주
18792,g002277,포레스트 리솜 해브나인스파,5.0,충북
18793,g002277,포레스트 리솜 해브나인스파,4.0,충북
18794,g002280,국립생태원,5.0,충남
18795,g002405,유월드 루지 테마파크,5.0,전남
18796,g002405,무슬목해수욕장,5.0,전남
18797,g002405,여수다,5.0,전남
18798,g002406,화엄사,4.333333333333333,전남
18799,g002406,사성암,5.0,전남
18800,g002407,꽃지해수욕장,5.0,충남
18801,g002408,단양구경시장,5.0,충북
18802,g002408,이끼 터널,4.333333333333333,충북
18803,g002408,도담상봉,4.666666666666667,
18804,g002408,온달관광지,3.3333333333333335,충북
18805,g002411,수주팔봉 구름다리,3.3333333333333335,충북
18806,g002411,중앙탑공원 중원 탑평리 7층 석탑,3.3333333333333335,충북
18807,g002415,탑정호 출렁다리,3.3333333333333335,충남
18808,g002422,대전시립 박물관,3.0,대전
18809,g002423,호암지,5.0,충북
18810,g002423,중앙탑공원 중원 탑평리 7층 석탑,5.0,충북
18811,g002425,딜라이트 담양,3.3333333333333335,전남
18812,g002425,담양 관방제림,4.0,전남
18813,g002428,천사 히어로즈 복합놀이시설,5.0,전북
18814,g002444,이순신광장,3.6666666666666665,전남
18815,g002444,여수 낭만포차 거리,4.333333333333333,전남
18816,g002444,오동도,5.0,전남
18817,g002444,하멜등대,4.0,전남
18818,g002451,오동도,4.333333333333333,전남
18819,g002451,이마트 여수점,5.0,전남
18820,g002454,죽녹원,4.666666666666667,전남
18821,g002458,영월 서부시장,4.666666666666667,강원
18822,g002458,청령포,5.0,강원
18823,g002458,영월 관광센터,5.0,강원
18824,g002459,전동성당,4.0,전북
18825,g002459,전주 덕진공원,5.0,전북
18826,g002476,삼길포항,5.0,충남
18827,g002476,왜목마을해수욕장,5.0,충남
18828,g002476,신리성지,5.0,충남
18829,g002480,이순신광장,3.3333333333333335,전남
18830,g002480,돌문어 상회,3.6666666666666665,전남
18831,g002480,이순신광장,3.0,전남
18832,g002480,만성리 검은 모래해변,3.0,전남
18833,g002485,롯데시네마 충장로,5.0,광주
18834,g002485,5.18기념공원,5.0,광주
18835,g002487,대둔산 케이블카,5.0,전북
18836,g002487,대둔산 금강구름다리,5.0,전북
18837,g002487,대둔산 마천대,5.0,전북
18838,g002489,곡성 섬진강 기차마을,3.3333333333333335,전남
18839,g002507,금호 화순리조트 아쿠아나,4.0,전남
18840,g002511,청남대,4.666666666666667,충북
18841,g002526,꽃지해수욕장,5.0,충남
18842,g002526,꽃지 안면도 레포츠,5.0,충남
18843,g002526,파도리해수욕장,5.0,충남
18844,g002531,무창포해수욕장,5.0,충남
18845,g002531,닭 볏섬,5.0,충남
18846,g002531,무창포해수욕장,5.0,충남
18847,g002534,경기전,5.0,전북
18848,g002534,남노갈비 본점,5.0,전북
18849,g002534,전주 덕진공원,5.0,전북
18850,g002534,전주 덕진공원,5.0,전북
18851,g002534,팔복 예술공장,5.0,전북
18852,g002534,한국도로공사 전주수목원,5.0,전북
18853,g002539,격포항 수산시장,4.0,전북
18854,g002539,한국농어촌공사 새만금 홍보관,5.0,전북
18855,g002539,경암동 철길마을,4.0,전북
18856,g002539,은파호수공원,5.0,전북
18857,g002539,초원 사진관,4.0,전북
18858,g002539,장자도,4.0,전북
18859,g002547,힐링파크쑥섬쑥섬,5.0,전남
18860,g002547,염포해수욕장,3.0,전남
18861,g002547,나로우주센터 우주과학관,4.0,전남
18862,g002547,윤제림,4.0,전남
18863,g002547,돌산공원,5.0,전남
18864,g002555,진남관 (24년 말 예정),3.0,전남
18865,g002555,여수수산물 특화시장,4.0,전남
18866,g002555,이순신광장,4.333333333333333,전남
18867,g002561,합덕성당,5.0,충남
18868,g002561,신리성지,5.0,충남
18869,g002561,로드 195카페,5.0,충남
18870,g002561,삽교호관광지,5.0,충남
18871,g002563,팜카밀레 허브농원,5.0,충남
18872,g002563,간월암,4.0,충남
18873,g002584,이순신광장,3.3333333333333335,전남
18874,g002596,중앙탑 사적공원,5.0,충북
18875,g002596,중앙탑 사적공원,3.0,충북
18876,g002596,충주 박물관,3.0,충북
18877,g002597,동구리 호수공원,3.6666666666666665,전남
18878,g002597,화순 고인돌 유적,3.0,전남
18879,g002609,이마트 군산점,4.0,전북
18880,g002609,일제강점기 군산역사관,5.0,전북
18881,g002609,초원 사진관,4.0,전북
18882,g002609,선유도해수욕장,3.0,전북
18883,g002640,모항항 수산물 직판장,5.0,충남
18884,g002640,만리포해수욕장,5.0,충남
18885,g002640,파도리해수욕장,5.0,충남
18886,g002650,국립부여박물관,3.3333333333333335,충남
18887,g002663,오동도,4.0,전남
18888,g002663,여수수산시장,2.6666666666666665,전남
18889,g002663,임실치즈테마파크,3.0,전북
18890,g002678,광주 기아 챔피언 스피드,5.0,광주
18891,g002681,유달산,5.0,전남
18892,g002681,성옥 기념관,5.0,전남
18893,g002681,목포근대역사 문화공간,5.0,전남
18894,g002681,오거리문화센터,5.0,전남
18895,g002695,한화생명 이글스 파크,3.6666666666666665,대전
18896,g002695,성심당 본점,4.0,대전
18897,g002721,평화광장,4.666666666666667,전남
18898,g002721,옥단의 길,4.0,전남
18899,g002724,광한루원,3.0,전북
18900,g002734,힐링파크쑥섬쑥섬,5.0,전남
18901,g002737,이순신광장,5.0,전남
18902,g002739,몽산포해수욕장,3.0,충남
18903,g002739,몽산포해수욕장,5.0,충남
18904,g002747,금강신관공원,3.6666666666666665,충남
18905,g002747,공주 산성시장,3.0,충남
18906,g002747,공주 산성시장,3.0,충남
18907,g002786,간월암,3.3333333333333335,
18908,g002788,이순신광장,5.0,전남
18909,g002788,여수 서 초등학교,4.0,전남
18910,g002791,은파호수공원,4.666666666666667,전북
18911,g002791,옛 군산세관,5.0,전북
18912,g002791,군산근대역사박물관,5.0,전북
18913,g002791,추억의 교복 입고 바이크 타자,5.0,전북
18914,g002796,무녀도,5.0,전북
18915,g002812,남광주 시장,5.0,광주
18916,g002812,국립아시아문화전당,5.0,광주
18917,g002812,국립아시아문화전당,5.0,광주
18918,g002814,이순신광장,4.333333333333333,전남
18919,g002814,아쿠아플라넷 여수,3.6666666666666665,전남
18920,g002822,이순신광장,5.0,전남
18921,g002822,라마다플라자 바이 윈덤 여수 짚트랙,5.0,전남
18922,g002822,아르떼 뮤지엄 여수,5.0,전남
18923,g002834,완도수목원,5.0,전남
18924,g002834,목포 해상 케이블카 북항 승강장,5.0,전남
18925,g002840,오동도,4.666666666666667,전남
18926,g002840,이순신광장,3.3333333333333335,전남
18927,g002840,향일암,4.0,전남
18928,g002878,아미 미술관,5.0,충남
18929,g002913,대천해수욕장,4.0,충남
18930,g002913,대천해수욕장,4.0,충남
18931,g002922,예당호 출렁다리,5.0,충남
18932,g002922,청포대해수욕장,5.0,충남
18933,g002923,꽃지해수욕장,5.0,충남
18934,g002923,안면도자연휴양림,5.0,충남
18935,g002923,방포해수욕장,5.0,충남
18936,g002923,안면도 쥐라기 박물관,5.0,충남
18937,g002936,해미읍성,4.0,충남
18938,g002936,간월암,3.3333333333333335,충남
18939,g002938,목포진 역사공원,3.6666666666666665,전남
18940,g002938,노적봉,4.0,전남
18941,g002938,성옥 기념관,4.333333333333333,전남
18942,g002938,서산동 시화 골목,4.0,전남
18943,g002938,국립 해양문화재연구소 목포해양유물전시관,4.0,전남
18944,g002938,목포 갓바위,2.0,전남
18945,g002938,목포근대역사관 1관,2.6666666666666665,전남
18946,g002938,목포근대역사관 2관,3.0,전남
18947,g002942,아미 미술관,4.666666666666667,충남
18948,g002942,삽교호 놀이공원,4.0,충남
18949,g002948,천안시 농수산물도매시장,5.0,충남
18950,g002960,진남관 (24년 말 예정),5.0,전남
18951,g002960,오동도,5.0,전남
18952,g002960,돌문어 상회,5.0,전남
18953,g002960,카페 종화동,5.0,전남
18954,g002962,목포 해상 케이블카 북항 승강장,4.666666666666667,전남
18955,g002962,고하도 전망대,3.3333333333333335,전남
18956,g002962,목포 스카이워크,3.0,전남
18957,g002962,평화광장,5.0,전남
18958,g002962,목포 갓바위,3.6666666666666665,전남
18959,g002962,목포근대역사관 1관,4.0,전남
18960,g002962,목포근대역사관 2관,3.3333333333333335,전남
18961,g002965,예산 상설시장,4.666666666666667,충남
18962,g002965,전주 남부시장 한옥마을 야시장,4.666666666666667,전북
18963,g002965,전주 덕진공원,4.666666666666667,전북
18964,g002965,전주한옥마을,5.0,전북
18965,g002972,보령중앙시장,4.333333333333333,충남
18966,g002972,대천해수욕장,4.666666666666667,충남
18967,g002972,타임 테라스 A 블록,3.6666666666666665,경기
18968,g002997,4est 수목원,5.0,전남
18969,g003010,영농법인윤제림,5.0,전남
18970,g003033,대천해수욕장,5.0,충남
18971,g003033,상화원,5.0,충남
18972,g003041,롯데 아웃렛 부여점,4.0,충남
18973,g003041,궁남지,4.333333333333333,충남
18974,g003041,탑정호 출렁다리,5.0,충남
18975,g003044,힐링파크쑥섬쑥섬,4.333333333333333,전남
18976,g003048,순천만 국가정원,4.666666666666667,전남
18977,g003048,순천만습지,4.333333333333333,전남
18978,g003048,아랫장,2.3333333333333335,전남
18979,g003076,팜카밀레 허브농원,4.666666666666667,충남
18980,g003078,대천해수욕장,3.6666666666666665,충남
18981,g003078,삼선산수목원,5.0,충남
18982,g003083,대천해수욕장,5.0,충남
18983,g003087,이순신광장,3.0,전남
18984,g003128,아쿠아플라넷 여수,5.0,전남
18985,g003131,아미 미술관,5.0,충남
18986,g003131,왜목마을해수욕장,5.0,충남
18987,g003142,태안서 부시장,5.0,충남
18988,g003142,태안 로컬푸드 직매장,5.0,충남
18989,g003148,예산 상설시장,3.6666666666666665,충남
18990,g003148,청양시장,4.333333333333333,충남
18991,g003148,천장화 출렁다리,3.6666666666666665,충남
18992,g003148,청양시장,3.6666666666666665,충남
18993,g003158,선유도해수욕장,5.0,전북
18994,g003158,채석강,4.0,전북
18995,g003158,변산해수욕장,5.0,전북
18996,g003167,여수수산물 특화시장,5.0,전남
18997,g003167,하멜등대,5.0,전남
18998,g003167,여수 해양공원,4.0,전남
18999,g003188,오동도 동백열차 타는 곳,5.0,전남
19000,g003188,여수 해상 케이블카,4.0,전남
19001,g003188,만성리 검은 모래해변,3.3333333333333335,전남
19002,g003188,여수세계박람회 스카이타워,5.0,전남
19003,g003209,신덕해수욕장,3.0,전남
19004,g003209,이순신광장,3.0,전남
19005,g003209,여수 교동시장 포장마차촌,2.3333333333333335,전남
19006,g003209,신덕해수욕장,4.333333333333333,전남
19007,g003220,순천 낙안읍성,4.0,전남
19008,g003220,순천만 국가정원,4.0,전남
19009,g003220,순천만습지,5.0,전남
19010,g003220,하멜등대,3.3333333333333335,전남
19011,g003220,유월드 루지 테마파크,5.0,전남
19012,g003220,아르떼 뮤지엄 여수,3.3333333333333335,전남
19013,g003231,무슬목해수욕장,3.3333333333333335,전남
19014,g003245,사의재,5.0,전남
19015,g003245,강진만 생태공원,4.0,전남
19016,g003254,여수세계박람회 빅 오,1.0,전남
19017,g003283,예당관광지,3.6666666666666665,충남
19018,g003324,태안 동부시장,1.3333333333333333,충남
19019,g003324,신두리 해안사구,4.666666666666667,충남
19020,g003324,파도리 해식동굴,2.6666666666666665,충남
19021,g003327,예당관광지,3.3333333333333335,충남
19022,g003327,예산 상설시장,4.666666666666667,충남
19023,g003327,청포대해수욕장,5.0,충남
19024,g003327,삽교호 놀이공원,3.6666666666666665,충남
19025,g003327,삽교호 바다공원,4.0,충남
19026,g003330,여수 해양공원,3.6666666666666665,전남
19027,g003333,아르떼 뮤지엄 여수,5.0,전남
19028,g003333,만성리 검은 모래해변,5.0,전남
19029,g003339,웅천해수욕장,5.0,전남
19030,g003339,녹동바다정원,3.3333333333333335,전남
19031,g003363,학암포해수욕장,3.0,충남
19032,g003365,단양구경시장,4.0,충북
19033,g003365,다리안 관광지,2.6666666666666665,충북
19034,g003365,단양구경시장,4.0,충북
19035,g003365,사인암,5.0,충북
19036,g003365,하선암,5.0,충북
19037,g003365,카페 산,3.6666666666666665,충북
19038,g003365,도담삼봉 관광지,3.3333333333333335,충북
19039,g003412,슬지 제빵소,4.666666666666667,전북
19040,g003412,채석강,4.0,전북
19041,g003412,대장봉,3.0,전북
19042,g003412,선유도해수욕장,3.0,전북
19043,g003414,퍼플 섬 주차장,4.333333333333333,전남
19044,g003414,목포자연사박물관,5.0,전남
19045,g003433,향일암,2.3333333333333335,전남
19046,g003433,이순신광장,4.0,전남
19047,g003433,오동도,3.0,전남
19048,g003462,롯데마트 여수점,5.0,전남
19049,g003462,무슬목해수욕장,4.0,전남
19050,g003462,무슬목해수욕장,4.0,전남
19051,g003462,고소동 벽화마을,4.0,전남
19052,g003494,백사장 어촌계 수산시장,3.0,충남
19053,g003494,파도리해수욕장,4.0,충남
19054,g003501,돌산공원,5.0,전남
19055,g003501,여수 낭만포차 거리,4.0,전남
19056,g003501,고소동 벽화마을,5.0,전남
19057,g003501,라마다플라자 바이 윈덤 여수 짚트랙,5.0,전남
19058,g003501,아쿠아플라넷 여수,5.0,전남
19059,g003501,아쿠아플라넷 여수,5.0,전남
19060,g003513,군산근대역사박물관,3.6666666666666665,전북
19061,g003513,경암동 철길마을,3.3333333333333335,전북
19062,g003513,경암동 철길마을,4.0,전북
19063,g003513,초원 사진관,2.3333333333333335,전북
19064,g003523,오동도,5.0,전남
19065,g003523,아쿠아플라넷 여수,5.0,전남
19066,g003523,고소동 벽화마을,4.0,전남
19067,g003557,여수수산시장,4.666666666666667,전남
19068,g003557,모여 핀,4.333333333333333,전남
19069,g003592,하멜등대,5.0,전남
19070,g003592,돌산공원,5.0,전남
19071,g003607,이순신광장,3.0,전남
19072,g003607,돌산공원,3.0,전남
19073,g003607,오동도,3.0,전남
19074,g003620,이순신광장,3.6666666666666665,전남
19075,g003627,나로우주센터 우주과학관,3.3333333333333335,전남
19076,g003627,쑥섬,4.0,경남
19077,g003628,전남도립미술관,5.0,전남
19078,g003656,무녀도,5.0,전북
19079,g003699,이순신광장,5.0,전남
19080,g003699,여수 낭만포차 거리,4.666666666666667,전남
19081,g003699,이순신광장,5.0,전남
19082,g003720,스플 라스 워터파크,5.0,충남
19083,g003767,큰끝 등대,4.666666666666667,전남
19084,g003767,만성리 검은 모래해변,3.3333333333333335,전남
19085,g003767,하멜등대,2.0,전남
19086,g003767,순천만 국가정원,4.0,전남
19087,g003767,이순신광장,4.0,전남
19088,g003772,라 테라스 리조트 앤 스파 키즈 워터파크,5.0,전남
19089,g003772,돌산공원,3.0,전남
19090,g003777,여수수산물 특화시장,3.3333333333333335,전남
19091,g003777,아쿠아플라넷 여수,3.6666666666666665,전남
19092,g003777,향일암,3.6666666666666665,전남
19093,g003788,신리성지,4.333333333333333,충남
19094,g003788,합덕성당,3.3333333333333335,충남
19095,g003788,면천읍성,2.3333333333333335,충남
19096,g003788,간월암,4.0,충남
19097,g003790,구봉산 전망대,4.0,전남
19098,g003790,전남도립미술관,4.333333333333333,전남
19099,g003815,이순신광장,4.0,전남
19100,g003815,이순신광장 전라좌수영 거북선,4.0,전남
19101,g003815,여수구항 해양공원,3.6666666666666665,전남
19102,g003815,돌산공원,4.0,전남
19103,g003815,소호동 동다리,4.0,전남
19104,g003815,아르떼 뮤지엄 여수,5.0,전남
19105,g003815,여수세계박람회 기념관,3.3333333333333335,전남
19106,g003819,백사장 어촌계 수산시장,5.0,
19107,g003842,해미읍성,4.333333333333333,충남
19108,g003842,천리포수목원,5.0,충남
19109,g003842,파도리 해식동굴,2.6666666666666665,충남
19110,g003870,향일암,4.333333333333333,전남
19111,g003870,이순신광장,5.0,전남
19112,g003870,여수세계박람회 스카이타워,4.666666666666667,전남
19113,g003870,오동도 동백열차 타는 곳,3.3333333333333335,전남
19114,g003872,나주향교,3.6666666666666665,전남
19115,g003872,빛가람 전망대,3.3333333333333335,전남
19116,g003872,느러니 전망대,3.6666666666666665,전남
19117,g003912,고흥우주발사 전망대,4.0,전남
19118,g003912,녹동바다정원,3.0,전남
19119,g003912,백야도,3.0,전남
19120,g003916,여수 해상 케이블카,5.0,전남
19121,g003916,라마다플라자 바이 윈덤 여수 짚트랙,5.0,전남
19122,g003916,여수 미남크루즈,5.0,전남
19123,g003916,아르떼 뮤지엄 여수,5.0,전남
19124,g003953,순천만습지,4.666666666666667,전남
19125,g003953,순천만 국가정원,4.0,전남
19126,g003953,순천드라마 촬영장,3.3333333333333335,전남
19127,g003953,순천 낙안읍성,4.666666666666667,전남
19128,g003953,선암사,4.666666666666667,전남
19129,g003978,라 테라스 리조트 앤 스파 키즈 워터파크,4.333333333333333,전남
19130,g003978,무슬목해수욕장,5.0,전남
19131,g003978,무슬목해수욕장,4.0,전남
19132,g004017,청해 포구 촬영장,3.0,전남
19133,g004042,하멜등대,5.0,전남
19134,g004099,신두리 해안사구,3.3333333333333335,충남
19135,g004099,안면도수산시장,5.0,충남
19136,g004099,안면도 쥐라기 박물관,3.3333333333333335,충남
19137,g004130,아쿠아플라넷 여수,4.666666666666667,전남
19138,g004130,여수 낭만포차 거리,4.666666666666667,전남
19139,g004153,경암동 철길마을,4.0,전북
19140,g004153,군산근대역사박물관,4.0,전북
19141,g004159,초원 사진관,2.6666666666666665,전북
19142,g004159,군산근대역사박물관,3.6666666666666665,전북
19143,g004159,동국사,3.0,전북
19144,g004159,테디베어뮤지엄 군산점,4.0,전북
19145,g004164,군산근대미술관,3.0,전북
19146,g004164,군산근대역사박물관,4.0,전북
19147,g004164,경암동 철길마을,4.333333333333333,전북
19148,g004164,이마트 군산점,4.666666666666667,전북
19149,g004164,초원 사진관,3.3333333333333335,전북
19150,g004164,신흥동 일본식 가옥,5.0,전북
19151,g004164,옥구 향교,4.0,전북
19152,g004228,대천해수욕장,4.0,
19153,g004228,삼봉해수욕장,3.6666666666666665,충남
19154,g004262,무슬목해수욕장,5.0,전남
19155,g004262,이순신광장,5.0,전남
19156,g004262,오동도,5.0,전남
19157,g004267,학암포해수욕장,3.3333333333333335,충남
19158,g004299,해조류 센터,3.6666666666666665,전남
19159,g004299,신지명사십리해수욕장,3.0,
19160,g004299,완도타워,3.6666666666666665,전남
19161,g004312,여수 미남크루즈,5.0,전남
19162,g004312,오동도,5.0,전남
19163,g004312,아르떼 뮤지엄 여수,5.0,전남
19164,g004316,오동도,5.0,전남
19165,g004316,이순신광장,5.0,전남
19166,g004321,해조류 센터,5.0,전남
19167,g004321,신지명사십리해수욕장,5.0,전남
19168,g004344,오동도,5.0,전남
19169,g004344,백야도,2.0,
19170,g004344,마애,5.0,전남
19171,g004344,소호동 동다리,1.6666666666666667,전남
19172,g004347,유월드 루지 테마파크,5.0,전남
19173,g004347,디오션리조트 워터파크,5.0,전남
19174,g004347,소호동 동다리,5.0,전남
19175,g004347,여수 예술랜드,5.0,전남
19176,g004363,오거리문화센터,4.0,전남
19177,g004363,옥단의 길,4.0,전남
19178,g004363,목포 연희네 포차 목포 항구 포차 9호점,2.0,전남
19179,g004368,예산 상설시장,3.0,충남
19180,g004374,아르떼 뮤지엄 여수,5.0,전남
19181,g004374,여수 해상 케이블카,4.0,전남
19182,g004386,여수 해상 케이블카 자산 정류장,5.0,전남
19183,g004386,돌산공원,5.0,전남
19184,g004407,군산근대역사박물관,3.3333333333333335,전북
19185,g004407,초원 사진관,5.0,전북
19186,g004407,경암동 철길마을,4.333333333333333,전북
19187,g004426,여수 미남크루즈,4.666666666666667,전남
19188,g004477,군산근대역사박물관,2.0,전북
19189,g004477,선유도해수욕장,5.0,전북
19190,g004477,대장봉,3.6666666666666665,전북
19191,g004477,테디베어뮤지엄 군산점,5.0,전북
19192,g004477,경암동 철길마을,5.0,전북
19193,g004477,동국사,1.0,전북
19194,g004478,오동도,4.0,전남
19195,g004478,이순신광장,3.6666666666666665,전남
19196,g004478,아쿠아플라넷 여수,5.0,
19197,g004507,신지명사십리해수욕장,5.0,전남
19198,g004507,신지명사십리해수욕장,5.0,전남
19199,g004507,신지명사십리해수욕장,5.0,전남
19200,g004507,완도수목원,5.0,전남
19201,g004512,신리성지,5.0,충남
19202,g004512,삽교호 놀이공원,3.3333333333333335,충남
19203,g004512,골절 저수지,5.0,충남
19204,g004529,대천해수욕장,5.0,충남
19205,g004529,보령머드테마파크,5.0,충남
19206,g004557,변산해수욕장,4.0,전북
19207,g004557,격포해수욕장,5.0,전북
19208,g004558,녹테마레,3.3333333333333335,전남
19209,g004558,오동도 동백열차 타는 곳,2.3333333333333335,전남
19210,g004558,이마트 여수점,5.0,전남
19211,g004558,순천만 국가정원,5.0,전남
19212,g004581,이순신광장,3.3333333333333335,전남
19213,g004581,아쿠아플라넷 여수,4.0,전남
19214,g004595,옥돌해수욕장,2.3333333333333335,전북
19215,g004595,군산근대화 거리,1.0,전북
19216,g004595,군산수산물 종합센터,1.0,전북
19217,g004599,하동 케이블카,4.666666666666667,경남
19218,g004599,청해 포구 촬영장,5.0,전남
19219,g004599,신지명사십리해수욕장,3.6666666666666665,전남
19220,g004599,마량 놀토 수산시장,4.0,전남
19221,g004652,대천해수욕장,3.3333333333333335,충남
19222,g004652,보령머드축제,4.0,충남
19223,g004652,대천해수욕장,5.0,충남
19224,g004702,경암동 철길마을,5.0,전북
19225,g004702,초원 사진관,3.3333333333333335,전북
19226,g004702,이성당 본점,3.0,전북
19227,g004702,신흥동 일본식 가옥,3.3333333333333335,전북
19228,g004702,군산 월명공원,5.0,전북
19229,g004702,선유도해수욕장,5.0,전북
19230,g004702,새만금 방조제,5.0,전북
19231,g004702,무녀 2구 마을버스,4.0,전북
19232,g004743,유달산,3.3333333333333335,전남
19233,g004743,연희네 슈퍼,2.3333333333333335,전남
19234,g004743,목포근대역사관 1관,3.6666666666666665,전남
19235,g004743,목포근대역사관 2관,3.3333333333333335,전남
19236,g004747,예산 상설시장,4.0,충남
19237,g004747,예당호 출렁다리,4.0,충남
19238,g004747,스플 라스 워터파크,4.0,충남
19239,g004747,수덕사,4.0,충남
19240,g004752,금산사,4.333333333333333,전북
19241,g004752,아리랑 문학마을,5.0,전북
19242,g004752,미즈노 씨네 트리하우스,5.0,전북
19243,g004767,천사 대교,3.6666666666666665,전남
19244,g004774,목포 해상 케이블카 북항 승강장,4.0,전남
19245,g004774,목포 해상 케이블카 유달산 승강장,4.333333333333333,전남
19246,g004774,목포 갓바위,5.0,전남
19247,g004774,연희네 슈퍼,4.666666666666667,전남
19248,g004774,땅끝 모노레일,5.0,전남
19249,g004775,순천만 국가정원,5.0,전남
19250,g004775,여수 낭만포차 거리,5.0,전남
19251,g004775,향일암,5.0,전남
19252,g004775,여수수산시장,5.0,전남
19253,g004797,국립부여박물관,4.0,충남
19254,g004797,부여 가림성,5.0,충남
19255,g004797,궁남지,4.666666666666667,충남
19256,g004797,롯데 아웃렛 부여점,3.0,충남
19257,g004797,백제문화 단지,4.666666666666667,충남
19258,g004801,큰끝 등대,5.0,전남
19259,g004801,피타 베이커스,4.0,전남
19260,g004825,안면도 쥐라기 박물관,5.0,충남
19261,g004825,삼봉해수욕장,5.0,충남
19262,g004830,박지도,4.333333333333333,전남
19263,g004830,목포자연사박물관,4.0,전남
19264,g004830,평화광장,5.0,전남
19265,g004830,마량 놀토 수산시장,3.0,전남
19266,g004837,당진 전통시장,3.0,충남
19267,g004857,미즈노 씨네 트리하우스,5.0,전북
19268,g004885,백제문화 단지,4.0,충남
19269,g004885,롯데 아웃렛 부여점,3.3333333333333335,충남
19270,g004885,롯데리조트 부여 아쿠아 가든,3.6666666666666665,충남
19271,g004885,국립부여박물관,3.3333333333333335,충남
19272,g004898,전주한옥마을,5.0,전북
19273,g004898,선유도해수욕장,4.333333333333333,전북
19274,g004898,신흥동 일본식 가옥,3.3333333333333335,전북
19275,g004898,동국사,2.6666666666666665,전북
19276,g004898,일제강점기 군산역사관,3.0,전북
19277,g004898,경암동 철길마을,3.0,전북
19278,g004898,전주동물원,4.333333333333333,전북
19279,g004899,여수 미남크루즈,4.333333333333333,전남
19280,g004899,아쿠아플라넷 여수,5.0,전남
19281,g004899,이순신광장,5.0,전남
19282,g004929,경기전,3.6666666666666665,
19283,g004929,자매 갈비전골,3.6666666666666665,
19284,g004929,전주 남부시장 한옥마을 야시장,4.333333333333333,전북
19285,g004929,오동도,1.0,전남
19286,g004929,이마트 여수점,3.6666666666666665,전남
19287,g004929,이순신광장,2.6666666666666665,전남
19288,g004929,아르떼 뮤지엄 여수,5.0,전남
19289,g004936,이순신광장,4.333333333333333,전남
19290,g004936,이마트 여수점,5.0,전남
19291,g004936,여수 미남크루즈,5.0,전남
19292,g004936,라마다플라자 바이 윈덤 여수 짚트랙,5.0,전남
19293,g004936,이마트 여수점,5.0,전남
19294,g004936,오동도,4.333333333333333,전남
19295,g004936,황련단길,4.666666666666667,경북
19296,g004936,대릉원,4.666666666666667,경북
19297,g004936,보문호,4.666666666666667,경북
19298,g004936,월정교,4.666666666666667,경북
19299,g004936,첨성대,4.666666666666667,경북
19300,g004947,소호동 동다리,3.0,전남
19301,g004947,이순신광장,4.0,전남
19302,g004947,여수 낭만포차 거리,3.6666666666666665,전남
19303,g004947,프롬나드,3.3333333333333335,전남
19304,g004947,라마다플라자 바이 윈덤 여수 짚트랙,5.0,전남
19305,g004947,롯데마트 여수점,3.3333333333333335,전남
19306,g004947,여수세계박람회 빅 오,3.0,전남
19307,g004947,대숲골 농원,3.6666666666666665,전남
19308,g004947,순천만 국가정원,4.666666666666667,전남
19309,g004972,목포근대역사관 1관,4.0,전남
19310,g004972,목포 해상 케이블카 북항 승강장,5.0,전남
19311,g004972,빛가람 전망대,5.0,전남
19312,g004981,백길해수욕장,5.0,전남
19313,g004995,벌천포해수욕장,5.0,충남
19314,g004995,삼길포항,5.0,충남
19315,g004998,여수다,5.0,전남
19316,g004998,향일암,5.0,전남
19317,g005093,만성리 검은 모래해변,3.3333333333333335,전남
19318,g005093,하멜등대,4.333333333333333,전남
19319,g005106,꽃지해수욕장,4.0,충남
19320,g005106,안면도자연휴양림,4.0,충남
19321,g005106,꽃지해수욕장,4.0,충남
19322,g005108,목포근대역사관 1관,3.6666666666666665,전남
19323,g005108,목포 갓바위,4.0,전남
19324,g005108,연희네 슈퍼,5.0,전남
19325,g005108,전남도립미술관,4.0,전남
19326,g005140,향일암,5.0,전남
19327,g005140,무슬목해수욕장,3.3333333333333335,전남
19328,g005140,이순신광장,5.0,전남
19329,g005140,유월드 루지 테마파크,5.0,전남
19330,g005140,유월드 다이노 밸리,5.0,전남
19331,g005140,유월드 루지 테마파크,5.0,전남
19332,g005140,유월드 쥐라기 어드벤처,5.0,
19333,g005140,장도,5.0,전남
19334,g005140,고소대,4.0,전남
19335,g005140,고소동 벽화마을,4.0,전남
19336,g005140,여수 향교,5.0,전남
19337,g005140,여수다,4.0,전남
19338,g005140,진남관 (24년 말 예정),5.0,전남
19339,g005140,하멜등대,4.0,전남
19340,g005140,여수 낭만포차 거리,3.0,전남
19341,g005140,돌산공원,4.0,전남
19342,g005196,서산동 시화 골목,2.0,전남
19343,g005204,녹테마레,5.0,전남
19344,g005255,퍼플 섬 주차장,5.0,전남
19345,g005255,천사 대교,5.0,전남
19346,g005261,대천해수욕장,3.3333333333333335,충남
19347,g005261,보령석탄 박물관,3.6666666666666665,충남
19348,g005281,남해 독일마을,3.0,경남
19349,g005281,화개 장터,3.3333333333333335,경남
19350,g005281,광한루원,4.0,전북
19351,g005304,여수 해상 케이블카,4.0,전남
19352,g005304,녹테마레,4.333333333333333,전남
19353,g005304,만성리 검은 모래해변,4.333333333333333,전남
19354,g005304,이순신광장,3.3333333333333335,전남
19355,g005315,포리 뉴,3.0,충남
19356,g005315,팜카밀레 허브농원,1.0,충남
19357,g005315,백사장항,3.6666666666666665,충남
19358,g005368,모사금해수욕장,5.0,전남
19359,g005368,향일암,5.0,전남
19360,g005368,이순신광장,5.0,전남
19361,g005368,하멜등대,5.0,전남
19362,g005373,녹테마레,2.0,전남
19363,g005373,아쿠아플라넷 여수,2.6666666666666665,전남
19364,g005373,이순신광장,2.3333333333333335,전남
19365,g005373,여수 해상 케이블카,5.0,전남
19366,g005373,이사부크루즈 국동 유람선,5.0,전남
19367,g005373,순천만 국가정원,3.3333333333333335,전남
19368,g005458,보리암,4.0,경남
19369,g005458,금산 산장,3.0,경남
19370,g005458,남해 독일마을,4.0,경남
19371,g005458,코리아 짚와이어,4.0,경남
19372,g005458,쌍산재,4.666666666666667,전남
19373,g005682,아르떼 뮤지엄 제주,4.333333333333333,제주특별자치도
19374,g005682,천지연폭포,3.0,제주특별자치도
19375,g005682,천제연폭포,5.0,제주특별자치도
19376,g005682,제주동문시장,4.0,제주특별자치도
19377,g005682,바이 제주,3.0,제주특별자치도
19378,g005769,고창 고인돌 박물관,4.333333333333333,전북
19379,g005769,국립광주과학관,5.0,광주
19380,g005769,죽녹원,4.333333333333333,전남
19381,g005769,메타세쿼이아 가로수길,5.0,전남
19382,g005893,선유도해수욕장,4.666666666666667,전북
19383,g005893,국립 신시도 자연휴양림,3.0,전북
19384,g005893,선유도해수욕장,4.0,전북
19385,g005893,신흥동 일본식 가옥,4.0,전북
19386,g005893,테디베어뮤지엄 군산점,3.6666666666666665,전북
19387,g005894,보성 녹차밭,5.0,전남
19388,g005894,목포 갓바위,3.0,전남
19389,g005979,소노벨 변산 오션 플레이,3.0,전북
19390,g005979,내소사,4.0,전북
19391,g006099,죽녹원,5.0,전남
19392,g006099,담양 관방제림,5.0,전남
19393,g006099,메타세쿼이아 가로수길,5.0,전남
19394,g006099,담빛예술창고,5.0,전남
19395,g006099,박지도,4.0,전남
19396,g006099,보성 녹차밭,5.0,전남
19397,g006099,순천만 국가정원,5.0,전남
19398,g006350,목포근대역사관 1관,5.0,전남
19399,g006350,목포근대역사관 2관,5.0,전남
19400,g006350,평화광장,3.6666666666666665,전남
19401,g006350,목포 해상 케이블카 북항 승강장,5.0,전남
19402,g006350,목포 해상 케이블카 고하도 승강장,3.6666666666666665,전남
19403,g006350,목포 해상 케이블카 유달산 승강장,5.0,전남
19404,g006514,신지명사십리해수욕장,4.0,
19405,g010417,박지도,5.0,전남
19406,g010417,백길해수욕장,5.0,전남
19407,g010417,평화광장,4.0,전남
19408,g010417,목포 갓바위,5.0,전남
19409,g010417,연희네 슈퍼,5.0,전남
19410,g010417,시화마을,3.0,전남
19411,g010417,코롬방제과점,4.0,전남
19412,g010417,김대중노벨평화상 기념관,5.0,전남
19413,g010417,노적봉,5.0,전남
19414,g010417,유달산,5.0,전남
19415,g010417,일등바위,5.0,전남
19416,g010417,목포 스카이워크,3.3333333333333335,전남
19417,g010417,장자도,5.0,전북
19418,g011535,민머루해수욕장,3.6666666666666665,인천
19419,h000001,함덕해수욕장,5.0,제주특별자치도
19420,h000001,성산일출봉 농협 하나로마트,3.3333333333333335,제주특별자치도
19421,h000001,우도,3.6666666666666665,제주특별자치도
19422,h000001,드르쿰다in성산,4.0,제주특별자치도
19423,h000008,판포 포구,3.6666666666666665,제주특별자치도
19424,h000008,이호 테우해수욕장,3.3333333333333335,제주특별자치도
19425,h000009,물영아리,5.0,제주특별자치도
19426,h000009,서귀포 매일 올레시장,3.0,제주특별자치도
19427,h000009,엉또폭포,5.0,제주특별자치도
19428,h000009,한라산국립공원 관음사 탐방로,2.3333333333333335,제주특별자치도
19429,h000009,산방산 탄산온천,5.0,제주특별자치도
19430,h000009,금능해수욕장,5.0,제주특별자치도
19431,h000009,9.81파크,5.0,제주특별자치도
19432,h000009,한라산국립공원 관음사 탐방로,5.0,제주특별자치도
19433,h000010,함덕 돌핀 레저 본사,4.0,제주특별자치도
19434,h000010,함덕 돌핀 레저 본사,5.0,제주특별자치도
19435,h000010,올레 야시장,4.666666666666667,제주특별자치도
19436,h000010,쇠소깍,4.333333333333333,제주특별자치도
19437,h000010,소랑 아시,5.0,제주특별자치도
19438,h000010,테디베어 하우스 테지움 제주점,5.0,제주특별자치도
19439,h000013,델문도,4.666666666666667,제주특별자치도
19440,h000013,신화 테마파크,5.0,제주특별자치도
19441,h000013,신화 워터파크,4.666666666666667,제주특별자치도
19442,h000013,제주항공 우주 박물관,4.666666666666667,제주특별자치도
19443,h000014,비자림,5.0,제주특별자치도
19444,h000014,목장카페드르쿰다,5.0,제주특별자치도
19445,h000014,제주동문재래시장 공영주차장,5.0,제주특별자치도
19446,h000014,국제 리더스클럽,5.0,제주특별자치도
19447,h000014,함덕해수욕장,5.0,제주특별자치도
19448,h000017,협재해수욕장,5.0,제주특별자치도
19449,h000017,황이지 선녀탕,5.0,제주특별자치도
19450,h000017,표선해수욕장,5.0,제주특별자치도
19451,h000017,산굼부리,5.0,제주특별자치도
19452,h000019,가파도,5.0,제주특별자치도
19453,h000020,천지연폭포,2.6666666666666665,제주특별자치도
19454,h000020,제주항공 우주 박물관,4.333333333333333,제주특별자치도
19455,h000020,브릭 캠퍼스 제주,3.6666666666666665,제주특별자치도
19456,h000020,사계해변,4.0,제주특별자치도
19457,h000020,협재해수욕장,5.0,제주특별자치도
19458,h000020,신화 테마파크,1.6666666666666667,제주특별자치도
19459,h000020,사계해변,5.0,제주특별자치도
19460,h000020,신창 풍차 해안도로,5.0,제주특별자치도
19461,h000020,신창 풍차 해안도로,5.0,제주특별자치도
19462,h000020,금능해수욕장,5.0,제주특별자치도
19463,h000020,사계해변,3.3333333333333335,제주특별자치도
19464,h000021,태웃개,4.666666666666667,제주특별자치도
19465,h000021,기당미술관,4.333333333333333,제주특별자치도
19466,h000021,천지연폭포 주차장,3.0,제주특별자치도
19467,h000025,신창 풍차 해안도로,3.3333333333333335,제주특별자치도
19468,h000025,성이시돌목장,2.3333333333333335,제주특별자치도
19469,h000025,금오름,3.6666666666666665,제주특별자치도
19470,h000025,노티스 제주,3.3333333333333335,제주특별자치도
19471,h000025,아르떼 뮤지엄 제주,3.0,제주특별자치도
19472,h000025,이호 테우해수욕장,3.0,제주특별자치도
19473,h000028,약천사,4.333333333333333,제주특별자치도
19474,h000028,산방산 탄산온천,4.666666666666667,제주특별자치도
19475,h000028,보문사,4.666666666666667,제주특별자치도
19476,h000028,우도,4.333333333333333,제주특별자치도
19477,h000028,혼인지,5.0,제주특별자치도
19478,h000028,고성 오일 시장,3.0,제주특별자치도
19479,h000030,이마트 제주점,4.333333333333333,제주특별자치도
19480,h000030,아르떼 뮤지엄 제주,4.666666666666667,제주특별자치도
19481,h000030,항파두리 항몽 유적지,3.3333333333333335,제주특별자치도
19482,h000030,삼양해수욕장,5.0,제주특별자치도
19483,h000030,바이 제주,5.0,제주특별자치도
19484,h000031,항파두리 항몽 유적지,5.0,제주특별자치도
19485,h000031,제주동문재래시장,5.0,제주특별자치도
19486,h000032,사려니숲길,3.0,제주특별자치도
19487,h000032,절물자연휴양림,4.0,제주특별자치도
19488,h000034,신화 테마파크,5.0,제주특별자치도
19489,h000037,절물자연휴양림,4.0,제주특별자치도
19490,h000037,고흐의 정원,5.0,제주특별자치도
19491,h000037,하우 목동 하이,5.0,제주특별자치도
19492,h000037,우도,5.0,제주특별자치도
19493,h000037,혼인지,5.0,제주특별자치도
19494,h000037,함덕해수욕장,5.0,제주특별자치도
19495,h000037,한담공원,5.0,제주특별자치도
19496,h000037,사계해변,3.0,제주특별자치도
19497,h000037,미스틱 3도,5.0,제주특별자치도
19498,h000037,바이 제주,3.0,제주특별자치도
19499,h000038,블랑 로쉐,4.0,제주특별자치도
19500,h000038,백약이 오름,2.0,제주특별자치도
19501,h000038,책방 무사,5.0,제주특별자치도
19502,h000038,플레이스 캠프 제주,4.333333333333333,제주특별자치도
19503,h000038,너븐숭이4.3기념관,5.0,제주특별자치도
19504,h000039,숨이 소리길,5.0,제주특별자치도
19505,h000039,성산일출봉,5.0,제주특별자치도
19506,h000039,해녀박물관,5.0,제주특별자치도
19507,h000042,한라수목원,5.0,제주특별자치도
19508,h000042,애월농협 하나로마트,5.0,제주특별자치도
19509,h000042,노을리 카페,4.333333333333333,제주특별자치도
19510,h000042,한담 해안산책로,5.0,제주특별자치도
19511,h000042,제주 곶자왈 도립공원,3.3333333333333335,제주특별자치도
19512,h000042,중문색달해수욕장,4.333333333333333,제주특별자치도
19513,h000042,제주동문공설시장,4.333333333333333,제주특별자치도
19514,h000043,신화 테마파크,4.0,제주특별자치도
19515,h000043,에코랜드 테마파크,5.0,제주특별자치도
19516,h000043,김녕해수욕장,3.6666666666666665,제주특별자치도
19517,h000043,아쿠아 플라넷 제주,5.0,제주특별자치도
19518,h000047,서귀포 매일 올레시장,5.0,제주특별자치도
19519,h000047,금능해수욕장,5.0,제주특별자치도
19520,h000047,신창 풍차 해안,5.0,제주특별자치도
19521,h000047,제주시 민속 오일 시장,2.6666666666666665,제주특별자치도
19522,h000047,국립제주박물관,5.0,제주특별자치도
19523,h000049,약천사,4.0,제주특별자치도
19524,h000049,절물자연휴양림,5.0,제주특별자치도
19525,h000051,이마트 신제주점,5.0,제주특별자치도
19526,h000051,책방 무사,4.333333333333333,제주특별자치도
19527,h000051,광치기 해변,3.0,제주특별자치도
19528,h000052,표선해수욕장,4.0,제주특별자치도
19529,h000052,큰엉,4.333333333333333,제주특별자치도
19530,h000052,서귀포 매일 올레시장,4.0,제주특별자치도
19531,h000052,큰엉,4.333333333333333,제주특별자치도
19532,h000052,우도,3.0,제주특별자치도
19533,h000052,브릭 캠퍼스 제주,4.0,제주특별자치도
19534,h000053,함덕해수욕장,5.0,제주특별자치도
19535,h000053,스누피가든,3.0,제주특별자치도
19536,h000053,비밀의 숲,5.0,제주특별자치도
19537,h000053,에코랜드 테마파크,5.0,제주특별자치도
19538,h000053,성산일출봉,5.0,제주특별자치도
19539,h000053,우도,5.0,제주특별자치도
19540,h000053,우도,2.3333333333333335,제주특별자치도
19541,h000053,우도봉,4.333333333333333,제주특별자치도
19542,h000053,우도,2.3333333333333335,제주특별자치도
19543,h000053,비자림,3.3333333333333335,제주특별자치도
19544,h000053,해녀박물관,5.0,제주특별자치도
19545,h000053,김녕미로공원,5.0,제주특별자치도
19546,h000053,함덕해수욕장,5.0,제주특별자치도
19547,h000053,올레길 18코스(제주 원도심-조천 올레),5.0,제주특별자치도
19548,h000055,보롬왓,5.0,제주특별자치도
19549,h000055,세화해변,5.0,제주특별자치도
19550,h000055,한라산국립공원,5.0,제주특별자치도
19551,h000055,마방목지,5.0,제주특별자치도
19552,h000055,월정리 해수욕장,5.0,제주특별자치도
19553,h000055,오저여,5.0,제주특별자치도
19554,h000057,서귀포 매일 올레시장,4.333333333333333,제주특별자치도
19555,h000057,법환포구,4.0,제주특별자치도
19556,h000057,기당미술관,5.0,제주특별자치도
19557,h000058,우도,4.0,제주특별자치도
19558,h000058,우도,5.0,제주특별자치도
19559,h000058,우도,5.0,제주특별자치도
19560,h000058,섭지코지 전망대,5.0,제주특별자치도
19561,h000058,뽀로로 앤 타요 테마파크 제주,5.0,제주특별자치도
19562,h000058,신화 테마파크,5.0,제주특별자치도
19563,h000058,금오름,5.0,제주특별자치도
19564,h000058,금능해수욕장,5.0,제주특별자치도
19565,h000060,사계해변,5.0,제주특별자치도
19566,h000060,외돌개,5.0,제주특별자치도
19567,h000060,황이지 선녀탕,5.0,제주특별자치도
19568,h000060,천지연폭포,2.6666666666666665,제주특별자치도
19569,h000060,이중섭거리,3.0,제주특별자치도
19570,h000060,새연교,4.0,제주특별자치도
19571,h000060,서귀포 매일 올레시장,5.0,제주특별자치도
19572,h000060,우도,5.0,제주특별자치도
19573,h000060,우도,5.0,제주특별자치도
19574,h000060,신양섭지해수욕장,3.0,제주특별자치도
19575,h000060,섭지코지,5.0,제주특별자치도
19576,h000060,비자림,5.0,제주특별자치도
19577,h000060,함덕해수욕장,5.0,제주특별자치도
19578,h000062,박수기정,5.0,제주특별자치도
19579,h000062,대평포구,5.0,제주특별자치도
19580,h000062,박수기정,5.0,제주특별자치도
19581,h000065,박수기정,4.666666666666667,제주특별자치도
19582,h000065,금오름,4.333333333333333,제주특별자치도
19583,h000065,제주동문재래시장,3.6666666666666665,제주특별자치도
19584,h000065,제주동문재래시장,5.0,제주특별자치도
19585,h000068,서울 앵무새 제주점,5.0,제주특별자치도
19586,h000068,제주 월드컵 경기장,5.0,제주특별자치도
19587,h000068,제주 아리랑,5.0,제주특별자치도
19588,h000068,제주민속촌,5.0,제주특별자치도
19589,h000069,레몬 뮤지엄,3.6666666666666665,제주특별자치도
19590,h000069,서귀포 매일 올레시장,5.0,제주특별자치도
19591,h000069,제주아트서커스,5.0,제주특별자치도
19592,h000069,점보빌리지,3.6666666666666665,제주특별자치도
19593,h000069,쇠소깍 산물 관광농원,5.0,제주특별자치도
19594,h000069,제주 아리랑,5.0,제주특별자치도
19595,h000069,노바운더리 제주,5.0,제주특별자치도
19596,h000069,오늘은 카트레이싱,1.3333333333333333,제주특별자치도
19597,h000069,고성 오일 시장,3.0,제주특별자치도
19598,h000069,성산일출봉,5.0,제주특별자치도
19599,h000069,월정리 해수욕장,5.0,제주특별자치도
19600,h000070,루나폴,5.0,제주특별자치도
19601,h000070,서귀포 매일 올레시장,4.0,제주특별자치도
19602,h000070,휴애리 자연생활공원,5.0,제주특별자치도
19603,h000070,방주교회,5.0,제주특별자치도
19604,h000070,사진 놀이터,2.6666666666666665,제주특별자치도
19605,h000073,성산일출봉,5.0,제주특별자치도
19606,h000073,오른(orrrn 옹알엔),5.0,제주특별자치도
19607,h000073,새별 오름,5.0,제주특별자치도
19608,h000073,금오름,4.0,제주특별자치도
19609,h000073,마인드 피트니스 제주공항점,4.0,제주특별자치도
19610,h000074,안덕계곡,3.0,제주특별자치도
19611,h000074,카멜리아힐,4.0,제주특별자치도
19612,h000074,황이지 해안,5.0,제주특별자치도
19613,h000074,제주특별자치도 민속자연사박물관,3.0,제주특별자치도
19614,h000074,한담 해안산책로,5.0,제주특별자치도
19615,h000074,제주동문시장,4.0,제주특별자치도
19616,h000074,넥슨 컴퓨터 박물관,3.6666666666666665,제주특별자치도
19617,h000074,한라수목원,3.6666666666666665,제주특별자치도
19618,h000074,이호 테우해수욕장,3.6666666666666665,제주특별자치도
19619,h000074,제주 로컬 섬 제주,3.3333333333333335,제주특별자치도
19620,h000076,제주동문시장,5.0,제주특별자치도
19621,h000078,제주관광공사 지정면세점,4.0,제주특별자치도
19622,h000080,사계해변,5.0,제주특별자치도
19623,h000080,사계해변,5.0,제주특별자치도
19624,h000080,우도,5.0,제주특별자치도
19625,h000085,오설록 티 뮤지엄,3.3333333333333335,제주특별자치도
19626,h000085,범 섬,5.0,제주특별자치도
19627,h000085,숨도,4.666666666666667,제주특별자치도
19628,h000085,황이지 해안,4.0,제주특별자치도
19629,h000085,이중섭거리,4.0,제주특별자치도
19630,h000085,서귀포 매일 올레시장,4.666666666666667,제주특별자치도
19631,h000085,새연교,4.0,제주특별자치도
19632,h000085,새섬,4.0,제주특별자치도
19633,h000086,서어봉,4.666666666666667,제주특별자치도
19634,h000086,평대리 해수욕장,3.0,제주특별자치도
19635,h000086,오저여,3.0,제주특별자치도
19636,h000086,함덕해수욕장,5.0,제주특별자치도
19637,h000086,함덕해수욕장,5.0,제주특별자치도
19638,h000086,함덕해수욕장,5.0,제주특별자치도
19639,h000086,협재해수욕장,4.666666666666667,제주특별자치도
19640,h000086,협재해수욕장,5.0,제주특별자치도
19641,h000086,금능해수욕장,5.0,제주특별자치도
19642,h000086,한담 해안산책로,4.0,제주특별자치도
19643,h000086,제주동문시장,4.0,제주특별자치도
19644,h000087,협재해수욕장,4.666666666666667,제주특별자치도
19645,h000087,제주 한림농협 하나로마트,5.0,제주특별자치도
19646,h000087,함덕해수욕장,3.0,제주특별자치도
19647,h000087,협재해수욕장,5.0,제주특별자치도
19648,h000087,도두동 무지개 해안도로,4.0,제주특별자치도
19649,h000091,테디베어 하우스 테지움 제주점,3.6666666666666665,제주특별자치도
19650,h000091,제주동문재래시장,4.0,제주특별자치도
19651,h000091,박물관은 살아있다 제주 중문점,3.6666666666666665,제주특별자치도
19652,h000091,남원큰엉해변,4.666666666666667,제주특별자치도
19653,h000091,서귀포 매일 올레시장,3.3333333333333335,제주특별자치도
19654,h000091,이호 테우해수욕장,5.0,제주특별자치도
19655,h000092,함덕해수욕장,4.333333333333333,제주특별자치도
19656,h000092,세화해변,3.6666666666666665,제주특별자치도
19657,h000092,제주 스카이랩 패러글라이딩 체험비행장소,4.333333333333333,제주특별자치도
19658,h000092,금오름,4.0,제주특별자치도
19659,h000092,우도,5.0,제주특별자치도
19660,h000092,창금,2.6666666666666665,제주특별자치도
19661,h000093,피닉스 제주 섭지코지 수영장,5.0,제주특별자치도
19662,h000093,신양섭지해수욕장,2.0,제주특별자치도
19663,h000093,섭지코지,5.0,제주특별자치도
19664,h000093,제주 코코몽 에코파크,5.0,제주특별자치도
19665,h000093,사려니숲길,4.0,제주특별자치도
19666,h000093,함덕해수욕장,3.6666666666666665,제주특별자치도
19667,h000094,도두동 무지개 해안도로,4.0,제주특별자치도
19668,h000094,돌 염전,4.0,제주특별자치도
19669,h000094,용머리해안 공영주차장,2.3333333333333335,제주특별자치도
19670,h000094,쇠소깍,4.0,제주특별자치도
19671,h000094,11고지 휴게소,3.3333333333333335,제주특별자치도
19672,h000094,한라산국립공원 성판악탐방로,3.3333333333333335,제주특별자치도
19673,h000094,성산일출봉,5.0,제주특별자치도
19674,h000094,이호 테우해수욕장,4.0,제주특별자치도
19675,h000094,아쿠아 플라넷 제주,4.0,제주특별자치도
19676,h000095,서어봉,5.0,제주특별자치도
19677,h000095,함덕해수욕장,5.0,제주특별자치도
19678,h000095,해녀박물관,2.3333333333333335,제주특별자치도
19679,h000095,세화해변,5.0,제주특별자치도
19680,h000095,우도,5.0,제주특별자치도
19681,h000095,제주동문시장,5.0,제주특별자치도
19682,h000097,함덕해수욕장,5.0,제주특별자치도
19683,h000097,화순금모래해수욕장,3.3333333333333335,제주특별자치도
19684,h000097,송악산 둘레길,4.333333333333333,제주특별자치도
19685,h000097,신화 테마파크,3.6666666666666665,제주특별자치도
19686,h000097,절물자연휴양림,5.0,제주특별자치도
19687,h000097,제주동문재래시장,4.0,제주특별자치도
19688,h000098,카멜리아힐,4.666666666666667,제주특별자치도
19689,h000098,곽지해수욕장,3.3333333333333335,제주특별자치도
19690,h000098,스카이 워터쇼,4.0,제주특별자치도
19691,h000098,서귀포 매일 올레시장,4.666666666666667,제주특별자치도
19692,h000098,금능해수욕장,4.333333333333333,제주특별자치도
19693,h000098,아르떼 뮤지엄 제주,2.6666666666666665,제주특별자치도
19694,h000100,제주동문시장,4.666666666666667,제주특별자치도
19695,h000100,관음사,5.0,제주특별자치도
19696,h000103,약천사,5.0,제주특별자치도
19697,h000103,카멜리아힐,3.0,제주특별자치도
19698,h000104,넥슨 컴퓨터 박물관,2.6666666666666665,제주특별자치도
19699,h000104,표선해수욕장,5.0,제주특별자치도
19700,h000104,세계 자동차 피아노 박물관,5.0,제주특별자치도
19701,h000104,제주해양 동물 박물관,3.3333333333333335,제주특별자치도
19702,h000104,표선해수욕장,5.0,제주특별자치도
19703,h000105,함덕해수욕장,4.666666666666667,제주특별자치도
19704,h000105,하도 해변,3.3333333333333335,제주특별자치도
19705,h000105,비자림,4.0,제주특별자치도
19706,h000105,빛의 벙커,4.666666666666667,제주특별자치도
19707,h000105,제주동문재래시장,4.666666666666667,제주특별자치도
19708,h000106,곽지해수욕장,4.0,제주특별자치도
19709,h000106,협재해수욕장,5.0,제주특별자치도
19710,h000106,이호 테우 등대,5.0,제주특별자치도
19711,h000106,성산일출봉,5.0,제주특별자치도
19712,h000106,함덕해수욕장,5.0,제주특별자치도
19713,h000106,레이저 서바이벌 M,5.0,제주특별자치도
19714,h000107,제주동문재래시장,5.0,제주특별자치도
19715,h000107,하귀농협 하나로마트,3.0,제주특별자치도
19716,h000107,섭지코지,2.6666666666666665,제주특별자치도
19717,h000107,이마트 신제주점,3.3333333333333335,제주특별자치도
19718,h000107,에코랜드 테마파크,5.0,제주특별자치도
19719,h000108,혼인지,4.333333333333333,제주특별자치도
19720,h000108,가파도,4.0,제주특별자치도
19721,h000108,별 방진,3.3333333333333335,제주특별자치도
19722,h000108,오저여,5.0,제주특별자치도
19723,h000108,서어봉,4.0,제주특별자치도
19724,h000108,절물자연휴양림,5.0,제주특별자치도
19725,h000111,스누피가든,5.0,제주특별자치도
19726,h000111,책 약방,3.6666666666666665,제주특별자치도
19727,h000113,제주동문재래시장,3.6666666666666665,제주특별자치도
19728,h000121,중문색달해수욕장,2.0,제주특별자치도
19729,h000121,서귀포 매일 올레시장,4.0,제주특별자치도
19730,h000121,금오름,4.666666666666667,제주특별자치도
19731,h000123,서귀포 매일 올레시장,4.0,제주특별자치도
19732,h000123,제주동문시장,5.0,제주특별자치도
19733,h000123,이호 테우 등대,5.0,제주특별자치도
19734,h000124,제주동문시장,4.0,제주특별자치도
19735,h000124,오설록 티 뮤지엄,4.0,제주특별자치도
19736,h000124,협재해수욕장,5.0,제주특별자치도
19737,h000124,쇠소깍,4.0,제주특별자치도
19738,h000124,도두동 무지개 해안도로,4.0,제주특별자치도
19739,h000125,에코랜드 테마파크,5.0,제주특별자치도
19740,h000125,M1971 요트투어,3.3333333333333335,제주특별자치도
19741,h000125,아쿠아 플라넷 제주,5.0,제주특별자치도
19742,h000125,제주동문시장,5.0,제주특별자치도
19743,h000126,금오름,4.0,제주특별자치도
19744,h000126,비밀의 숲,3.0,제주특별자치도
19745,h000130,도두봉,4.666666666666667,제주특별자치도
19746,h000130,백약이 오름,5.0,제주특별자치도
19747,h000130,큰노꼬메오름,5.0,제주특별자치도
19748,h000130,사계해변,3.6666666666666665,제주특별자치도
19749,h000130,가파도,4.0,제주특별자치도
19750,h000130,금오름,5.0,제주특별자치도
19751,h000137,산방산,4.0,제주특별자치도
19752,h000137,명성 목장,5.0,제주특별자치도
19753,h000137,우도,5.0,제주특별자치도
19754,h000138,함덕해수욕장,5.0,제주특별자치도
19755,h000138,세화해변,5.0,제주특별자치도
19756,h000138,섭지코지,5.0,제주특별자치도
19757,h000138,남원큰엉해변,3.3333333333333335,제주특별자치도
19758,h000138,황이지 선녀탕,5.0,제주특별자치도
19759,h000138,새연교,5.0,제주특별자치도
19760,h000138,서귀포 치유의 숲,4.0,제주특별자치도
19761,h000138,서귀포 매일 올레시장,3.3333333333333335,제주특별자치도
19762,h000141,샤인빌파크 CC,3.3333333333333335,제주특별자치도
19763,h000141,샤인빌파크 CC,4.0,제주특별자치도
19764,h000141,제주동문시장,4.0,제주특별자치도
19765,h000141,제주동문재래시장,3.0,제주특별자치도
19766,h000143,정방폭포,3.3333333333333335,제주특별자치도
19767,h000143,환상숲 곶자왈 공원,5.0,제주특별자치도
19768,h000143,윈드 1947카트 테마파크,1.6666666666666667,제주특별자치도
19769,h000143,서귀포 매일 올레시장,3.0,제주특별자치도
19770,h000143,올레길 7코스(서귀포-월평 올레),4.0,제주특별자치도
19771,h000147,엉또폭포,2.0,제주특별자치도
19772,h000147,이마트 서귀포점,4.0,제주특별자치도
19773,h000147,서귀포 치유의 숲,5.0,제주특별자치도
19774,h000147,서복전시관,1.6666666666666667,제주특별자치도
19775,h000147,정방폭포,4.0,제주특별자치도
19776,h000147,서귀포 매일 올레시장,3.0,제주특별자치도
19777,h000147,홈플러스 서귀포점,5.0,제주특별자치도
19778,h000147,송악산,5.0,제주특별자치도
19779,h000147,신화 테마파크,4.0,제주특별자치도
19780,h000147,사계해변,4.0,제주특별자치도
19781,h000150,곽지해수욕장,5.0,제주특별자치도
19782,h000154,판포 포구,5.0,제주특별자치도
19783,h000154,판포 포구,5.0,제주특별자치도
19784,h000154,곽지해수욕장,5.0,제주특별자치도
19785,h000154,과물 노천탕,5.0,제주특별자치도
19786,h000154,과물 노천탕,5.0,제주특별자치도
19787,h000155,뽀로로 앤 타요 테마파크 제주,5.0,제주특별자치도
19788,h000155,함덕해수욕장,5.0,제주특별자치도
19789,h000156,카멜리아힐,4.0,제주특별자치도
19790,h000156,사계해변,4.333333333333333,제주특별자치도
19791,h000156,성이시돌목장,5.0,제주특별자치도
19792,h000158,외돌개,4.0,제주특별자치도
19793,h000158,황이지 해안,4.0,제주특별자치도
19794,h000158,판포 포구,4.0,제주특별자치도
19795,h000158,금능해수욕장,4.0,제주특별자치도
19796,h000163,평대리 해수욕장,4.0,제주특별자치도
19797,h000163,해녀의 부엌,4.333333333333333,제주특별자치도
19798,h000163,구좌농협 하나로마트 중부점,3.0,제주특별자치도
19799,h000163,혼인지,4.0,제주특별자치도
19800,h000163,제주 월드컵 경기장,4.0,제주특별자치도
19801,h000163,빛의 벙커,4.0,제주특별자치도
19802,h000163,별 방진,4.0,제주특별자치도
19803,h000163,구좌농협 하나로마트 중부점,4.0,제주특별자치도
19804,h000163,공백,3.0,제주특별자치도
19805,h000163,오저여,3.6666666666666665,제주특별자치도
19806,h000168,협재해수욕장,3.0,제주특별자치도
19807,h000168,제주 월령리 선인장 군락,2.6666666666666665,제주특별자치도
19808,h000168,신창 풍차 해안도로,3.0,제주특별자치도
19809,h000168,월정리 해수욕장,5.0,제주특별자치도
19810,h000171,몸들 한 상,4.666666666666667,제주특별자치도
19811,h000171,곽지해수욕장,5.0,제주특별자치도
19812,h000171,신창 풍차 해안도로,5.0,제주특별자치도
19813,h000171,미쁜 제과,4.666666666666667,제주특별자치도
19814,h000171,약천사,3.0,제주특별자치도
19815,h000171,제주동문재래시장,4.333333333333333,제주특별자치도
19816,h000172,새별 오름,5.0,제주특별자치도
19817,h000172,영락리 방파제,5.0,제주특별자치도
19818,h000172,영락리 방파제,5.0,제주특별자치도
19819,h000172,가파도,5.0,제주특별자치도
19820,h000172,사계해변,5.0,제주특별자치도
19821,h000172,판포 포구,5.0,제주특별자치도
19822,h000172,한담 해안산책로,5.0,제주특별자치도
19823,h000172,애월 카페거리,3.0,제주특별자치도
19824,h000172,9.81파크,5.0,제주특별자치도
19825,h000172,돌 염전,5.0,제주특별자치도
19826,h000173,한라산국립공원,4.0,제주특별자치도
19827,h000176,제주 국제공항,3.0,제주특별자치도
19828,h000176,우도,5.0,제주특별자치도
19829,h000176,비양도,5.0,제주특별자치도
19830,h000176,원앙폭포,5.0,제주특별자치도
19831,h000179,금능해수욕장,5.0,제주특별자치도
19832,h000185,아쿠아 플라넷 제주,4.666666666666667,제주특별자치도
19833,h000186,닭머르,3.3333333333333335,제주특별자치도
19834,h000186,금능해수욕장,4.0,제주특별자치도
19835,h000186,오설록 티 뮤지엄,4.333333333333333,제주특별자치도
19836,h000186,제주신라호텔 수영장,5.0,제주특별자치도
19837,h000186,협재해수욕장,3.0,제주특별자치도
19838,h000188,용두암,3.0,제주특별자치도
19839,h000188,제주아트서커스,4.0,제주특별자치도
19840,h000188,서귀포 매일 올레시장,3.6666666666666665,제주특별자치도
19841,h000188,천지연폭포,4.0,제주특별자치도
19842,h000188,카멜리아힐,4.333333333333333,제주특별자치도
19843,h000188,제주동문시장,3.6666666666666665,제주특별자치도
19844,h000192,협재해수욕장,5.0,제주특별자치도
19845,h000192,뽀로로 앤 타요 테마파크 제주,5.0,제주특별자치도
19846,h000192,제주항공 우주 박물관,4.0,제주특별자치도
19847,h000192,화조원,3.0,제주특별자치도
19848,h000192,함덕해수욕장,5.0,제주특별자치도
19849,h000192,김녕해수욕장,5.0,제주특별자치도
19850,h000194,이호 테우해수욕장,3.0,제주특별자치도
19851,h000194,용연 구름다리,4.0,제주특별자치도
19852,h000200,사려니 숲,4.0,제주특별자치도
19853,h000200,휴애리 자연생활공원,3.3333333333333335,제주특별자치도
19854,h000200,성산일출봉,4.0,제주특별자치도
19855,h000200,드르쿰다in성산,1.3333333333333333,제주특별자치도
19856,h000200,빛의 벙커,1.6666666666666667,제주특별자치도
19857,h000202,감귤 박물관,3.6666666666666665,제주특별자치도
19858,h000202,정방폭포,4.333333333333333,제주특별자치도
19859,h000202,와종 미술관,3.0,제주특별자치도
19860,h000202,소남머리,4.0,제주특별자치도
19861,h000202,고성 오일 시장,3.0,제주특별자치도
19862,h000203,9.81파크,5.0,제주특별자치도
19863,h000203,황이지 선녀탕,5.0,제주특별자치도
19864,h000203,서귀포 매일 올레시장,5.0,제주특별자치도
19865,h000203,우도,5.0,제주특별자치도
19866,h000204,도두봉,5.0,제주특별자치도
19867,h000204,카멜리아힐,4.333333333333333,제주특별자치도
19868,h000204,서귀포 치유의 숲,4.0,제주특별자치도
19869,h000204,정방폭포,3.3333333333333335,제주특별자치도
19870,h000204,와종 미술관,4.333333333333333,제주특별자치도
19871,h000204,본태 박물관,4.666666666666667,제주특별자치도
19872,h000204,스타벅스 제주 서해안로 DT점 주차장,3.3333333333333335,제주특별자치도
19873,h000209,삼성혈,3.0,제주특별자치도
19874,h000209,관덕정,3.0,제주특별자치도
19875,h000209,월령포구,2.6666666666666665,제주특별자치도
19876,h000209,아라리오 뮤지엄 탑동 시네마,4.0,제주특별자치도
19877,h000212,빛의 벙커,3.6666666666666665,제주특별자치도
19878,h000212,김녕미로공원,5.0,제주특별자치도
19879,h000212,혼인지,4.0,제주특별자치도
19880,h000212,월정리 해수욕장,5.0,제주특별자치도
19881,h000212,우도,4.0,제주특별자치도
19882,h000212,제주도립 김창열 미술관,5.0,제주특별자치도
19883,h000212,협재해수욕장,5.0,제주특별자치도
19884,h000215,법화사,5.0,제주특별자치도
19885,h000215,천지연폭포,5.0,제주특별자치도
19886,h000215,새섬,5.0,제주특별자치도
19887,h000215,서귀포 매일 올레시장,4.0,제주특별자치도
19888,h000215,약천사,5.0,제주특별자치도
19889,h000215,베릿내오름,5.0,제주특별자치도
19890,h000215,군산,5.0,제주특별자치도
19891,h000215,산방산,5.0,제주특별자치도
19892,h000215,사계해변,5.0,제주특별자치도
19893,h000215,송악산,5.0,제주특별자치도
19894,h000217,카멜리아힐,3.6666666666666665,제주특별자치도
19895,h000217,제주관광공사 지정면세점,2.6666666666666665,제주특별자치도
19896,h000218,외돌개,5.0,제주특별자치도
19897,h000221,곽지해수욕장,5.0,제주특별자치도
19898,h000221,뽀로로 앤 타요 테마파크 제주,5.0,제주특별자치도
19899,h000221,스누피가든,3.6666666666666665,제주특별자치도
19900,h000221,화조원,5.0,제주특별자치도
19901,h000221,한림 해안로,5.0,
19902,h000221,제주동문시장,5.0,제주특별자치도
19903,h000222,함덕해수욕장,5.0,제주특별자치도
19904,h000222,섭지코지,5.0,제주특별자치도
19905,h000222,안도라,5.0,제주특별자치도
19906,h000222,산굼부리,5.0,제주특별자치도
19907,h000222,교래자연휴양림,5.0,제주특별자치도
19908,h000222,서귀포 매일 올레시장,5.0,제주특별자치도
19909,h000222,천지연폭포,5.0,제주특별자치도
19910,h000222,제주아트서커스,3.0,제주특별자치도
19911,h000222,카멜리아힐,5.0,제주특별자치도
19912,h000222,중문농협 하나로마트 본점,5.0,제주특별자치도
19913,h000222,사계해변,4.666666666666667,제주특별자치도
19914,h000222,사계해변,5.0,제주특별자치도
19915,h000222,송악산 둘레길,3.6666666666666665,제주특별자치도
19916,h000222,금오름,4.333333333333333,제주특별자치도
19917,h000222,금능해수욕장,4.666666666666667,제주특별자치도
19918,h000224,남원큰엉해변,5.0,제주특별자치도
19919,h000225,용두암,5.0,제주특별자치도
19920,h000225,함덕해수욕장,4.0,제주특별자치도
19921,h000225,비밀의 숲,4.666666666666667,제주특별자치도
19922,h000225,우도,4.0,제주특별자치도
19923,h000225,우도,3.6666666666666665,제주특별자치도
19924,h000225,천지연폭포,4.333333333333333,제주특별자치도
19925,h000225,여미지식물원,4.0,제주특별자치도
19926,h000225,카멜리아힐,4.333333333333333,제주특별자치도
19927,h000225,돌 염전,4.666666666666667,제주특별자치도
19928,h000225,이호 테우 등대,5.0,제주특별자치도
19929,h000225,도두동 무지개 해안도로,5.0,제주특별자치도
19930,h000228,성산일출봉,5.0,
19931,h000228,표선해수욕장,5.0,
19932,h000228,영주산,5.0,
19933,h000228,김녕해수욕장,5.0,
19934,h000230,함덕해수욕장,3.0,제주특별자치도
19935,h000230,돌 염전,4.333333333333333,제주특별자치도
19936,h000230,한라산국립공원 영실탐방로,4.333333333333333,제주특별자치도
19937,h000231,카멜리아힐,3.3333333333333335,제주특별자치도
19938,h000231,송악산 둘레길,3.3333333333333335,제주특별자치도
19939,h000232,성산일출봉,5.0,제주특별자치도
19940,h000232,해녀박물관,5.0,제주특별자치도
19941,h000232,함덕해수욕장,5.0,제주특별자치도
19942,h000232,국립제주박물관,5.0,제주특별자치도
19943,h000232,제주특별자치도 민속자연사박물관,5.0,제주특별자치도
19944,h000232,이호 테우해수욕장,5.0,제주특별자치도
19945,h000233,9.81파크,5.0,제주특별자치도
19946,h000233,허니문하우스,4.666666666666667,제주특별자치도
19947,h000233,소천지,3.0,제주특별자치도
19948,h000233,서귀포 매일 올레시장,3.6666666666666665,제주특별자치도
19949,h000234,환상숲 곶자왈 공원,4.0,제주특별자치도
19950,h000234,제주도립미술관,5.0,제주특별자치도
19951,h000237,항파두리 항몽 유적지,3.0,제주특별자치도
19952,h000238,약천사,5.0,제주특별자치도
19953,h000238,중문 대표 주상절리대,4.0,제주특별자치도
19954,h000238,금능해수욕장,3.6666666666666665,제주특별자치도
19955,h000245,오설록 티 뮤지엄,4.0,제주특별자치도
19956,h000245,송악산,4.0,제주특별자치도
19957,h000245,산방산,4.0,제주특별자치도
19958,h000245,제주 월드컵 경기장,3.6666666666666665,제주특별자치도
19959,h000247,신도포구,5.0,제주특별자치도
19960,h000247,사계해변,5.0,제주특별자치도
19961,h000247,중문 대표 주상절리대,5.0,제주특별자치도
19962,h000247,허니문하우스,5.0,제주특별자치도
19963,h000247,남원큰엉해변,5.0,제주특별자치도
19964,h000247,김영갑갤러리 두모악,5.0,제주특별자치도
19965,h000247,비자림,5.0,제주특별자치도
19966,h000247,여름 문구사,5.0,제주특별자치도
19967,h000248,서어봉 산책로,4.333333333333333,제주특별자치도
19968,h000248,제주 기념품 선물고팡 함덕점,3.3333333333333335,제주특별자치도
19969,h000248,제주동문재래시장,4.0,제주특별자치도
19970,h000249,한라산국립공원 관음사 지구 안내소,5.0,제주특별자치도
19971,h000249,백록담,5.0,제주특별자치도
19972,h000249,한라산국립공원 성판악탐방로,5.0,제주특별자치도
19973,h000249,제주동문시장,5.0,제주특별자치도
19974,h000249,함덕해수욕장,5.0,제주특별자치도
19975,h000250,신창 풍차 해안,4.0,제주특별자치도
19976,h000250,오설록 티 뮤지엄,3.3333333333333335,제주특별자치도
19977,h000250,아르떼 뮤지엄 제주,4.0,제주특별자치도
19978,h000250,도두봉,3.3333333333333335,제주특별자치도
19979,h000256,롯데마트 제주점,3.0,제주특별자치도
19980,h000256,서귀포 매일 올레시장,4.0,제주특별자치도
19981,h000256,제주 월드컵 경기장,3.0,제주특별자치도
19982,h000257,사계해변,3.3333333333333335,제주특별자치도
19983,h000257,제주 월드컵 경기장,3.3333333333333335,제주특별자치도
19984,h000257,서귀포 매일 올레시장,3.3333333333333335,제주특별자치도
19985,h000257,물영아리,3.3333333333333335,제주특별자치도
19986,h000258,가문도 포구,5.0,제주특별자치도
19987,h000258,알자 크지 해변,5.0,제주특별자치도
19988,h000258,수목원길 야시장,1.6666666666666667,제주특별자치도
19989,h000258,이호 테우해수욕장,4.666666666666667,제주특별자치도
19990,h000258,비양도,5.0,제주특별자치도
19991,h000258,제주동문재래시장,5.0,제주특별자치도
19992,h000258,용두암,5.0,
19993,h000259,송악산,5.0,제주특별자치도
19994,h000259,산양큰엉곶,4.0,제주특별자치도
19995,h000261,쇠소깍 관광지,5.0,제주특별자치도
19996,h000261,정방폭포,5.0,제주특별자치도
19997,h000261,서귀포 매일 올레시장,5.0,제주특별자치도
19998,h000261,보래드베이커스,5.0,제주특별자치도
19999,h000261,섭지코지,5.0,제주특별자치도
20000,h000261,서귀포 매일 올레시장,5.0,제주특별자치도
20001,h000261,성이시돌목장,5.0,제주특별자치도
20002,h000261,새별 오름,5.0,제주특별자치도
20003,h000261,산방산,5.0,제주특별자치도
20004,h000261,사계해변,5.0,제주특별자치도
20005,h000261,산방 연대,5.0,제주특별자치도
20006,h000263,김녕해수욕장,5.0,제주특별자치도
20007,h000263,카페글렌코,4.333333333333333,제주특별자치도
20008,h000263,함덕해수욕장,5.0,제주특별자치도
20009,h000263,델문도,4.0,제주특별자치도
20010,h000263,9.81파크,5.0,제주특별자치도
20011,h000263,서귀포 매일 올레시장,4.333333333333333,제주특별자치도
20012,h000267,스누피가든,5.0,제주특별자치도
20013,h000267,우도,5.0,제주특별자치도
20014,h000267,우도 올레 보트,5.0,제주특별자치도
20015,h000267,쇠머리 오름,5.0,제주특별자치도
20016,h000267,우도,5.0,제주특별자치도
20017,h000267,성산일출봉,5.0,제주특별자치도
20018,h000267,노형수퍼마켙,5.0,제주특별자치도
20019,h000267,수목원 테마파크,5.0,제주특별자치도
20020,h000271,카멜리아힐,3.3333333333333335,제주특별자치도
20021,h000271,절물자연휴양림,5.0,제주특별자치도
20022,h000271,도두봉,3.3333333333333335,제주특별자치도
20023,h000271,김녕해수욕장,3.3333333333333335,제주특별자치도
20024,h000275,거문 오름,4.666666666666667,제주특별자치도
20025,h000275,비양도,4.0,제주특별자치도
20026,h000275,한림공원,4.0,제주특별자치도
20027,h000275,삼양해수욕장,4.0,제주특별자치도
20028,h000275,비자림,3.6666666666666665,제주특별자치도
20029,h000276,김녕해수욕장,5.0,제주특별자치도
20030,h000276,빛의 벙커,5.0,제주특별자치도
20031,h000276,성산일출봉,3.0,제주특별자치도
20032,h000276,산방산,4.0,제주특별자치도
20033,h000276,송악산 둘레길,3.6666666666666665,제주특별자치도
20034,h000276,신창 풍차 해안도로,1.3333333333333333,제주특별자치도
20035,h000280,수목원길 야시장,3.6666666666666665,제주특별자치도
20036,h000280,스누피가든,5.0,제주특별자치도
20037,h000280,김녕해수욕장,5.0,제주특별자치도
20038,h000280,정방폭포,5.0,제주특별자치도
20039,h000280,도두동 무지개 해안도로,5.0,제주특별자치도
20040,h000280,제주동문시장,5.0,제주특별자치도
20041,h000281,애월농협 하나로마트,4.0,제주특별자치도
20042,h000281,헬로키티 아일랜드,5.0,제주특별자치도
20043,h000281,카멜리아힐,5.0,제주특별자치도
20044,h000281,협재해수욕장,5.0,제주특별자치도
20045,h000281,제주 한림농협 하나로마트,4.0,제주특별자치도
20046,h000281,곽지해수욕장,4.333333333333333,제주특별자치도
20047,h000281,월정리 해수욕장,5.0,제주특별자치도
20048,h000281,협재해수욕장,5.0,제주특별자치도
20049,h000281,신화 테마파크,5.0,제주특별자치도
20050,h000281,스누피가든,5.0,제주특별자치도
20051,h000282,우도,5.0,제주특별자치도
20052,h000282,비자림,5.0,제주특별자치도
20053,h000282,오설록 티 뮤지엄,5.0,제주특별자치도
20054,h000282,카멜리아힐,5.0,제주특별자치도
20055,h000282,제주관광공사 지정면세점,5.0,제주특별자치도
20056,h000282,섭지코지,5.0,제주특별자치도
20057,h000282,붉은 오름 자연휴양림,5.0,제주특별자치도
20058,h000283,혼인지,5.0,제주특별자치도
20059,h000283,백약이 오름,5.0,제주특별자치도
20060,h000283,중문색달해수욕장,5.0,제주특별자치도
20061,h000283,호텔 샌드,5.0,제주특별자치도
20062,h000283,서귀포 매일 올레시장,5.0,제주특별자치도
20063,h000283,천지연폭포,5.0,제주특별자치도
20064,h000286,제주동문시장,4.666666666666667,제주특별자치도
20065,h000286,용연 구름다리,4.666666666666667,제주특별자치도
20066,h000286,아쿠아 플라넷 제주,3.3333333333333335,제주특별자치도
20067,h000286,섭지코지,3.3333333333333335,제주특별자치도
20068,h000286,바이 제주,3.6666666666666665,제주특별자치도
20069,h000291,비자림,5.0,제주특별자치도
20070,h000291,스누피가든,5.0,제주특별자치도
20071,h000291,산굼부리,4.0,제주특별자치도
20072,h000291,함덕해수욕장,5.0,제주특별자치도
20073,h000291,제주동문시장,3.3333333333333335,제주특별자치도
20074,h000291,사려니숲길,5.0,제주특별자치도
20075,h000292,오동도,5.0,전남
20076,h000292,아쿠아플라넷 여수,5.0,전남
20077,h000292,아쿠아플라넷 여수,5.0,전남
20078,h000292,여수세계박람회 빅 오,4.0,전남
20079,h000292,진남관 (24년 말 예정),3.6666666666666665,전남
20080,h000292,여수 전통 서시장,4.0,전남
20081,h000292,여수구항 해양공원,4.0,전남
20082,h000294,협재해수욕장,5.0,제주특별자치도
20083,h000294,협재해수욕장,5.0,제주특별자치도
20084,h000300,혼인지,5.0,제주특별자치도
20085,h000300,성산일출봉,5.0,제주특별자치도
20086,h000300,함덕해수욕장,5.0,제주특별자치도
20087,h000300,하도 해변,5.0,제주특별자치도
20088,h000300,함덕해수욕장,5.0,제주특별자치도
20089,h000300,제주동문재래시장,5.0,제주특별자치도
20090,h000300,새별 오름,5.0,제주특별자치도
20091,h000300,월정리 해수욕장,5.0,제주특별자치도
20092,h000301,노티스 제주,4.0,제주특별자치도
20093,h000301,비자림,3.6666666666666665,제주특별자치도
20094,h000301,수목원길 야시장,1.3333333333333333,제주특별자치도
20095,h000301,새별 오름,4.333333333333333,제주특별자치도
20096,h000304,점보빌리지,3.0,제주특별자치도
20097,h000304,서울 앵무새 제주점,5.0,제주특별자치도
20098,h000304,신화 워터파크,4.666666666666667,제주특별자치도
20099,h000304,레몬 뮤지엄,4.666666666666667,제주특별자치도
20100,h000304,안도라,4.0,제주특별자치도
20101,h000304,김녕해수욕장,4.0,제주특별자치도
20102,h000304,관곶,4.0,제주특별자치도
20103,h000306,도두봉,3.0,제주특별자치도
20104,h000306,도두동 무지개 해안도로,4.0,제주특별자치도
20105,h000306,넥슨 컴퓨터 박물관,5.0,제주특별자치도
20106,h000306,비자림,2.0,제주특별자치도
20107,h000306,성산일출봉,3.0,제주특별자치도
20108,h000306,사려니숲길,1.0,제주특별자치도
20109,h000306,휴애리 자연생활공원,4.0,제주특별자치도
20110,h000306,정방폭포,3.0,제주특별자치도
20111,h000306,제주아트서커스,2.6666666666666665,제주특별자치도
20112,h000306,본태 박물관,2.3333333333333335,제주특별자치도
20113,h000307,월평포구,4.0,제주특별자치도
20114,h000307,법환포구,4.0,제주특별자치도
20115,h000307,구좌농협 하나로마트 중부점,4.666666666666667,제주특별자치도
20116,h000311,쇠소깍,4.0,제주특별자치도
20117,h000311,황이지 선녀탕,4.0,제주특별자치도
20118,h000311,아시아 CGI 애니메이션센터,4.0,제주특별자치도
20119,h000311,아쿠아 플라넷 제주,4.0,제주특별자치도
20120,h000311,아시아 CGI 애니메이션센터,4.0,제주특별자치도
20121,h000311,천지연폭포,4.0,제주특별자치도
20122,h000311,물영아리,4.0,제주특별자치도
20123,h000312,제주 부영 호텔 앤리조트,4.0,제주특별자치도
20124,h000312,올레길 17코스(광령-제주 원도심 올레),4.333333333333333,제주특별자치도
20125,h000312,스타벅스 제주 용담 DT 점,4.333333333333333,제주특별자치도
20126,h000313,포도 뮤지엄,4.666666666666667,제주특별자치도
20127,h000313,산방산 탄산온천,5.0,제주특별자치도
20128,h000313,모슬포항,2.3333333333333335,제주특별자치도
20129,h000313,사계해변,4.666666666666667,제주특별자치도
20130,h000313,마농 르블랑,4.0,제주특별자치도
20131,h000314,제주 레포츠 랜드,4.333333333333333,제주특별자치도
20132,h000314,휴애리 자연생활공원,4.333333333333333,제주특별자치도
20133,h000314,제주 곶자왈 도립공원,4.333333333333333,제주특별자치도
20134,h000314,도두봉,5.0,제주특별자치도
20135,h000314,수목원길 야시장,5.0,제주특별자치도
20136,h000317,표선해수욕장,4.0,제주특별자치도
20137,h000319,루나폴,4.0,제주특별자치도
20138,h000319,신화 테마파크,3.3333333333333335,제주특별자치도
20139,h000319,금능해수욕장,5.0,제주특별자치도
20140,h000321,함덕해수욕장,5.0,제주특별자치도
20141,h000321,스누피가든,5.0,제주특별자치도
20142,h000321,빛의 벙커,5.0,제주특별자치도
20143,h000321,서귀포 매일 올레시장,5.0,제주특별자치도
20144,h000321,제주항공 우주 박물관,5.0,제주특별자치도
20145,h000322,제주동문재래시장,4.333333333333333,제주특별자치도
20146,h000322,도두동 무지개 해안도로,4.333333333333333,제주특별자치도
20147,h000322,보롬왓,4.333333333333333,제주특별자치도
20148,h000322,협재해수욕장,3.3333333333333335,제주특별자치도
20149,h000322,천지연폭포,4.333333333333333,제주특별자치도
20150,h000322,중문 대표 주상절리대,4.0,제주특별자치도
20151,h000322,우도,5.0,제주특별자치도
20152,h000322,우도,5.0,제주특별자치도
20153,h000322,신양섭지해수욕장,5.0,제주특별자치도
20154,h000322,한라산 11고지,5.0,제주특별자치도
20155,h000323,노바운더리 제주,3.0,제주특별자치도
20156,h000323,제주 성읍마을,3.0,제주특별자치도
20157,h000323,위미항,4.0,제주특별자치도
20158,h000324,항파두리 항몽 유적지,5.0,제주특별자치도
20159,h000324,금능해수욕장,5.0,제주특별자치도
20160,h000324,신창 풍차 해안도로,4.666666666666667,제주특별자치도
20161,h000324,제주도립 김창열 미술관,5.0,제주특별자치도
20162,h000324,문도지오름,5.0,제주특별자치도
20163,h000324,협재해수욕장,5.0,제주특별자치도
20164,h000324,협재해수욕장,5.0,제주특별자치도
20165,h000324,협재해수욕장,5.0,제주특별자치도
20166,h000328,한담 해안산책로,4.0,제주특별자치도
20167,h000328,가르 송티 미드 제주점,3.3333333333333335,제주특별자치도
20168,h000328,협재해수욕장,4.0,제주특별자치도
20169,h000328,금오름,4.0,제주특별자치도
20170,h000328,황이지 해안,4.0,제주특별자치도
20171,h000328,서귀포 매일 올레시장,4.0,제주특별자치도
20172,h000328,천지연폭포,3.6666666666666665,제주특별자치도
20173,h000328,쇠소깍,3.6666666666666665,제주특별자치도
20174,h000328,성산일출봉,4.0,제주특별자치도
20175,h000328,비밀의 숲,4.0,제주특별자치도
20176,h000328,함덕해수욕장,4.0,제주특별자치도
20177,h000328,제주동문재래시장,4.0,제주특별자치도
20178,h000328,노형수퍼마켙,1.6666666666666667,제주특별자치도
20179,h000329,제주 돌 문화공원,3.6666666666666665,제주특별자치도
20180,h000329,제주 아리랑,3.0,제주특별자치도
20181,h000329,아르떼 뮤지엄 제주,5.0,제주특별자치도
20182,h000334,서어봉,5.0,제주특별자치도
20183,h000334,섭지코지,5.0,제주특별자치도
20184,h000334,혼인지,5.0,제주특별자치도
20185,h000334,올레길 20코스(김녕-하도 올레),5.0,제주특별자치도
20186,h000334,행원 연대봉,5.0,제주특별자치도
20187,h000334,오조포구,5.0,제주특별자치도
20188,h000334,제주 곶자왈 도립공원,5.0,제주특별자치도
20189,h000334,신창 풍차 해안도로,5.0,제주특별자치도
20190,h000334,서귀포 매일 올레시장,4.0,제주특별자치도
20191,h000335,거제도 현 시장,5.0,경남
20192,h000335,학동 흑진주 몽돌해변,5.0,경남
20193,h000335,포로수용소 유적공원,5.0,경남
20194,h000336,이호 테우해수욕장,3.6666666666666665,제주특별자치도
20195,h000336,이호 테우 등대,5.0,제주특별자치도
20196,h000336,수월봉,5.0,제주특별자치도
20197,h000336,차귀도,5.0,제주특별자치도
20198,h000336,수목원길 야시장,3.3333333333333335,제주특별자치도
20199,h000336,이마트 신제주점,5.0,제주특별자치도
20200,h000336,한라산국립공원 성판악탐방로,5.0,제주특별자치도
20201,h000336,백록담,5.0,제주특별자치도
20202,h000336,한라산국립공원 관음사 지구 안내소,5.0,제주특별자치도
20203,h000336,절물자연휴양림,5.0,제주특별자치도
20204,h000337,북촌에 가면,3.0,제주특별자치도
20205,h000337,서귀포 매일 올레시장,4.0,제주특별자치도
20206,h000337,엉또폭포,5.0,제주특별자치도
20207,h000337,탐라는 초코 솜이,3.0,제주특별자치도
20208,h000337,관음사,5.0,제주특별자치도
20209,h000337,사려니숲길,5.0,제주특별자치도
20210,h000337,제주 돌 문화공원,5.0,제주특별자치도
20211,h000337,윗세오름,5.0,제주특별자치도
20212,h000337,성이시돌목장,5.0,제주특별자치도
20213,h000337,미쁜 제과,3.0,제주특별자치도
20214,h000337,숨도,5.0,제주특별자치도
20215,h000337,혼인지,5.0,제주특별자치도
20216,h000337,성산일출봉,5.0,제주특별자치도
20217,h000337,광치기 해변,5.0,제주특별자치도
20218,h000337,종달리 수국길,5.0,제주특별자치도
20219,h000339,섬 투어 레저,4.0,제주특별자치도
20220,h000339,비양도 등대,4.666666666666667,제주특별자치도
20221,h000339,우도,5.0,제주특별자치도
20222,h000339,우도봉,5.0,제주특별자치도
20223,h000339,섬 투어 레저,4.0,제주특별자치도
20224,h000339,우도,5.0,제주특별자치도
20225,h000339,혼인지,5.0,제주특별자치도
20226,h000340,휴즐리 제주점,5.0,제주특별자치도
20227,h000340,제주동문재래시장,5.0,제주특별자치도
20228,h000340,북촌에 가면,5.0,제주특별자치도
20229,h000340,황이지 선녀탕,5.0,제주특별자치도
20230,h000340,소색채본,5.0,제주특별자치도
20231,h000340,사계해변,5.0,제주특별자치도
20232,h000340,금오름,5.0,제주특별자치도
20233,h000340,제주동문재래시장,5.0,제주특별자치도
20234,h000340,협재해수욕장,5.0,제주특별자치도
20235,h000340,문도지오름,5.0,제주특별자치도
20236,h000342,제주민속촌,4.0,제주특별자치도
20237,h000342,제주 투사관,3.3333333333333335,제주특별자치도
20238,h000342,제주관광공사 지정면세점,3.6666666666666665,제주특별자치도
20239,h000342,제주동문재래시장,4.0,제주특별자치도
20240,h000343,이에 바이크,4.0,경북
20241,h000343,천부해 중전 망대,3.3333333333333335,경북
20242,h000343,나리분지,4.333333333333333,경북
20243,h000343,혜림원,2.3333333333333335,경북
20244,h000343,우산국 박물관,3.3333333333333335,경북
20245,h000343,성인봉 봉래폭포,4.0,경북
20246,h000343,이에 바이크,4.0,경북
20247,h000346,정방폭포,4.333333333333333,제주특별자치도
20248,h000346,금능해수욕장,5.0,제주특별자치도
20249,h000346,영락리 방파제,5.0,제주특별자치도
20250,h000346,혼인지,5.0,제주특별자치도
20251,h000346,성산일출봉,4.333333333333333,제주특별자치도
20252,h000353,평대리 해수욕장,4.0,
20253,h000353,혼인지,4.0,제주특별자치도
20254,h000353,비양도,5.0,제주특별자치도
20255,h000353,올레길 19코스(조천-김녕 올레),5.0,제주특별자치도
20256,h000353,금능해수욕장,5.0,제주특별자치도
20257,h000453,토스카나 호텔,5.0,
20258,h000453,사계해변,5.0,
20259,h000453,국립제주박물관,5.0,제주특별자치도
20260,h000453,금능해수욕장,5.0,제주특별자치도
20261,h000453,제주 월령리 선인장 군락,5.0,제주특별자치도
20262,h000453,금능해수욕장,5.0,제주특별자치도
20263,h000453,제주 불빛 정원,4.333333333333333,제주특별자치도
20264,h000453,오설록 티 뮤지엄,5.0,제주특별자치도
20265,h000453,제주항공 우주 박물관,5.0,제주특별자치도
20266,h000453,헬로키티 아일랜드,5.0,제주특별자치도
20267,h000455,산지 등대,3.0,제주특별자치도
20268,h000455,우도,5.0,제주특별자치도
20269,h000455,아쿠아 플라넷 제주,5.0,제주특별자치도
20270,h000455,한라산국립공원,5.0,제주특별자치도
20271,h000455,서귀포 매일 올레시장,5.0,제주특별자치도
20272,h000455,정방폭포,5.0,제주특별자치도
20273,h000455,혼인지,5.0,제주특별자치도
20274,h000455,쇠소깍,5.0,제주특별자치도
20275,h000455,까사로마호텔,5.0,제주특별자치도
20276,h000455,서귀포 매일 올레시장,5.0,제주특별자치도
20277,h000455,섭지코지,5.0,제주특별자치도
20278,h000455,함덕해수욕장,5.0,제주특별자치도
20279,h000456,도두봉,4.0,제주특별자치도
20280,h000456,9.81파크,4.666666666666667,제주특별자치도
20281,h000456,제주관광공사 지정면세점,1.0,제주특별자치도
20282,h000456,군산오름 등산로 입구,5.0,제주특별자치도
20283,h000456,황이지 선녀탕,3.6666666666666665,제주특별자치도
20284,h000456,약천사,2.3333333333333335,제주특별자치도
20285,h000458,단산,1.6666666666666667,
20286,h000458,사계해변,4.0,제주특별자치도
20287,h000459,신창 풍차 해안도로,5.0,제주특별자치도
20288,h000459,협재해수욕장,4.666666666666667,제주특별자치도
20289,h000459,오설록 티 뮤지엄,2.6666666666666665,제주특별자치도
20290,h000459,제주동문시장,3.3333333333333335,제주특별자치도
20291,h000461,장한 철 생가,4.333333333333333,제주특별자치도
20292,h000461,신창 풍차 해안도로,4.333333333333333,제주특별자치도
20293,h000461,광치기 해변,4.666666666666667,제주특별자치도
20294,h000461,제주동문시장,4.0,제주특별자치도
20295,h000464,제주 남원농협 하나로마트,5.0,제주특별자치도
20296,h000464,루나폴,4.666666666666667,제주특별자치도
20297,h000464,금능해수욕장,5.0,제주특별자치도
20298,h000464,제주 한림농협 하나로마트,5.0,제주특별자치도
20299,h000464,표선해수욕장,5.0,제주특별자치도
20300,h000464,서귀포 매일 올레시장,5.0,제주특별자치도
20301,h000464,아르떼 뮤지엄 제주,5.0,제주특별자치도
20302,h000468,박수기정,5.0,제주특별자치도
20303,h000473,제주동문재래시장,3.3333333333333335,제주특별자치도
20304,h000473,한라산국립공원 영실탐방로,5.0,제주특별자치도
20305,h000473,서귀포 매일 올레시장,5.0,제주특별자치도
20306,h000473,카멜리아힐,4.0,제주특별자치도
20307,h000473,한라산국립공원 성판악탐방로,4.0,제주특별자치도
20308,h000473,함덕해수욕장,4.333333333333333,제주특별자치도
20309,h000475,해녀의 부엌,5.0,제주특별자치도
20310,h000475,성산일출봉,4.0,제주특별자치도
20311,h000475,혼인지,4.0,제주특별자치도
20312,h000475,광치기 해변,4.0,제주특별자치도
20313,h000475,섭지코지,5.0,제주특별자치도
20314,h000476,마틸다,1.0,제주특별자치도
20315,h000478,올레길 5코스(남원-쇠소깍 올레),4.0,제주특별자치도
20316,h000478,혼인지,4.333333333333333,
20317,h000478,섭지코지,4.333333333333333,
20318,h000478,휴애리 자연생활공원,4.666666666666667,
20319,h000478,마라도,5.0,제주특별자치도
20320,h000478,송악산 둘레길,5.0,제주특별자치도
20321,h000479,불갑사,3.6666666666666665,전남
20322,h000480,함덕해수욕장,4.0,제주특별자치도
20323,h000480,표선해수욕장,4.0,제주특별자치도
20324,h000480,쇠소깍 관광지,5.0,제주특별자치도
20325,h000480,우도,5.0,제주특별자치도
20326,h000480,빛의 벙커,2.6666666666666665,제주특별자치도
20327,h000480,성산일출봉,3.6666666666666665,제주특별자치도
20328,h000480,제주동문시장,3.3333333333333335,제주특별자치도
20329,h000480,도두동 무지개 해안도로,5.0,제주특별자치도
20330,h000480,용두암,2.3333333333333335,제주특별자치도
20331,h000481,제주도립 김창열 미술관,5.0,제주특별자치도
20332,h000481,유동룡 이타미 준 미술관,5.0,제주특별자치도
20333,h000481,금능해수욕장,5.0,제주특별자치도
20334,h000481,한림공원,5.0,제주특별자치도
20335,h000482,휴애리 자연생활공원,3.6666666666666665,제주특별자치도
20336,h000482,아쿠아 플라넷 제주,5.0,제주특별자치도
20337,h000482,서어봉,5.0,제주특별자치도
20338,h000482,장한 철 생가,3.3333333333333335,제주특별자치도
20339,h000482,제주 고래 감성 소품,3.3333333333333335,제주특별자치도
20340,h000482,곽지해수욕장,5.0,제주특별자치도
20341,h000482,과물 노천탕,2.3333333333333335,제주특별자치도
20342,h000482,도두동 무지개 해안도로,2.3333333333333335,제주특별자치도
20343,h000484,푸르고,4.0,제주특별자치도
20344,h000484,제주아트서커스,2.6666666666666665,제주특별자치도
20345,h000484,카멜리아힐,3.3333333333333335,제주특별자치도
20346,h000484,액트몬 제주 중문점,4.333333333333333,제주특별자치도
20347,h000484,서귀포 매일 올레시장,4.0,제주특별자치도
20348,h000484,새연교,3.6666666666666665,제주특별자치도
20349,h000484,서귀포 유람선,4.333333333333333,제주특별자치도
20350,h000484,쇠소깍 산물 관광농원,5.0,제주특별자치도
20351,h000484,이마트 서귀포점,4.0,제주특별자치도
20352,h000484,약천사,4.0,제주특별자치도
20353,h000486,범 섬,5.0,제주특별자치도
20354,h000486,오설록 티 뮤지엄,4.333333333333333,제주특별자치도
20355,h000486,오설록 티 뮤지엄,4.666666666666667,제주특별자치도
20356,h000486,제주항공 우주 박물관,4.333333333333333,제주특별자치도
20357,h000487,리틀 프린스 뮤지엄,2.3333333333333335,제주특별자치도
20358,h000488,제주아트서커스,5.0,제주특별자치도
20359,h000488,협재해수욕장,5.0,제주특별자치도
20360,h000488,제주동문재래시장,5.0,제주특별자치도
20361,h000488,도두동 무지개 해안도로,5.0,제주특별자치도
20362,h000489,종달리 수국길,3.0,제주특별자치도
20363,h000489,함덕해수욕장,3.6666666666666665,제주특별자치도
20364,h000491,제주동문시장,2.3333333333333335,제주특별자치도
20365,h000491,제주 밭담 테마공원,3.3333333333333335,제주특별자치도
20366,h000491,별 방진,3.3333333333333335,제주특별자치도
20367,h000491,성산일출봉,5.0,제주특별자치도
20368,h000491,토스카나 호텔,4.666666666666667,제주특별자치도
20369,h000491,카멜리아힐,5.0,제주특별자치도
20370,h000491,천제연폭포,3.3333333333333335,제주특별자치도
20371,h000491,중문 대표 주상절리대,3.3333333333333335,제주특별자치도
20372,h000491,중문색달해수욕장,3.3333333333333335,제주특별자치도
20373,h000494,안도라,2.3333333333333335,제주특별자치도
20374,h000494,식산봉,4.0,제주특별자치도
20375,h000494,올레길 2코스(광치기-온평 올레),4.0,제주특별자치도
20376,h000494,올레길 1코스(시흥-광치기 올레),4.0,제주특별자치도
20377,h000494,성산일출봉,4.333333333333333,제주특별자치도
20378,h000494,성산일출봉 농협 하나로마트,3.0,제주특별자치도
20379,h000494,성산일출봉 농협 하나로마트,3.6666666666666665,제주특별자치도
20380,h000494,다랑쉬 오름,4.333333333333333,제주특별자치도
20381,h000494,서귀포 매일 올레시장,3.0,제주특별자치도
20382,h000495,고성 오일 시장,3.0,제주특별자치도
20383,h000495,법환포구,4.0,제주특별자치도
20384,h000495,방주교회,5.0,제주특별자치도
20385,h000495,산방산,4.333333333333333,제주특별자치도
20386,h000496,제주동문재래시장,4.333333333333333,제주특별자치도
20387,h000496,더 아일랜더,5.0,제주특별자치도
20388,h000496,미스틱 3도,5.0,제주특별자치도
20389,h000496,혼인지,5.0,제주특별자치도
20390,h000496,서귀포 매일 올레시장,5.0,제주특별자치도
20391,h000496,외돌개,5.0,제주특별자치도
20392,h000496,사계해변,5.0,제주특별자치도
20393,h000496,금오름,5.0,제주특별자치도
20394,h000496,제주동문재래시장,5.0,제주특별자치도
20395,h000498,이호 테우 등대,5.0,제주특별자치도
20396,h000498,제주동문시장,5.0,제주특별자치도
20397,h000498,탑동 광장,5.0,제주특별자치도
20398,h000500,애월 카페거리,3.6666666666666665,제주특별자치도
20399,h000500,아르떼 뮤지엄 제주,4.333333333333333,제주특별자치도
20400,h000500,사계해변,3.3333333333333335,제주특별자치도
20401,h000505,욕지도 제1출렁 다리,4.0,경남
20402,h000505,통영 케이블카,3.3333333333333335,경남
20403,h000512,액티브 파크,3.6666666666666665,제주특별자치도
20404,h000512,협재해수욕장,5.0,제주특별자치도
20405,h000512,제주아트서커스,4.0,제주특별자치도
20406,h000512,서울 앵무새 제주점,5.0,제주특별자치도
20407,h000512,카멜리아힐,5.0,제주특별자치도
20408,h000512,표선해수욕장,5.0,제주특별자치도
20409,h000512,스누피가든,5.0,제주특별자치도
20410,h000512,안도라,4.0,제주특별자치도
20411,h000512,원앙폭포,5.0,제주특별자치도
20412,h000512,제주 실탄사격장,4.0,제주특별자치도
20413,h000513,거제도 현 시장,5.0,경남
20414,h000513,연돌 커피,5.0,경남
20415,h000513,학동 흑진주 몽돌해변,5.0,경남
20416,h000516,항파두리 항몽 유적지,4.0,제주특별자치도
20417,h000516,곽지해수욕장,4.0,제주특별자치도
20418,h000516,성이시돌목장,4.666666666666667,제주특별자치도
20419,h000516,방주교회,3.6666666666666665,제주특별자치도
20420,h000516,엉또폭포,2.3333333333333335,제주특별자치도
20421,h000516,서귀포 유람선,2.0,제주특별자치도
20422,h000516,답다니 수국밭,4.0,제주특별자치도
20423,h000516,천지연폭포,3.6666666666666665,제주특별자치도
20424,h000516,서귀포 매일 올레시장,4.0,제주특별자치도
20425,h000516,사계해변,3.6666666666666665,제주특별자치도
20426,h000516,사계해변,4.0,제주특별자치도
20427,h000516,한라수목원,3.3333333333333335,제주특별자치도
20428,h000518,민오름,4.333333333333333,제주특별자치도
20429,h000518,영락리 방파제,3.6666666666666665,제주특별자치도
20430,h000518,송악산,3.6666666666666665,제주특별자치도
20431,h000518,사계해변,5.0,제주특별자치도
20432,h000518,협재해수욕장,4.0,제주특별자치도
20433,h000520,남국사,5.0,제주특별자치도
20434,h000520,삼양해수욕장,3.6666666666666665,제주특별자치도
20435,h000520,수목원길 야시장,3.0,제주특별자치도
20436,h000520,성판악 주차장,5.0,제주특별자치도
20437,h000520,성판악 주차장,5.0,제주특별자치도
20438,h000521,한담 몰,4.0,제주특별자치도
20439,h000521,아르떼 뮤지엄 제주,4.666666666666667,제주특별자치도
20440,h000522,로봇 플래닛,5.0,제주특별자치도
20441,h000523,이호 테우해수욕장,3.3333333333333335,제주특별자치도
20442,h000523,한라수목원,5.0,제주특별자치도
20443,h000523,방주교회,5.0,제주특별자치도
20444,h000523,마농 르블랑,5.0,제주특별자치도
20445,h000523,사계해변,4.0,제주특별자치도
20446,h000523,송악산 둘레길,5.0,제주특별자치도
20447,h000523,중문 대표 주상절리대,3.0,제주특별자치도
20448,h000523,천지연폭포,5.0,제주특별자치도
20449,h000523,정방폭포,5.0,제주특별자치도
20450,h000523,쇠소깍,4.333333333333333,제주특별자치도
20451,h000523,오늘은 녹차 한 잔,4.666666666666667,제주특별자치도
20452,h000523,섭지코지 전망대,5.0,제주특별자치도
20453,h000523,도두동 무지개 해안도로,4.0,제주특별자치도
20454,h000527,비밀의 숲,3.0,제주특별자치도
20455,h000527,비자림,3.6666666666666665,제주특별자치도
20456,h000527,하도 해변,5.0,제주특별자치도
20457,h000527,세화해변,3.6666666666666665,제주특별자치도
20458,h000527,섬 투어 레저,3.0,제주특별자치도
20459,h000527,우도,5.0,제주특별자치도
20460,h000529,제주 코코몽 에코파크,5.0,제주특별자치도
20461,h000529,천지연폭포,5.0,제주특별자치도
20462,h000530,산굼부리,5.0,제주특별자치도
20463,h000530,목장 카페 밭디,5.0,제주특별자치도
20464,h000531,금능해수욕장,5.0,제주특별자치도
20465,h000531,곽지해수욕장,3.6666666666666665,제주특별자치도
20466,h000531,제주동문재래시장,5.0,제주특별자치도
20467,h000531,스타벅스 제주 용담 DT 점,4.333333333333333,제주특별자치도
20468,h000533,도두봉,4.0,제주특별자치도
20469,h000533,한림공원,4.333333333333333,제주특별자치도
20470,h000533,이호 테우해수욕장,4.0,제주특별자치도
20471,h000533,비자림,4.0,제주특별자치도
20472,h000533,카멜리아힐,4.666666666666667,제주특별자치도
20473,h000533,천지연폭포,3.6666666666666665,제주특별자치도
20474,h000533,섭지코지,4.0,제주특별자치도
20475,h000534,한담 해안산책로,5.0,제주특별자치도
20476,h000534,곽지해수욕장,5.0,제주특별자치도
20477,h000534,도두동 무지개 해안도로,3.3333333333333335,제주특별자치도
20478,h000534,협재해수욕장,3.3333333333333335,제주특별자치도
20479,h000534,오설록 티 뮤지엄,5.0,제주특별자치도
20480,h000534,카멜리아힐,3.0,제주특별자치도
20481,h000534,아쿠아 플라넷 제주,5.0,제주특별자치도
20482,h000534,비양도,3.3333333333333335,제주특별자치도
20483,h000534,훈데르트바서 파크,4.0,제주특별자치도
20484,h000534,캐니언 파크 제주점,5.0,제주특별자치도
20485,h000534,지그 라나다,5.0,제주특별자치도
20486,h000536,이호 테우해수욕장,3.0,제주특별자치도
20487,h000536,김녕미로공원,5.0,제주특별자치도
20488,h000536,월정리 해수욕장,4.0,제주특별자치도
20489,h000536,제주동문재래시장,4.666666666666667,제주특별자치도
20490,h000536,사려니숲길,4.0,제주특별자치도
20491,h000536,보롬왓,4.0,제주특별자치도
20492,h000536,관곶,4.0,제주특별자치도
20493,h000537,제주 코코몽 에코파크,4.333333333333333,제주특별자치도
20494,h000537,고흐의 정원,4.0,제주특별자치도
20495,h000537,산방산 랜드,3.3333333333333335,제주특별자치도
20496,h000539,독도 문방구,3.6666666666666665,경북
20497,h000544,파르나스호텔 제주,3.0,제주특별자치도
20498,h000544,파르나스호텔 제주,3.0,제주특별자치도
20499,h000549,올레길 20코스(김녕-하도 올레),3.6666666666666665,제주특별자치도
20500,h000549,청굴물,3.3333333333333335,제주특별자치도
20501,h000549,올레길 19코스(조천-김녕 올레),3.6666666666666665,제주특별자치도
20502,h000549,함덕 북촌마을 길,4.0,제주특별자치도
20503,h000549,너븐숭이4.3기념관,2.6666666666666665,제주특별자치도
20504,h000549,비자림,3.6666666666666665,제주특별자치도
20505,h000549,다랑쉬 오름,4.666666666666667,제주특별자치도
20506,h000549,월정리 해수욕장,3.6666666666666665,제주특별자치도
20507,h000551,노형수퍼마켙,4.0,제주특별자치도
20508,h000551,제주동문시장,3.0,제주특별자치도
20509,h000553,비자림,5.0,제주특별자치도
20510,h000553,여름 문구사,4.0,제주특별자치도
20511,h000553,책 약방,3.3333333333333335,
20512,h000553,섭지코지 전망대,4.333333333333333,제주특별자치도
20513,h000553,백약이 오름,4.333333333333333,제주특별자치도
20514,h000553,서어봉,5.0,제주특별자치도
20515,h000553,성산일출봉,4.333333333333333,제주특별자치도
20516,h000553,섭지코지,4.666666666666667,제주특별자치도
20517,h000553,세화해변,5.0,제주특별자치도
20518,h000553,관덕정,4.0,제주특별자치도
20519,h000553,탑동 해안로,5.0,
20520,h000553,제주목 관아,4.0,제주특별자치도
20521,h000553,동백동산 습지센터,5.0,제주특별자치도
20522,h000553,다랑쉬 오름,5.0,제주특별자치도
20523,h000553,김녕해수욕장,5.0,제주특별자치도
20524,h000553,김녕해수욕장,5.0,제주특별자치도
20525,h000553,탑동 해안로,5.0,
20526,h000553,도두봉,5.0,제주특별자치도
20527,h000555,제주동문시장,4.333333333333333,제주특별자치도
20528,h000555,함덕해수욕장,4.0,제주특별자치도
20529,h000555,사라봉,4.0,제주특별자치도
20530,h000555,삼양해수욕장,5.0,제주특별자치도
20531,h000557,함덕해수욕장,5.0,제주특별자치도
20532,h000557,함덕해수욕장,5.0,제주특별자치도
20533,h000571,제주 기념품 가게 올레 파머스 함덕,4.0,제주특별자치도
20534,h000571,함덕해수욕장,4.0,제주특별자치도
20535,h000571,애월 카페거리,4.0,제주특별자치도
20536,h000571,용연 구름다리,4.0,제주특별자치도
20537,h000574,용연 구름다리,4.0,제주특별자치도
20538,h000574,연화지,4.666666666666667,제주특별자치도
20539,h000580,서귀포 매일 올레시장,5.0,제주특별자치도
20540,h000580,쇠소깍,5.0,제주특별자치도
20541,h000581,스누피가든,5.0,제주특별자치도
20542,h000581,아쿠아 플라넷 제주,5.0,제주특별자치도
20543,h000581,함덕해수욕장,5.0,제주특별자치도
20544,h000581,비케이브,4.0,제주특별자치도
20545,h000583,비밀의 숲,5.0,제주특별자치도
20546,h000583,블루 보틀 제주 카페,4.333333333333333,제주특별자치도
20547,h000583,빛의 벙커,5.0,제주특별자치도
20548,h000583,월정리 해수욕장,5.0,제주특별자치도
20549,h000583,함덕해수욕장,5.0,제주특별자치도
20550,h000583,휴애리 자연생활공원,5.0,제주특별자치도
20551,h000583,오설록 티 뮤지엄,5.0,제주특별자치도
20552,h000584,제주동문재래시장,2.0,제주특별자치도
20553,h000584,이마트 서귀포점,4.333333333333333,제주특별자치도
20554,h000584,제주 곶자왈 도립공원,5.0,제주특별자치도
20555,h000584,오설록 티 뮤지엄,5.0,제주특별자치도
20556,h000584,제주시 민속 오일 시장,3.3333333333333335,제주특별자치도
20557,h000584,삼양해수욕장,4.0,제주특별자치도
20558,h000584,사계해변,5.0,제주특별자치도
20559,h000584,제주 투사관,5.0,제주특별자치도
20560,h000585,방주교회,4.0,제주특별자치도
20561,h000585,함덕해수욕장,5.0,제주특별자치도
20562,h000585,스누피가든,4.0,제주특별자치도
20563,h000585,곽지해수욕장,4.0,제주특별자치도
20564,h000585,금능해수욕장,4.0,제주특별자치도
20565,h000585,제주 월령리 선인장 군락,4.0,제주특별자치도
20566,h000585,렛츠런파크 제주,3.3333333333333335,제주특별자치도
20567,h000585,한라수목원,3.0,제주특별자치도
20568,h000585,함덕해수욕장,5.0,제주특별자치도
20569,h000588,사려니숲길,4.666666666666667,제주특별자치도
20570,h000588,캐니언 파크 제주점,3.6666666666666665,제주특별자치도
20571,h000588,CGV 제주,3.0,제주특별자치도
20572,h000589,뽀로로 앤 타요 테마파크 제주,3.0,제주특별자치도
20573,h000589,제주항공 우주 박물관,3.6666666666666665,제주특별자치도
20574,h000589,신화 테마파크,3.0,제주특별자치도
20575,h000589,신화 워터파크,5.0,제주특별자치도
20576,h000590,곽지해수욕장,3.0,제주특별자치도
20577,h000590,마이테르수영장,3.3333333333333335,제주특별자치도
20578,h000590,마이테르수영장,3.0,제주특별자치도
20579,h000592,제주시 민속 오일 시장,5.0,제주특별자치도
20580,h000592,도두동 무지개 해안도로,5.0,제주특별자치도
20581,h000592,애슐리 퀸즈 켄싱턴리조트 서귀포점,2.3333333333333335,제주특별자치도
20582,h000592,중문 대표 주상절리대,5.0,제주특별자치도
20583,h000595,카멜리아힐,4.0,제주특별자치도
20584,h000595,섭지코지,4.0,제주특별자치도
20585,h000595,우도,5.0,제주특별자치도
20586,h000595,빛의 벙커,5.0,제주특별자치도
20587,h000595,광치기 해변,4.0,제주특별자치도
20588,h000595,만장굴,4.0,제주특별자치도
20589,h000597,함덕해수욕장,5.0,제주특별자치도
20590,h000597,와흘메밀농촌체험휴양마을,5.0,제주특별자치도
20591,h000597,송악산 둘레길,5.0,제주특별자치도
20592,h000597,원 앤 온리,4.0,제주특별자치도
20593,h000597,더클리프,4.0,제주특별자치도
20594,h000597,월정리 해수욕장,5.0,제주특별자치도
20595,h000597,김녕해수욕장,5.0,제주특별자치도
20596,h000599,베릿내오름,4.0,제주특별자치도
20597,h000599,답다니 수국밭,4.0,제주특별자치도
20598,h000599,숨도,5.0,제주특별자치도
20599,h000599,서귀포 치유의 숲,4.0,제주특별자치도
20600,h000599,윈드 1947카트 테마파크,5.0,제주특별자치도
20601,h000599,서귀포 매일 올레시장,4.0,제주특별자치도
20602,h000599,혼인지,4.333333333333333,제주특별자치도
20603,h000599,함덕해수욕장,4.0,제주특별자치도
20604,h000599,붉은 오름 자연휴양림,5.0,제주특별자치도
20605,h000599,사려니숲길,4.333333333333333,제주특별자치도
20606,h000599,종달리 수국길,5.0,제주특별자치도
20607,h000601,도두동 무지개 해안도로,5.0,제주특별자치도
20608,h000601,제주동문시장,4.666666666666667,제주특별자치도
20609,h000601,피크닉엔 와인 월정,2.3333333333333335,제주특별자치도
20610,h000601,월정리 해수욕장,5.0,제주특별자치도
20611,h000601,피크닉엔 와인 월정,2.3333333333333335,제주특별자치도
20612,h000601,김녕킹마트,5.0,제주특별자치도
20613,h000602,롯데마트 제주점,2.6666666666666665,제주특별자치도
20614,h000602,김녕해수욕장,5.0,제주특별자치도
20615,h000602,아쿠아 플라넷 제주,3.3333333333333335,제주특별자치도
20616,h000602,서귀포 매일 올레시장,4.0,제주특별자치도
20617,h000602,카멜리아힐,3.3333333333333335,제주특별자치도
20618,h000602,점보빌리지,2.3333333333333335,제주특별자치도
20619,h000602,신화 워터파크,5.0,제주특별자치도
20620,h000602,자매 국수,5.0,제주특별자치도
20621,h000602,도두동 무지개 해안도로,5.0,제주특별자치도
20622,h000603,큰엉,3.3333333333333335,제주특별자치도
20623,h000603,금호리조트 제주 아쿠아나,2.0,제주특별자치도
20624,h000603,제주동문시장,3.0,제주특별자치도
20625,h000603,우도,3.0,제주특별자치도
20626,h000603,우도,4.0,제주특별자치도
20627,h000603,혼인지,3.6666666666666665,제주특별자치도
20628,h000603,스카이 워터쇼,2.6666666666666665,제주특별자치도
20629,h000603,사려니숲길,4.0,제주특별자치도
20630,h000603,김녕해수욕장,5.0,제주특별자치도
20631,h000609,서어봉 산책로,5.0,제주특별자치도
20632,h000609,윗세오름,5.0,제주특별자치도
20633,h000609,항파두리 항몽 유적지,3.3333333333333335,제주특별자치도
20634,h000609,해비치 호텔&리조트 제주,4.0,제주특별자치도
20635,h000609,소노캄 제주,3.0,제주특별자치도
20636,h000609,윈드 1947카트 테마파크,3.0,제주특별자치도
20637,h000609,산양큰엉곶,1.3333333333333333,제주특별자치도
20638,h000609,숨도,3.0,제주특별자치도
20639,h000614,새별 오름,5.0,제주특별자치도
20640,h000614,숨도,5.0,제주특별자치도
20641,h000614,허니문하우스,3.0,제주특별자치도
20642,h000615,프리다이빙 제주바당,5.0,제주특별자치도
20643,h000615,소천지,5.0,제주특별자치도
20644,h000615,프리다이빙 제주바당,5.0,제주특별자치도
20645,h000615,프리다이빙 제주바당,5.0,제주특별자치도
20646,h000615,정방폭포,5.0,제주특별자치도
20647,h000615,소천지,5.0,제주특별자치도
20648,h000615,프리다이빙 제주바당,5.0,제주특별자치도
20649,h000615,프리다이빙 제주바당,5.0,제주특별자치도
20650,h000615,소천지,5.0,제주특별자치도
20651,h000616,외돌개,4.666666666666667,제주특별자치도
20652,h000616,천지연폭포,4.0,제주특별자치도
20653,h000617,엉또폭포,5.0,제주특별자치도
20654,h000617,연동,3.0,제주특별자치도
20655,h000617,사계해변,5.0,제주특별자치도
20656,h000619,용연계곡,3.6666666666666665,제주특별자치도
20657,h000619,도두봉,4.0,제주특별자치도
20658,h000619,노형수퍼마켙,4.333333333333333,제주특별자치도
20659,h000619,협재해수욕장,5.0,제주특별자치도
20660,h000619,금오름,5.0,제주특별자치도
20661,h000620,이호 테우해수욕장,4.0,제주특별자치도
20662,h000620,9.81파크,5.0,제주특별자치도
20663,h000620,항파두리 항몽 유적지,4.333333333333333,제주특별자치도
20664,h000620,금능해수욕장,4.0,제주특별자치도
20665,h000620,호텔 샌드,5.0,제주특별자치도
20666,h000620,건강과 성 박물관,4.0,제주특별자치도
20667,h000620,루나폴,5.0,제주특별자치도
20668,h000620,랜디스 도넛 제주 애월점,2.0,제주특별자치도
20669,h000620,금능해수욕장,3.3333333333333335,제주특별자치도
20670,h000620,금오름,4.0,제주특별자치도
20671,h000624,보롬왓,4.0,제주특별자치도
20672,h000624,아쿠아 플라넷 제주,2.6666666666666665,제주특별자치도
20673,h000624,표선해수욕장,5.0,제주특별자치도
20674,h000624,답다니 수국밭,5.0,제주특별자치도
20675,h000624,신화 테마파크,1.6666666666666667,제주특별자치도
20676,h000624,금능해수욕장,5.0,제주특별자치도
20677,h000624,마농 르블랑,3.0,제주특별자치도
20678,h000624,환상숲 곶자왈 공원,5.0,제주특별자치도
20679,h000624,금능해수욕장,5.0,제주특별자치도
20680,h000627,제주동문재래시장,4.333333333333333,제주특별자치도
20681,h000627,신화 테마파크,5.0,제주특별자치도
20682,h000627,신화 워터파크,5.0,제주특별자치도
20683,h000627,신화 워터파크,5.0,제주특별자치도
20684,h000627,도두동 무지개 해안도로,5.0,제주특별자치도
20685,h000627,도두동 무지개 해안도로,5.0,제주특별자치도
20686,h000628,우도,5.0,제주특별자치도
20687,h000628,백약이 오름,5.0,제주특별자치도
20688,h000628,성산일출봉,5.0,제주특별자치도
20689,h000628,월정서핑 랑서프,5.0,제주특별자치도
20690,h000629,사계해변,5.0,제주특별자치도
20691,h000629,소정방폭포,5.0,제주특별자치도
20692,h000629,비밀의 숲,5.0,
20693,h000629,서귀포 매일 올레시장,5.0,제주특별자치도
20694,h000630,새연교,5.0,제주특별자치도
20695,h000630,화순금모래해수욕장,5.0,제주특별자치도
20696,h000630,지금 이 순간,5.0,제주특별자치도
20697,h000635,삼양해수욕장,5.0,제주특별자치도
20698,h000635,삼양해수욕장,4.666666666666667,제주특별자치도
20699,h000635,삼양해수욕장,4.666666666666667,제주특별자치도
20700,h000635,함덕해수욕장,5.0,제주특별자치도
20701,h000635,제주동문시장,3.3333333333333335,제주특별자치도
20702,h000635,이마트 제주점,5.0,제주특별자치도
20703,h000637,우도,4.333333333333333,제주특별자치도
20704,h000637,윈드 1947카트 테마파크,5.0,제주특별자치도
20705,h000637,황이지 해안,4.333333333333333,제주특별자치도
20706,h000637,제주 월령리 선인장 군락,5.0,제주특별자치도
20707,h000637,신창 풍차 해안,5.0,제주특별자치도
20708,h000637,제주동문시장,4.0,제주특별자치도
20709,h000638,신흥동 일본식 가옥,5.0,전북
20710,h000638,군산근대역사박물관,5.0,전북
20711,h000638,군산 월명공원,5.0,전북
20712,h000638,대장봉,5.0,전북
20713,h000638,장자도,5.0,전북
20714,h000638,선유도해수욕장,5.0,전북
20715,h000638,옥돌해수욕장,5.0,전북
20716,h000638,선유도,3.3333333333333335,전북
20717,h000638,무녀도,5.0,전북
20718,h000638,은파호수공원,4.666666666666667,전북
20719,h000645,신도포구,5.0,제주특별자치도
20720,h000645,목장 카페 밭디,5.0,제주특별자치도
20721,h000645,성산일출봉,5.0,제주특별자치도
20722,h000645,신양섭지해수욕장,3.0,제주특별자치도
20723,h000645,스카이 워터쇼,4.0,제주특별자치도
20724,h000645,협재해수욕장,5.0,제주특별자치도
20725,h000647,대기봉,5.0,경남
20726,h000647,욕지도 제1출렁 다리,5.0,경남
20727,h000647,연화도,5.0,경남
20728,h000647,연화도,3.0,경남
20729,h000647,욕지도 제1출렁 다리,5.0,
20730,h000647,서호 시장,5.0,경남
20731,h000648,제주동문재래시장,4.333333333333333,제주특별자치도
20732,h000648,함덕해수욕장,4.0,제주특별자치도
20733,h000648,월정리 해수욕장,5.0,제주특별자치도
20734,h000648,비밀의 숲,4.0,제주특별자치도
20735,h000648,성산일출봉,5.0,제주특별자치도
20736,h000648,월정리 해수욕장,5.0,제주특별자치도
20737,h000648,올레 야시장,3.0,제주특별자치도
20738,h000648,송악산,4.0,제주특별자치도
20739,h000648,두구리알,4.0,제주특별자치도
20740,h000648,아베베 베이커리,5.0,제주특별자치도
20741,h000648,제주동문재래시장,5.0,제주특별자치도
20742,h000649,이순신광장,4.0,전남
20743,h000649,아르떼 뮤지엄 여수,4.333333333333333,전남
20744,h000649,장도,4.666666666666667,전남
20745,h000649,장도 아트카페,4.0,전남
20746,h000649,백야도,4.0,전남
20747,h000652,아르떼 뮤지엄 제주,4.0,제주특별자치도
20748,h000652,신창 풍차 해안,4.0,제주특별자치도
20749,h000652,박수기정,3.0,제주특별자치도
20750,h000652,소천지,4.0,제주특별자치도
20751,h000652,서귀포 매일 올레시장,3.0,제주특별자치도
20752,h000653,김경숙해바라기농장,4.0,제주특별자치도
20753,h000653,아부오름,4.666666666666667,제주특별자치도
20754,h000653,아쿠아 플라넷 제주,4.666666666666667,제주특별자치도
20755,h000653,성산일출 해양도립공원,4.666666666666667,제주특별자치도
20756,h000653,종달리 수국길,4.0,제주특별자치도
20757,h000656,금오름,3.6666666666666665,제주특별자치도
20758,h000656,김서프제주,4.0,제주특별자치도
20759,h000656,행원 해변,4.0,제주특별자치도
20760,h000660,함덕해수욕장,5.0,제주특별자치도
20761,h000660,김녕해수욕장,5.0,제주특별자치도
20762,h000660,판포 포구,4.0,제주특별자치도
20763,h000660,피겨 뮤지엄 제주,4.333333333333333,제주특별자치도
20764,h000660,신화 워터파크,4.0,제주특별자치도
20765,h000660,제주동문공설시장,5.0,제주특별자치도
20766,h000665,죽도 시장,4.0,경북
20767,h000665,호미곶,3.6666666666666665,경북
20768,h000665,태하 향목 관광모노레일,4.333333333333333,경북
20769,h000665,독도,4.333333333333333,경북
20770,h000665,성인봉 봉래폭포,4.0,경북
20771,h000665,행남해안산책로,4.0,경북
20772,h000665,천부해 중전 망대,2.0,경북
20773,h000667,김녕해수욕장,5.0,제주특별자치도
20774,h000667,우도,4.666666666666667,제주특별자치도
20775,h000667,우도,3.6666666666666665,제주특별자치도
20776,h000667,협재해수욕장,5.0,제주특별자치도
20777,h000667,애월농협 하나로마트,4.0,제주특별자치도
20778,h000669,한산대첩 광장,3.0,경남
20779,h000673,금오름,5.0,제주특별자치도
20780,h000673,사계해변,5.0,제주특별자치도
20781,h000673,서귀포 매일 올레시장,5.0,제주특별자치도
20782,h000673,남원큰엉해변,5.0,제주특별자치도
20783,h000673,천제연폭포,5.0,제주특별자치도
20784,h000673,중문 대표 주상절리대,5.0,제주특별자치도
20785,h000673,이호 테우해수욕장,5.0,제주특별자치도
20786,h000673,제주동문재래시장,5.0,제주특별자치도
20787,h000674,휴애리 자연생활공원,5.0,제주특별자치도
20788,h000674,서귀포 매일 올레시장,5.0,제주특별자치도
20789,h000674,한라산국립공원,5.0,제주특별자치도
20790,h000674,우도,5.0,제주특별자치도
20791,h000674,제주동문재래시장,5.0,제주특별자치도
20792,h000674,아르떼 뮤지엄 제주,5.0,제주특별자치도
20793,h000676,레이저 서바이벌 M,5.0,제주특별자치도
20794,h000676,함덕해수욕장,5.0,제주특별자치도
20795,h000676,서어봉 산책로,5.0,제주특별자치도
20796,h000676,용두암,5.0,제주특별자치도
20797,h000676,제주동문재래시장,3.6666666666666665,제주특별자치도
20798,h000676,도두동 무지개 해안도로,5.0,제주특별자치도
20799,h000676,도두봉,5.0,제주특별자치도
20800,h000676,이호 테우해수욕장,5.0,제주특별자치도
20801,h000677,제주 중문 관광단지,3.3333333333333335,제주특별자치도
20802,h000677,표선해수욕장,3.3333333333333335,제주특별자치도
20803,h000677,서귀포 매일 올레시장,4.0,제주특별자치도
20804,h000677,중문색달해수욕장,3.3333333333333335,제주특별자치도
20805,h000678,금오름,5.0,제주특별자치도
20806,h000678,협재해수욕장,5.0,제주특별자치도
20807,h000678,비체올린,3.0,제주특별자치도
20808,h000678,제주아트서커스,5.0,제주특별자치도
20809,h000678,제주관광공사 지정면세점,3.0,제주특별자치도
20810,h000678,카멜리아힐,5.0,제주특별자치도
20811,h000678,점보빌리지,3.0,제주특별자치도
20812,h000683,성산일출봉,5.0,제주특별자치도
20813,h000683,김영갑갤러리 두모악,5.0,제주특별자치도
20814,h000683,백약이 오름,3.6666666666666665,제주특별자치도
20815,h000689,함덕해수욕장,5.0,제주특별자치도
20816,h000689,함덕 돌핀 레저 본사,5.0,제주특별자치도
20817,h000689,서어봉 산책로,5.0,제주특별자치도
20818,h000689,비자림,5.0,제주특별자치도
20819,h000689,제주아트서커스,5.0,제주특별자치도
20820,h000689,환상숲 곶자왈 공원,5.0,제주특별자치도
20821,h000689,환상숲 곶자왈 공원,5.0,제주특별자치도
20822,h000689,더마파크,5.0,제주특별자치도
20823,h000689,금오름,5.0,제주특별자치도
20824,h000690,아베베 베이커리,5.0,제주특별자치도
20825,h000690,연동,2.6666666666666665,제주특별자치도
20826,h000690,오설록 티 뮤지엄,4.333333333333333,제주특별자치도
20827,h000690,판포 포구,4.0,제주특별자치도
20828,h000690,협재해수욕장,4.333333333333333,제주특별자치도
20829,h000690,판포 포구,5.0,제주특별자치도
20830,h000690,협재해수욕장,4.0,제주특별자치도
20831,h000691,김녕해수욕장,4.333333333333333,제주특별자치도
20832,h000691,인카페 온 더 비치,3.0,제주특별자치도
20833,h000691,함덕해수욕장,5.0,제주특별자치도
20834,h000691,서어봉,5.0,제주특별자치도
20835,h000691,마방목지,3.0,제주특별자치도
20836,h000691,제주동문재래시장,4.0,제주특별자치도
20837,h000691,이호 테우 등대,4.0,제주특별자치도
20838,h000693,혼인지,5.0,제주특별자치도
20839,h000701,쇠소깍 전통 나룻배 카약 체험 지점,5.0,제주특별자치도
20840,h000701,카멜리아힐,5.0,제주특별자치도
20841,h000701,서귀포 매일 올레시장,5.0,제주특별자치도
20842,h000701,코난 비치,5.0,
20843,h000701,카페글렌코,5.0,제주특별자치도
20844,h000701,비밀의 숲,5.0,제주특별자치도
20845,h000701,성산일출봉,5.0,제주특별자치도
20846,h000703,비양도,4.0,제주특별자치도
20847,h000703,우도,4.666666666666667,제주특별자치도
20848,h000703,비자림,4.666666666666667,제주특별자치도
20849,h000703,제주동문공설시장,4.333333333333333,제주특별자치도
20850,h000703,수월봉,5.0,제주특별자치도
20851,h000703,두구리알,4.0,제주특별자치도
20852,h000703,아르떼 뮤지엄 제주,4.0,제주특별자치도
20853,h000703,스누피가든,5.0,제주특별자치도
20854,h000703,교래자연휴양림,4.0,제주특별자치도
20855,h000703,제주동문공설시장,4.333333333333333,제주특별자치도
20856,h000703,바이 제주,2.6666666666666665,제주특별자치도
20857,h000705,마마롱,5.0,제주특별자치도
20858,h000705,곽지해수욕장,5.0,제주특별자치도
20859,h000705,협재해수욕장,5.0,제주특별자치도
20860,h000705,인스밀,5.0,제주특별자치도
20861,h000705,사계해변,5.0,제주특별자치도
20862,h000705,풀베기,5.0,제주특별자치도
20863,h000705,금오름,5.0,제주특별자치도
20864,h000705,곽지해수욕장,5.0,제주특별자치도
20865,h000707,함덕해수욕장,5.0,제주특별자치도
20866,h000707,금오름,5.0,제주특별자치도
20867,h000707,우도,5.0,제주특별자치도
20868,h000707,지미 수우도 보트 관광,5.0,제주특별자치도
20869,h000707,우도,5.0,제주특별자치도
20870,h000707,제주동문재래시장,5.0,제주특별자치도
20871,h000707,제주 카약 올레,5.0,제주특별자치도
20872,h000707,애월 카페거리,5.0,제주특별자치도
20873,h000707,9.81파크,5.0,제주특별자치도
20874,h000707,오설록 티 뮤지엄,5.0,제주특별자치도
20875,h000707,박물관은 살아있다 제주 중문점,3.3333333333333335,제주특별자치도
20876,h000707,아르떼 뮤지엄 제주,5.0,제주특별자치도
20877,h000707,새별 오름,5.0,제주특별자치도
20878,h000707,더클리프,5.0,제주특별자치도
20879,h000707,개 이름,3.6666666666666665,제주특별자치도
20880,h000707,스누피가든,5.0,제주특별자치도
20881,h000713,함덕해수욕장,5.0,제주특별자치도
20882,h000713,서프라이즈 테마파크,5.0,제주특별자치도
20883,h000713,점보빌리지,5.0,제주특별자치도
20884,h000713,더마파크,5.0,제주특별자치도
20885,h000713,뽀로로 앤 타요 테마파크 제주,5.0,제주특별자치도
20886,h000716,테디베어 하우스 테지움 제주점,3.3333333333333335,제주특별자치도
20887,h000716,이마트 서귀포점,5.0,제주특별자치도
20888,h000716,사건도,4.0,제주특별자치도
20889,h000716,카멜리아힐,4.0,제주특별자치도
20890,h000716,외돌개,5.0,제주특별자치도
20891,h000716,서귀포 매일 올레시장,5.0,제주특별자치도
20892,h000716,아쿠아 플라넷 제주,5.0,제주특별자치도
20893,h000717,사라봉,5.0,제주특별자치도
20894,h000719,이호 테우해수욕장,5.0,제주특별자치도
20895,h000719,노형수퍼마켙,5.0,제주특별자치도
20896,h000719,아르떼 뮤지엄 제주,4.333333333333333,제주특별자치도
20897,h000719,알자 크지 해변,4.0,제주특별자치도
20898,h000719,제주 돌 문화공원,5.0,제주특별자치도
20899,h000719,함덕해수욕장,5.0,제주특별자치도
20900,h000722,산방산,4.666666666666667,제주특별자치도
20901,h000723,용연 구름다리,5.0,제주특별자치도
20902,h000723,테디베어 하우스 테지움 제주점,5.0,제주특별자치도
20903,h000723,새별 오름,5.0,제주특별자치도
20904,h000723,금능해수욕장,5.0,제주특별자치도
20905,h000723,더피플,5.0,제주특별자치도
20906,h000723,제주목 관아,5.0,제주특별자치도
20907,h000723,제주동문재래시장,5.0,제주특별자치도
20908,h000724,천제연폭포,5.0,제주특별자치도
20909,h000724,여미지식물원,5.0,제주특별자치도
20910,h000724,박수기정,5.0,제주특별자치도
20911,h000724,제주 투사관,5.0,제주특별자치도
20912,h000724,수월봉,5.0,제주특별자치도
20913,h000724,저지 오름,5.0,제주특별자치도
20914,h000724,제주현대미술관,5.0,제주특별자치도
20915,h000724,문화 예술 공공수장고,4.666666666666667,제주특별자치도
20916,h000724,약천사,5.0,제주특별자치도
20917,h000724,넥슨 컴퓨터 박물관,3.6666666666666665,제주특별자치도
20918,h000725,이호 테우해수욕장,5.0,제주특별자치도
20919,h000725,도두봉,5.0,제주특별자치도
20920,h000734,김녕해수욕장,5.0,제주특별자치도
20921,h000734,도두봉,3.3333333333333335,제주특별자치도
20922,h000734,미유 애월점,4.0,제주특별자치도
20923,h000734,협재해수욕장,5.0,제주특별자치도
20924,h000734,항파두리 항몽 유적지 나 홀로 나무,2.3333333333333335,제주특별자치도
20925,h000734,제주동문시장,5.0,제주특별자치도
20926,h000734,사계해변,3.0,제주특별자치도
20927,h000734,답다니 수국밭,2.3333333333333335,제주특별자치도
20928,h000739,이호 테우해수욕장,4.666666666666667,제주특별자치도
20929,h000739,돌 염전,2.6666666666666665,제주특별자치도
20930,h000739,금오름,5.0,제주특별자치도
20931,h000739,금능해수욕장,5.0,제주특별자치도
20932,h000739,금능해수욕장,5.0,제주특별자치도
20933,h000739,마농 르블랑,5.0,제주특별자치도
20934,h000739,안덕계곡,3.3333333333333335,제주특별자치도
20935,h000739,사계해변,3.3333333333333335,제주특별자치도
20936,h000739,금능해수욕장,5.0,제주특별자치도
20937,h000740,혼인지,5.0,제주특별자치도
20938,h000740,올레길 2코스(광치기-온평 올레),5.0,제주특별자치도
20939,h000740,올레길 1코스(시흥-광치기 올레),5.0,제주특별자치도
20940,h000740,식산봉,5.0,제주특별자치도
20941,h000740,아부오름,2.3333333333333335,제주특별자치도
20942,h000740,넥슨 컴퓨터 박물관,4.0,제주특별자치도
20943,h000740,신화 테마파크,3.0,제주특별자치도
20944,h000740,원 앤 온리,4.0,제주특별자치도
20945,h000740,송악산 둘레길,4.0,제주특별자치도
20946,h000740,신화 테마파크,3.6666666666666665,제주특별자치도
20947,h000740,신화 워터파크,4.0,제주특별자치도
20948,h000740,윗세오름,5.0,제주특별자치도
20949,h000740,신화 워터파크,4.0,제주특별자치도
20950,h000740,환상숲 곶자왈 공원,5.0,제주특별자치도
20951,h000742,뽀로로 앤 타요 테마파크 제주,5.0,제주특별자치도
20952,h000742,함덕해수욕장,5.0,제주특별자치도
20953,h000742,함덕해수욕장,5.0,제주특별자치도
20954,h000742,스누피가든,5.0,제주특별자치도
20955,h000742,스누피가든,5.0,제주특별자치도
20956,h000742,제주동문재래시장,5.0,제주특별자치도
20957,h000742,용두암,5.0,제주특별자치도
20958,h000742,제주 국제공항,5.0,제주특별자치도
20959,h000745,우도,4.666666666666667,제주특별자치도
20960,h000745,아침미소목장,3.3333333333333335,제주특별자치도
20961,h000745,휴애리 자연생활공원,4.0,제주특별자치도
20962,h000745,유드림마트 함덕점,3.3333333333333335,제주특별자치도
20963,h000745,제주해양 동물 박물관,3.6666666666666665,제주특별자치도
20964,h000745,드르쿰다in성산,2.6666666666666665,제주특별자치도
20965,h000753,서귀포 매일 올레시장,3.0,제주특별자치도
20966,h000753,답다니 수국밭,3.6666666666666665,제주특별자치도
20967,h000753,약천사,5.0,제주특별자치도
20968,h000753,천제연폭포,3.0,제주특별자치도
20969,h000753,한담 해안산책로,5.0,제주특별자치도
20970,h000756,김녕떠오르길,4.0,제주특별자치도
20971,h000756,델문도,4.0,제주특별자치도
20972,h000756,함덕해수욕장,3.3333333333333335,제주특별자치도
20973,h000756,제주민속촌,2.3333333333333335,제주특별자치도
20974,h000756,표선해수욕장,5.0,제주특별자치도
20975,h000756,광치기 해변,5.0,제주특별자치도
20976,h000756,성산일출봉,4.666666666666667,제주특별자치도
20977,h000756,고흐의 정원,4.0,제주특별자치도
20978,h000759,창고 만난 돌,3.3333333333333335,제주특별자치도
20979,h000759,청굴물,3.6666666666666665,제주특별자치도
20980,h000759,우도,4.333333333333333,제주특별자치도
20981,h000759,톨칸이해변,4.0,제주특별자치도
20982,h000759,우도봉,3.0,제주특별자치도
20983,h000759,우도,5.0,제주특별자치도
20984,h000759,비양도,3.3333333333333335,제주특별자치도
20985,h000759,섭지코지,3.3333333333333335,제주특별자치도
20986,h000759,오저여,4.333333333333333,제주특별자치도
20987,h000759,김녕해수욕장,4.666666666666667,제주특별자치도
20988,h000759,도두동 무지개 해안도로,4.0,제주특별자치도
20989,h000759,지그 라나다,4.333333333333333,제주특별자치도
20990,h000760,이호 테우해수욕장,5.0,제주특별자치도
20991,h000760,피겨 뮤지엄 제주,5.0,제주특별자치도
20992,h000760,박물관은 살아있다 제주 중문점,5.0,제주특별자치도
20993,h000760,서귀포 매일 올레시장,3.0,제주특별자치도
20994,h000760,제주민속촌,3.6666666666666665,제주특별자치도
20995,h000760,표선해수욕장,4.0,제주특별자치도
20996,h000760,아쿠아 플라넷 제주,5.0,제주특별자치도
20997,h000760,성산일출봉,4.0,제주특별자치도
20998,h000760,김녕떠오르길,5.0,
20999,h000760,에코랜드 테마파크,5.0,제주특별자치도
21000,h000761,금능해수욕장,4.666666666666667,
21001,h000761,한라산국립공원 어승생악 탐방로,2.0,제주특별자치도
21002,h000761,한라수목원,4.333333333333333,제주특별자치도
21003,h000761,서프라이즈 테마파크,2.3333333333333335,제주특별자치도
21004,h000761,넥슨 컴퓨터 박물관,2.6666666666666665,제주특별자치도
21005,h000763,한남시험림 탐방,5.0,제주특별자치도
21006,h000763,혼인지,5.0,제주특별자치도
21007,h000763,애월항,4.0,제주특별자치도
21008,h000763,용두암,3.0,제주특별자치도
21009,h000765,산지천,4.0,제주특별자치도
21010,h000765,용연 구름다리,4.0,제주특별자치도
21011,h000765,관덕정,4.0,제주특별자치도
21012,h000765,영실 입구 주차장,5.0,제주특별자치도
21013,h000765,윗세오름,5.0,제주특별자치도
21014,h000765,영실 입구 주차장,5.0,제주특별자치도
21015,h000765,혼인지,4.0,제주특별자치도
21016,h000765,별 방진,4.0,제주특별자치도
21017,h000765,김녕해수욕장,4.0,제주특별자치도
21018,h000765,성산일출봉,4.0,제주특별자치도
21019,h000765,오조포구,3.0,제주특별자치도
21020,h000765,송당 무끈모루,3.0,제주특별자치도
21021,h000765,카페글렌코,4.0,제주특별자치도
21022,h000765,절물자연휴양림,3.6666666666666665,제주특별자치도
21023,h000765,남국사,4.0,제주특별자치도
21024,h000765,이호 테우해수욕장,4.0,제주특별자치도
21025,h000768,새별 오름,4.0,제주특별자치도
21026,h000768,성이시돌목장,3.0,제주특별자치도
21027,h000768,금능해수욕장,4.0,제주특별자치도
21028,h000768,항파두리 항몽 유적지,3.3333333333333335,제주특별자치도
21029,h000768,곽지해수욕장,4.0,제주특별자치도
21030,h000768,협재해수욕장,4.0,제주특별자치도
21031,h000768,저지 오름,4.0,제주특별자치도
21032,h000768,제주현대미술관,4.0,제주특별자치도
21033,h000768,판포 포구,4.0,제주특별자치도
21034,h000768,송악산 둘레길,5.0,제주특별자치도
21035,h000768,이중섭미술관,4.0,제주특별자치도
21036,h000768,황이지 선녀탕,5.0,제주특별자치도
21037,h000768,서귀포 매일 올레시장,2.3333333333333335,제주특별자치도
21038,h000768,감귤 박물관,4.0,제주특별자치도
21039,h000768,엉또폭포,4.0,제주특별자치도
21040,h000768,제주 4.3평화공원,4.0,제주특별자치도
21041,h000768,제주목 관아,4.0,제주특별자치도
21042,h000768,제주동문재래시장,4.0,제주특별자치도
21043,h000771,남국사,4.0,제주특별자치도
21044,h000771,한담 해안산책로,5.0,제주특별자치도
21045,h000771,미쁜 제과,4.333333333333333,제주특별자치도
21046,h000771,차귀도,3.3333333333333335,제주특별자치도
21047,h000771,마라도,5.0,제주특별자치도
21048,h000771,사계해변,4.666666666666667,제주특별자치도
21049,h000771,제주아트서커스,3.6666666666666665,제주특별자치도
21050,h000771,혼인지,4.0,제주특별자치도
21051,h000771,에코랜드 테마파크,5.0,제주특별자치도
21052,h000772,성산일출봉,4.666666666666667,제주특별자치도
21053,h000772,비자림,5.0,제주특별자치도
21054,h000772,교래자연휴양림,5.0,제주특별자치도
21055,h000772,한라산국립공원,5.0,제주특별자치도
21056,h000772,제주도립미술관,4.333333333333333,제주특별자치도
21057,h000772,스타벅스 제주 서해안로 DT점,4.0,
21058,h000773,함덕해수욕장,5.0,제주특별자치도
21059,h000773,아침미소목장,5.0,제주특별자치도
21060,h000773,도두동 무지개 해안도로,5.0,제주특별자치도
21061,h000781,김녕떠오르길,3.3333333333333335,제주특별자치도
21062,h000781,혼인지,4.0,제주특별자치도
21063,h000781,사계해변,5.0,제주특별자치도
21064,h000781,사계해변,4.0,제주특별자치도
21065,h000782,제주동문재래시장,4.0,제주특별자치도
21066,h000782,9.81파크,5.0,제주특별자치도
21067,h000782,가파도,5.0,
21068,h000782,오른(orrrn 옹알엔),5.0,제주특별자치도
21069,h000782,제주동문재래시장,5.0,제주특별자치도
21070,h000788,사진 놀이터,2.0,제주특별자치도
21071,h000788,금오름,2.0,제주특별자치도
21072,h000788,신창 풍차 해안도로,3.6666666666666665,제주특별자치도
21073,h000788,마농 르블랑,3.3333333333333335,제주특별자치도
21074,h000788,오설록 티 뮤지엄,5.0,제주특별자치도
21075,h000788,중문색달해수욕장,5.0,제주특별자치도
21076,h000789,성산일출봉,4.333333333333333,제주특별자치도
21077,h000789,혼인지,4.0,제주특별자치도
21078,h000789,표선해수욕장,4.333333333333333,제주특별자치도
21079,h000789,사계해변,3.6666666666666665,제주특별자치도
21080,h000789,원더 아일랜드,3.6666666666666665,제주특별자치도
21081,h000789,절물자연휴양림,5.0,제주특별자치도
21082,h000791,함덕해수욕장,5.0,제주특별자치도
21083,h000791,헬로 제주,2.6666666666666665,제주특별자치도
21084,h000791,혼인지,5.0,제주특별자치도
21085,h000791,함덕해수욕장,5.0,제주특별자치도
21086,h000791,서어봉 산책로,5.0,제주특별자치도
21087,h000794,선물가게 바나나,5.0,제주특별자치도
21088,h000794,논짓물해변,5.0,제주특별자치도
21089,h000794,마농 르블랑,2.6666666666666665,제주특별자치도
21090,h000794,금능해수욕장,5.0,제주특별자치도
21091,h000794,서귀포 매일 올레시장,3.3333333333333335,제주특별자치도
21092,h000794,허니문하우스,2.0,제주특별자치도
21093,h000794,신화 워터파크,5.0,제주특별자치도
21094,h000794,제주동문재래시장,3.0,제주특별자치도
21095,h000797,함덕해수욕장,5.0,제주특별자치도
21096,h000797,사려니숲길,5.0,제주특별자치도
21097,h000797,휴애리 자연생활공원,5.0,제주특별자치도
21098,h000797,쇠소깍,5.0,제주특별자치도
21099,h000797,천지연폭포,5.0,제주특별자치도
21100,h000797,테디베어뮤지엄 제주점,2.6666666666666665,제주특별자치도
21101,h000797,금오름,5.0,제주특별자치도
21102,h000799,헬로키티 아일랜드,3.6666666666666665,제주특별자치도
21103,h000800,함덕해수욕장,5.0,제주특별자치도
21104,h000800,함덕해수욕장,5.0,제주특별자치도
21105,h000800,함덕해수욕장,5.0,제주특별자치도
21106,h000800,함덕해수욕장,5.0,제주특별자치도
21107,h000805,이호 테우 등대,4.0,제주특별자치도
21108,h000805,소천지,4.666666666666667,제주특별자치도
21109,h000805,숨도,5.0,제주특별자치도
21110,h000805,답다니 수국밭,4.0,제주특별자치도
21111,h000805,산양큰엉곶,5.0,제주특별자치도
21112,h000805,사계해변,4.0,제주특별자치도
21113,h000805,가파도,5.0,제주특별자치도
21114,h000806,점보빌리지,5.0,제주특별자치도
21115,h000806,세계 자동차 피아노 박물관,5.0,제주특별자치도
21116,h000806,그랑블루 요트투어,2.6666666666666665,제주특별자치도
21117,h000806,사려니숲길,5.0,제주특별자치도
21118,h000806,제주동문시장,5.0,제주특별자치도
21119,h000806,에코랜드 테마파크,5.0,
21120,h000806,드르쿰다in성산,4.0,제주특별자치도
21121,h000806,아쿠아 플라넷 제주,5.0,제주특별자치도
21122,h000807,바이 제주,4.333333333333333,제주특별자치도
21123,h000807,랜디스 도넛 제주 애월점,1.0,제주특별자치도
21124,h000807,천지연폭포 주차장,4.666666666666667,제주특별자치도
21125,h000807,제주도 나이,3.3333333333333335,제주특별자치도
21126,h000807,보롬왓,5.0,제주특별자치도
21127,h000807,성산일출봉,5.0,제주특별자치도
21128,h000807,월정리 해수욕장,5.0,제주특별자치도
21129,h000810,한담 해안산책로,5.0,제주특별자치도
21130,h000810,오설록 티 뮤지엄,5.0,제주특별자치도
21131,h000810,카멜리아힐,5.0,제주특별자치도
21132,h000810,본태 박물관,5.0,제주특별자치도
21133,h000810,쇠소깍,5.0,제주특별자치도
21134,h000810,서귀포 매일 올레시장,5.0,제주특별자치도
21135,h000810,섭지코지,5.0,제주특별자치도
21136,h000810,빛의 벙커,5.0,제주특별자치도
21137,h000810,사려니숲길,5.0,제주특별자치도
21138,h000814,제주동문재래시장,5.0,제주특별자치도
21139,h000814,곽지해수욕장,5.0,제주특별자치도
21140,h000815,도두몰,3.0,제주특별자치도
21141,h000815,제주아트서커스,5.0,제주특별자치도
21142,h000815,점보빌리지,5.0,제주특별자치도
21143,h000815,산방산,2.3333333333333335,제주특별자치도
21144,h000815,금능해수욕장,4.666666666666667,제주특별자치도
21145,h000815,함덕해수욕장,5.0,제주특별자치도
21146,h000815,제주동문재래시장,3.0,제주특별자치도
21147,h000817,만두 상점,3.0,제주특별자치도
21148,h000817,정방폭포,3.0,제주특별자치도
21149,h000817,연동,5.0,제주특별자치도
21150,h000817,제주관광공사 지정면세점,4.0,제주특별자치도
21151,h000817,천제연폭포,4.0,제주특별자치도
21152,h000817,사계해변,3.0,제주특별자치도
21153,h000817,사려니숲길 입구,5.0,제주특별자치도
21154,h000817,남국사,3.0,제주특별자치도
21155,h000817,한담 몰,4.0,제주특별자치도
21156,h000817,송악산 둘레길,5.0,제주특별자치도
21157,h000817,천지연폭포,3.0,제주특별자치도
21158,h000817,아쿠아 플라넷 제주,4.333333333333333,제주특별자치도
21159,h000817,더 아일랜더,4.0,제주특별자치도
21160,h000819,성산일출봉 농협 하나로마트,5.0,제주특별자치도
21161,h000819,천지연폭포,5.0,제주특별자치도
21162,h000819,쇠소깍,5.0,제주특별자치도
21163,h000819,사려니숲길,5.0,제주특별자치도
21164,h000819,성산일출봉 농협 하나로마트,5.0,제주특별자치도
21165,h000819,성산일출봉,5.0,제주특별자치도
21166,h000819,함덕해수욕장,5.0,제주특별자치도
21167,h000821,한라수목원,2.0,제주특별자치도
21168,h000821,제주도립미술관,3.3333333333333335,제주특별자치도
21169,h000821,협재해수욕장,3.6666666666666665,제주특별자치도
21170,h000821,만장굴,4.666666666666667,제주특별자치도
21171,h000821,스누피가든,5.0,제주특별자치도
21172,h000821,백약이 오름,4.333333333333333,제주특별자치도
21173,h000821,아르떼 뮤지엄 제주,3.6666666666666665,제주특별자치도
21174,h000821,귤귤스토어 도두점,4.0,
21175,h000825,비자림,4.0,제주특별자치도
21176,h000826,도두동 무지개 해안도로,3.0,제주특별자치도
21177,h000826,함덕해수욕장,5.0,제주특별자치도
21178,h000826,제주 레포츠 랜드,5.0,제주특별자치도
21179,h000826,사려니숲길,5.0,제주특별자치도
21180,h000826,9.81파크,5.0,제주특별자치도
21181,h000829,제주 코코몽 에코파크,5.0,제주특별자치도
21182,h000829,뽀로로 앤 타요 테마파크 제주,5.0,제주특별자치도
21183,h000829,노티스 제주,5.0,제주특별자치도
21184,h000831,박물관은 살아있다 제주 중문점,3.6666666666666665,제주특별자치도
21185,h000831,산방산,3.6666666666666665,제주특별자치도
21186,h000831,금능해수욕장,3.6666666666666665,제주특별자치도
21187,h000831,곽지해수욕장,3.6666666666666665,제주특별자치도
21188,h000831,협재해수욕장,4.666666666666667,제주특별자치도
21189,h000831,제주특별자치도 민속자연사박물관,4.0,제주특별자치도
21190,h000832,혼인지,5.0,제주특별자치도
21191,h000832,선물가게 바나나,3.0,제주특별자치도
21192,h000832,제주관광공사 지정면세점,3.3333333333333335,제주특별자치도
21193,h000832,서귀포 매일 올레시장,3.3333333333333335,제주특별자치도
21194,h000832,바이 제주,2.3333333333333335,
21195,h000833,스누피가든,5.0,제주특별자치도
21196,h000833,제주항공 우주 박물관,5.0,제주특별자치도
21197,h000834,청굴물,5.0,제주특별자치도
21198,h000834,비자림,5.0,제주특별자치도
21199,h000834,우도,5.0,제주특별자치도
21200,h000834,혼인지,5.0,제주특별자치도
21201,h000834,고흐의 정원,5.0,제주특별자치도
21202,h000835,월정리 해수욕장,4.666666666666667,제주특별자치도
21203,h000835,함덕해수욕장,4.0,제주특별자치도
21204,h000835,함덕해수욕장,4.0,제주특별자치도
21205,h000837,어영공원,5.0,제주특별자치도
21206,h000837,곶자왈 반딧불이 축제,5.0,제주특별자치도
21207,h000844,고성 오일 시장,3.0,제주특별자치도
21208,h000844,광치기 해변,4.333333333333333,제주특별자치도
21209,h000844,종달리 해변,3.3333333333333335,제주특별자치도
21210,h000844,세화 민속 오일시장,3.0,제주특별자치도
21211,h000846,독일마을 남해 파독 전시관,4.0,경남
21212,h000849,월정리 해안도로,4.0,제주특별자치도
21213,h000849,빛의 벙커,3.3333333333333335,제주특별자치도
21214,h000852,환상숲 곶자왈 공원,2.6666666666666665,제주특별자치도
21215,h000852,제주동문시장,5.0,제주특별자치도
21216,h000852,혼인지,4.0,제주특별자치도
21217,h000855,함덕해수욕장,5.0,제주특별자치도
21218,h000855,함덕해수욕장,5.0,제주특별자치도
21219,h000855,신화 테마파크,5.0,제주특별자치도
21220,h000857,서귀포 매일 올레시장,5.0,제주특별자치도
21221,h000857,곶자왈 반딧불이 축제,5.0,제주특별자치도
21222,h000857,오설록 티 뮤지엄,5.0,제주특별자치도
21223,h000857,카멜리아힐,5.0,제주특별자치도
21224,h000857,제주동문시장,5.0,제주특별자치도
21225,h000857,혼인지,5.0,제주특별자치도
21226,h000857,제주동문시장,5.0,제주특별자치도
21227,h000857,서귀포 매일 올레시장,5.0,제주특별자치도
21228,h000858,천지연폭포,4.0,제주특별자치도
21229,h000858,협재해수욕장,4.0,제주특별자치도
21230,h000861,산방산 랜드,3.3333333333333335,제주특별자치도
21231,h000861,제주 실탄사격장,5.0,제주특별자치도
21232,h000866,스누피가든,5.0,제주특별자치도
21233,h000866,9.81파크,5.0,제주특별자치도
21234,h000866,아르떼 뮤지엄 제주,4.0,제주특별자치도
21235,h000866,산방산,5.0,제주특별자치도
21236,h000866,사계해변,5.0,제주특별자치도
21237,h000868,제주 곶자왈 도립공원,5.0,제주특별자치도
21238,h000869,헬로키티 아일랜드,5.0,제주특별자치도
21239,h000869,천지연폭포,5.0,제주특별자치도
21240,h000869,테디베어뮤지엄 제주점,5.0,제주특별자치도
21241,h000870,제주관광공사 지정면세점,4.333333333333333,제주특별자치도
21242,h000870,혼인지,4.0,제주특별자치도
21243,h000871,상효인 수목원,5.0,제주특별자치도
21244,h000871,송악산 둘레길,5.0,제주특별자치도
21245,h000871,사계해변,5.0,제주특별자치도
21246,h000871,엉또폭포,5.0,제주특별자치도
21247,h000871,쇠소깍 관광지,5.0,제주특별자치도
21248,h000871,만장굴,5.0,제주특별자치도
21249,h000873,닭머르,5.0,제주특별자치도
21250,h000873,런던 베이글 뮤지엄 제주점,4.0,제주특별자치도
21251,h000873,비케이브,5.0,제주특별자치도
21252,h000873,송당 무끈모루,5.0,제주특별자치도
21253,h000873,위미리 수국길,5.0,제주특별자치도
21254,h000873,소천지,5.0,제주특별자치도
21255,h000873,올레 야시장,5.0,제주특별자치도
21256,h000873,중문색달해수욕장,5.0,제주특별자치도
21257,h000873,피겨 뮤지엄 제주,5.0,제주특별자치도
21258,h000873,제주동문재래시장,5.0,제주특별자치도
21259,h000874,도두봉,5.0,제주특별자치도
21260,h000874,어영공원,5.0,제주특별자치도
21261,h000874,도두동 무지개 해안도로,5.0,제주특별자치도
21262,h000874,금능서핑,5.0,제주특별자치도
21263,h000874,금능해수욕장,5.0,제주특별자치도
21264,h000874,금능서핑,5.0,제주특별자치도
21265,h000874,금능해수욕장,5.0,제주특별자치도
21266,h000874,제주 로컬 섬 제주,5.0,제주특별자치도
21267,h000877,이마트 제주점,5.0,제주특별자치도
21268,h000877,성산일출봉,5.0,제주특별자치도
21269,h000877,혼인지,3.0,제주특별자치도
21270,h000877,제주동문재래시장,5.0,제주특별자치도
21271,h000877,한라산국립공원 성판악탐방로,5.0,제주특별자치도
21272,h000877,사려니숲길,5.0,제주특별자치도
21273,h000877,제주동문재래시장,5.0,제주특별자치도
21274,h000877,용두암,5.0,제주특별자치도
21275,h000881,서귀포 유람선,5.0,제주특별자치도
21276,h000881,답다니 수국밭,4.666666666666667,제주특별자치도
21277,h000884,아쿠아 플라넷 제주,5.0,제주특별자치도
21278,h000884,남원큰엉해변,5.0,제주특별자치도
21279,h000884,쇠소깍 관광지,5.0,제주특별자치도
21280,h000884,서귀포 매일 올레시장,5.0,제주특별자치도
21281,h000886,세기알 해변,5.0,제주특별자치도
21282,h000886,제주 부영 호텔 앤리조트,5.0,제주특별자치도
21283,h000886,서귀포 매일 올레시장,5.0,제주특별자치도
21284,h000886,협재해수욕장,5.0,제주특별자치도
21285,h000890,윗세오름,5.0,제주특별자치도
21286,h000890,용연계곡,3.3333333333333335,제주특별자치도
21287,h000891,카페 울라,5.0,경북
21288,h000891,관음도,5.0,경북
21289,h000891,독도,5.0,경북
21290,h000891,행남해안산책로,4.666666666666667,경북
21291,h000891,우산국 박물관,5.0,경북
21292,h000891,울라 웰컴하우스,5.0,경북
21293,h000891,독도 문방구,5.0,경북
21294,h000892,방주교회,4.0,제주특별자치도
21295,h000895,미레나,1.3333333333333333,제주특별자치도
21296,h000895,금오름,4.0,제주특별자치도
21297,h000895,휴애리 자연생활공원,5.0,제주특별자치도
21298,h000895,만장굴,3.6666666666666665,제주특별자치도
21299,h000895,사려니숲길,3.0,제주특별자치도
21300,h000897,서귀포 매일 올레시장,3.0,제주특별자치도
21301,h000897,새연교,4.0,제주특별자치도
21302,h000897,금호리조트 제주 아쿠아나,4.0,제주특별자치도
21303,h000897,도두동 무지개 해안도로,3.0,제주특별자치도
21304,h000897,스누피가든,5.0,제주특별자치도
21305,h000897,절물자연휴양림,5.0,제주특별자치도
21306,h000898,협재해수욕장,5.0,제주특별자치도
21307,h000898,뽀로로 앤 타요 테마파크 제주,5.0,제주특별자치도
21308,h000898,신화 워터파크,5.0,제주특별자치도
21309,h000898,신화 테마파크,5.0,제주특별자치도
21310,h000899,금능해수욕장,4.666666666666667,제주특별자치도
21311,h000899,월령 선인장 마을,4.333333333333333,제주특별자치도
21312,h000899,협재해수욕장,5.0,제주특별자치도
21313,h000899,한림민속 5일시장,5.0,제주특별자치도
21314,h000899,제주 한림농협 하나로마트,4.333333333333333,제주특별자치도
21315,h000899,약천사,4.666666666666667,제주특별자치도
21316,h000899,헬로키티 아일랜드,2.3333333333333335,제주특별자치도
21317,h000899,액티브 파크,4.0,제주특별자치도
21318,h000899,협재해수욕장,4.0,제주특별자치도
21319,h000904,오설록 티 뮤지엄,5.0,제주특별자치도
21320,h000904,원 앤 온리,4.0,제주특별자치도
21321,h000904,제주에 퐁당 성산점,3.3333333333333335,제주특별자치도
21322,h000904,혼인지,5.0,제주특별자치도
21323,h000908,지금 이 순간,5.0,제주특별자치도
21324,h000908,애월항,3.3333333333333335,제주특별자치도
21325,h000909,제주동문재래시장,5.0,제주특별자치도
21326,h000909,다인오세아노호텔 루프탑 ARA,5.0,제주특별자치도
21327,h000909,올레길 16코스(고내-광령 올레),5.0,제주특별자치도
21328,h000912,신화 테마파크,2.3333333333333335,제주특별자치도
21329,h000912,협재해수욕장,3.6666666666666665,제주특별자치도
21330,h000912,용두암,3.0,제주특별자치도
21331,h000912,한라수목원,3.3333333333333335,제주특별자치도
21332,h000914,금능해수욕장,4.666666666666667,제주특별자치도
21333,h000914,스누피가든,4.666666666666667,제주특별자치도
21334,h000914,함덕해수욕장,5.0,제주특별자치도
21335,h000914,브라보 비치,5.0,제주특별자치도
21336,h000914,이호 테우해수욕장,3.3333333333333335,제주특별자치도
21337,h000915,스누피가든,5.0,제주특별자치도
21338,h000915,섭지코지,2.6666666666666665,제주특별자치도
21339,h000915,서귀포 매일 올레시장,5.0,제주특별자치도
21340,h000915,천지연폭포,5.0,제주특별자치도
21341,h000915,외돌개,4.333333333333333,제주특별자치도
21342,h000917,서어봉,3.3333333333333335,제주특별자치도
21343,h000917,함덕해수욕장,4.0,제주특별자치도
21344,h000917,김녕킹마트,4.0,제주특별자치도
21345,h000917,혼인지,4.0,제주특별자치도
21346,h000917,김녕해수욕장,4.0,제주특별자치도
21347,h000920,아쿠아 플라넷 제주,3.0,제주특별자치도
21348,h000920,한림공원,4.0,제주특별자치도
21349,h000920,금능해수욕장,3.0,제주특별자치도
21350,h000920,뽀로로 앤 타요 테마파크 제주,5.0,제주특별자치도
21351,h000921,제주동문재래시장,3.3333333333333335,제주특별자치도
21352,h000921,곽지해수욕장,4.0,제주특별자치도
21353,h000921,마농 르블랑,5.0,제주특별자치도
21354,h000921,혼인지,4.333333333333333,제주특별자치도
21355,h000921,광치기 해변,4.0,제주특별자치도
21356,h000921,휴애리 자연생활공원,5.0,제주특별자치도
21357,h000921,안덕계곡,5.0,제주특별자치도
21358,h000921,신도포구,4.0,제주특별자치도
21359,h000922,산방굴사,4.0,제주특별자치도
21360,h000922,김녕해수욕장,4.333333333333333,제주특별자치도
21361,h000922,한라산국립공원 관음사 탐방로,5.0,제주특별자치도
21362,h000926,도두동 무지개 해안도로,4.0,제주특별자치도
21363,h000926,헬로키티 아일랜드,3.3333333333333335,제주특별자치도
21364,h000926,협재해수욕장,4.0,제주특별자치도
21365,h000926,아르떼 뮤지엄 제주,3.3333333333333335,제주특별자치도
21366,h000926,정방폭포,3.3333333333333335,제주특별자치도
21367,h000926,절물자연휴양림,3.3333333333333335,제주특별자치도
21368,h000926,루나폴,4.333333333333333,제주특별자치도
21369,h000926,스누피가든,4.0,제주특별자치도
21370,h000926,걸어가는 늑대들 전이 수 갤러리,4.666666666666667,제주특별자치도
21371,h000926,함덕해수욕장,4.666666666666667,제주특별자치도
21372,h000926,우도,4.333333333333333,제주특별자치도
21373,h000926,에코랜드 테마파크,3.6666666666666665,제주특별자치도
21374,h001023,판포 포구,5.0,제주특별자치도
21375,h001023,곽지해수욕장,5.0,제주특별자치도
21376,h001023,성이시돌목장,5.0,제주특별자치도
21377,h001024,한림민속 5일시장,1.0,제주특별자치도
21378,h001024,협재해수욕장,5.0,제주특별자치도
21379,h001024,제주 고래 감성 소품,5.0,제주특별자치도
21380,h001024,애월 돌고래 전망대,5.0,제주특별자치도
21381,h001025,스누피가든,5.0,제주특별자치도
21382,h001025,해녀박물관,4.0,제주특별자치도
21383,h001025,비자림,4.0,제주특별자치도
21384,h001025,절물자연휴양림,4.333333333333333,제주특별자치도
21385,h001025,김녕해수욕장,5.0,제주특별자치도
21386,h001025,사라봉,3.0,제주특별자치도
21387,h001026,금오름,3.3333333333333335,제주특별자치도
21388,h001026,사계해변,3.3333333333333335,제주특별자치도
21389,h001026,우도 산호 레저,3.3333333333333335,
21390,h001026,만장굴,4.0,제주특별자치도
21391,h001032,에코랜드 테마파크,5.0,제주특별자치도
21392,h001032,에코랜드 테마파크,5.0,제주특별자치도
21393,h001034,금오름,5.0,제주특별자치도
21394,h001034,비체올린,5.0,제주특별자치도
21395,h001034,제주도립 김창열 미술관,5.0,제주특별자치도
21396,h001034,서귀포 매일 올레시장,5.0,제주특별자치도
21397,h001034,9.81파크,5.0,제주특별자치도
21398,h001036,사계항,4.0,제주특별자치도
21399,h001036,제주 실탄사격장,5.0,제주특별자치도
21400,h001036,강정천,5.0,제주특별자치도
21401,h001036,논짓물해변,4.0,제주특별자치도
21402,h001036,올레길 8코스(월평-대평 올레),5.0,제주특별자치도
21403,h001036,카멜리아힐,5.0,제주특별자치도
21404,h001038,신화 테마파크,5.0,제주특별자치도
21405,h001038,뽀로로 앤 타요 테마파크 제주,5.0,제주특별자치도
21406,h001038,천제연폭포,4.0,제주특별자치도
21407,h001038,이호 테우해수욕장,5.0,제주특별자치도
21408,h001041,애월빵공장앤 카페,2.3333333333333335,제주특별자치도
21409,h001041,금오름,3.3333333333333335,제주특별자치도
21410,h001041,협재해수욕장,3.0,제주특별자치도
21411,h001041,제주동문재래시장,2.3333333333333335,제주특별자치도
21412,h001041,용두암,4.0,제주특별자치도
21413,h001049,퍼플 섬 주차장,5.0,전남
21414,h001049,무한의 다리,5.0,전남
21415,h001054,산방 연대,4.0,제주특별자치도
21416,h001054,제주항공 우주 박물관,5.0,제주특별자치도
21417,h001054,신창 풍차 해안도로,5.0,제주특별자치도
21418,h001054,협재해수욕장,5.0,제주특별자치도
21419,h001054,액티브 파크,5.0,제주특별자치도
21420,h001054,제주 한림농협 하나로마트,4.0,제주특별자치도
21421,h001057,섭지코지,4.0,제주특별자치도
21422,h001057,성산일출봉,3.6666666666666665,제주특별자치도
21423,h001057,우도,3.3333333333333335,제주특별자치도
21424,h001057,제주동문재래시장,4.0,제주특별자치도
21425,h001063,천지연폭포,5.0,제주특별자치도
21426,h001063,새연교,5.0,제주특별자치도
21427,h001063,오설록 티 뮤지엄,5.0,제주특별자치도
21428,h001063,한림공원,5.0,제주특별자치도
21429,h001063,신창 풍차 해안도로,5.0,제주특별자치도
21430,h001063,제주 성읍마을,5.0,제주특별자치도
21431,h001063,세화해변,5.0,제주특별자치도
21432,h001063,성산일출봉,5.0,제주특별자치도
21433,h001063,우도,5.0,제주특별자치도
21434,h001065,종달리 수국길,5.0,제주특별자치도
21435,h001065,월정리 해수욕장,5.0,제주특별자치도
21436,h001065,제주동문재래시장,5.0,제주특별자치도
21437,h001068,함덕해수욕장,4.0,제주특별자치도
21438,h001068,정방폭포,4.0,제주특별자치도
21439,h001068,헬로키티 아일랜드,5.0,제주특별자치도
21440,h001068,신화 워터파크,5.0,제주특별자치도
21441,h001068,노형수퍼마켙,5.0,제주특별자치도
21442,h001069,한담 해안산책로,5.0,제주특별자치도
21443,h001069,곽지해수욕장,5.0,제주특별자치도
21444,h001069,올레길 15-B코스(한림-고내 올레),5.0,제주특별자치도
21445,h001069,올레길 15-B코스(한림-고내 올레),5.0,제주특별자치도
21446,h001069,곽지해수욕장,5.0,제주특별자치도
21447,h001073,델문도,3.3333333333333335,제주특별자치도
21448,h001073,코코 나라,1.0,제주특별자치도
21449,h001073,성산일출봉,3.3333333333333335,제주특별자치도
21450,h001075,함덕해수욕장,5.0,제주특별자치도
21451,h001075,서어봉,5.0,제주특별자치도
21452,h001075,원앙폭포,4.666666666666667,제주특별자치도
21453,h001075,서귀포 매일 올레시장,5.0,제주특별자치도
21454,h001075,용머리해안 공영주차장,3.3333333333333335,제주특별자치도
21455,h001076,마농 르블랑,5.0,제주특별자치도
21456,h001076,수월봉,3.6666666666666665,제주특별자치도
21457,h001076,신창 풍차 해안도로,4.0,제주특별자치도
21458,h001076,함덕해수욕장,5.0,제주특별자치도
21459,h001076,교래자연휴양림,5.0,제주특별자치도
21460,h001076,성산일출봉,5.0,제주특별자치도
21461,h001076,마방목지,5.0,제주특별자치도
21462,h001076,방주교회,4.0,제주특별자치도
21463,h001076,본태 박물관,5.0,제주특별자치도
21464,h001078,협재해수욕장,5.0,제주특별자치도
21465,h001078,더피플,5.0,제주특별자치도
21466,h001078,금오름,4.333333333333333,제주특별자치도
21467,h001078,제주동문시장,5.0,제주특별자치도
21468,h001078,빛의 벙커,2.6666666666666665,제주특별자치도
21469,h001078,코난 해변,4.666666666666667,
21470,h001078,월정리 해수욕장,5.0,제주특별자치도
21471,h001078,이호 테우해수욕장,5.0,제주특별자치도
21472,h001079,함덕해수욕장,5.0,제주특별자치도
21473,h001079,서어봉,5.0,제주특별자치도
21474,h001079,델문도,5.0,제주특별자치도
21475,h001079,만장굴,5.0,제주특별자치도
21476,h001079,비자림,5.0,제주특별자치도
21477,h001079,성산일출봉,5.0,제주특별자치도
21478,h001079,한라산 11고지,5.0,제주특별자치도
21479,h001079,스타벅스 제주 협재점,5.0,제주특별자치도
21480,h001079,오설록 티 뮤지엄,5.0,제주특별자치도
21481,h001079,산방 연대,5.0,제주특별자치도
21482,h001079,칠십리 음식특화거리,5.0,제주특별자치도
21483,h001079,카페 서연의 집,5.0,제주특별자치도
21484,h001081,이호 테우해수욕장,5.0,제주특별자치도
21485,h001081,한라산국립공원,4.0,제주특별자치도
21486,h001081,세화해변,3.0,제주특별자치도
21487,h001081,함덕해수욕장,3.6666666666666665,제주특별자치도
21488,h001082,자매 국수,4.666666666666667,제주특별자치도
21489,h001082,닭머르,5.0,제주특별자치도
21490,h001082,함덕해수욕장,5.0,제주특별자치도
21491,h001082,서어봉 산책로,5.0,제주특별자치도
21492,h001082,걸리버 여행기,5.0,제주특별자치도
21493,h001082,우도,5.0,제주특별자치도
21494,h001082,우도,5.0,제주특별자치도
21495,h001082,섭지코지,5.0,제주특별자치도
21496,h001082,성산일출봉,5.0,제주특별자치도
21497,h001082,소천지,5.0,제주특별자치도
21498,h001082,서귀포 매일 올레시장,5.0,제주특별자치도
21499,h001082,제주신라호텔 수영장,5.0,제주특별자치도
21500,h001084,주주표 서 서핑스쿨,5.0,제주특별자치도
21501,h001084,마코다이브,3.0,제주특별자치도
21502,h001085,곶자왈 반딧불이 축제,5.0,제주특별자치도
21503,h001085,오설록 티 뮤지엄,3.3333333333333335,제주특별자치도
21504,h001085,원 앤 온리,5.0,제주특별자치도
21505,h001085,신화 테마파크,3.3333333333333335,제주특별자치도
21506,h001085,신화 워터파크,2.6666666666666665,제주특별자치도
21507,h001085,신화 워터파크,5.0,제주특별자치도
21508,h001085,신화 테마파크,4.0,제주특별자치도
21509,h001085,제주동문시장,2.0,제주특별자치도
21510,h001085,이호 테우해수욕장,4.0,제주특별자치도
21511,h001085,앙투아네트 용담점,4.333333333333333,제주특별자치도
21512,h001086,랜디스 도넛 제주 애월점,4.0,제주특별자치도
21513,h001086,애월 카페거리,3.6666666666666665,제주특별자치도
21514,h001086,두구리알,4.0,
21515,h001086,놀이터 서핑,4.0,제주특별자치도
21516,h001086,제주동문시장,4.0,제주특별자치도
21517,h001089,함덕해수욕장,4.0,
21518,h001089,창금,3.0,제주특별자치도
21519,h001089,송당 무끈모루,2.6666666666666665,제주특별자치도
21520,h001089,보롬왓,4.666666666666667,제주특별자치도
21521,h001089,목장 카페 밭디,4.666666666666667,제주특별자치도
21522,h001089,서귀포 매일 올레시장,5.0,제주특별자치도
21523,h001089,휴애리 자연생활공원,3.6666666666666665,제주특별자치도
21524,h001089,쇠소깍,5.0,제주특별자치도
21525,h001089,정방폭포,3.3333333333333335,제주특별자치도
21526,h001089,서귀포 매일 올레시장,5.0,제주특별자치도
21527,h001089,박물관은 살아있다 제주 중문점,3.3333333333333335,제주특별자치도
21528,h001089,박물관은 살아있다 제주 중문점,4.666666666666667,제주특별자치도
21529,h001089,애월 카페거리,3.0,제주특별자치도
21530,h001089,사진 놀이터,4.0,제주특별자치도
21531,h001091,중문농협 하나로마트 본점,5.0,제주특별자치도
21532,h001091,정방폭포,5.0,제주특별자치도
21533,h001091,황이지 선녀탕,1.6666666666666667,제주특별자치도
21534,h001091,한라산국립공원 어승생악 탐방로,5.0,제주특별자치도
21535,h001091,중문 대표 주상절리대,4.0,제주특별자치도
21536,h001091,중문농협 하나로마트 본점,5.0,제주특별자치도
21537,h001092,연화도,4.0,경남
21538,h001092,롯데마트 통영점,4.0,경남
21539,h001096,애월농협 하나로마트,5.0,제주특별자치도
21540,h001096,송악산,4.333333333333333,제주특별자치도
21541,h001096,한림수협 다목적 어업인 종합지원센터,2.6666666666666665,제주특별자치도
21542,h001096,샵제주,5.0,제주특별자치도
21543,h001098,제주동문시장,4.0,제주특별자치도
21544,h001098,이호 테우해수욕장,4.333333333333333,제주특별자치도
21545,h001098,함덕해수욕장,5.0,제주특별자치도
21546,h001098,금오름,3.6666666666666665,제주특별자치도
21547,h001098,올레길 4코스(표선-남원 올레),4.0,
21548,h001098,표선해수욕장,3.0,제주특별자치도
21549,h001101,위미항,4.0,제주특별자치도
21550,h001101,천지연폭포,5.0,제주특별자치도
21551,h001101,서귀포 매일 올레시장,3.3333333333333335,제주특별자치도
21552,h001101,위미항,3.3333333333333335,제주특별자치도
21553,h001101,포도 뮤지엄,5.0,제주특별자치도
21554,h001101,방주교회,5.0,제주특별자치도
21555,h001101,군산,3.3333333333333335,제주특별자치도
21556,h001102,월정리 해수욕장,5.0,제주특별자치도
21557,h001102,성산일출봉,5.0,제주특별자치도
21558,h001102,정방폭포,3.3333333333333335,제주특별자치도
21559,h001102,중문색달해수욕장,3.0,제주특별자치도
21560,h001102,용두암,3.0,제주특별자치도
21561,h001103,이호 테우해수욕장,5.0,제주특별자치도
21562,h001103,제주시 농협 하나로마트 노형점,5.0,제주특별자치도
21563,h001103,프라이탁 제주점,3.0,제주특별자치도
21564,h001103,협재해수욕장,5.0,제주특별자치도
21565,h001103,새섬,5.0,제주특별자치도
21566,h001103,쇠소깍,5.0,제주특별자치도
21567,h001103,사려니숲길,5.0,제주특별자치도
21568,h001103,빛의 벙커,2.6666666666666665,제주특별자치도
21569,h001103,신양섭지해수욕장,5.0,제주특별자치도
21570,h001103,월정리 해수욕장,4.0,제주특별자치도
21571,h001103,제주동문시장,3.6666666666666665,제주특별자치도
21572,h001113,서귀포 매일 올레시장,4.0,제주특별자치도
21573,h001113,올레 야시장,4.0,
21574,h001113,남원농협 하나로마트,4.333333333333333,전북
21575,h001117,제주동문시장,5.0,제주특별자치도
21576,h001117,판포 포구,5.0,제주특별자치도
21577,h001117,카페 모알보알,5.0,제주특별자치도
21578,h001117,애월 카페거리,5.0,제주특별자치도
21579,h001117,봄날,5.0,
21580,h001121,서귀포 매일 올레시장,5.0,제주특별자치도
21581,h001121,마농 르블랑,5.0,제주특별자치도
21582,h001121,제주 고래 감성 소품,5.0,제주특별자치도
21583,h001121,다인오세아노호텔 루프탑 ARA,5.0,제주특별자치도
21584,h001121,다인오세아노호텔 루프탑 ARA,5.0,제주특별자치도
21585,h001121,신창 풍차 해안도로,4.0,제주특별자치도
21586,h001121,도두동 무지개 해안도로,5.0,제주특별자치도
21587,h001125,금능해수욕장,5.0,제주특별자치도
21588,h001125,판포 포구,5.0,제주특별자치도
21589,h001125,천왕사,5.0,제주특별자치도
21590,h001125,함덕해수욕장,5.0,제주특별자치도
21591,h001127,윈드 1947카트 테마파크,5.0,제주특별자치도
21592,h001127,쇠소깍,2.6666666666666665,
21593,h001127,정방폭포,3.3333333333333335,제주특별자치도
21594,h001127,이중섭미술관,5.0,제주특별자치도
21595,h001127,천지연폭포,5.0,제주특별자치도
21596,h001127,서귀포 매일 올레시장,3.6666666666666665,제주특별자치도
21597,h001127,서귀 다원,5.0,제주특별자치도
21598,h001127,중문색달해수욕장,5.0,제주특별자치도
21599,h001127,금오름,5.0,제주특별자치도
21600,h001127,금능해수욕장,5.0,
21601,h001127,제주동문시장,5.0,제주특별자치도
21602,h001127,용두암,5.0,제주특별자치도
21603,h001127,이호 테우해수욕장,4.333333333333333,제주특별자치도
21604,h001129,백약이 오름,5.0,제주특별자치도
21605,h001129,혼인지,5.0,제주특별자치도
21606,h001129,안돌오름,4.333333333333333,제주특별자치도
21607,h001129,김녕해수욕장,5.0,제주특별자치도
21608,h001129,함덕해수욕장,5.0,제주특별자치도
21609,h001129,신비의도로,5.0,제주특별자치도
21610,h001131,원앙폭포,3.6666666666666665,제주특별자치도
21611,h001131,상효인 수목원,5.0,제주특별자치도
21612,h001131,사계항,3.0,제주특별자치도
21613,h001131,송악산,4.0,제주특별자치도
21614,h001134,옥녀봉,5.0,경남
21615,h001136,제주동문재래시장,3.0,제주특별자치도
21616,h001136,뽀로로 앤 타요 테마파크 제주,5.0,제주특별자치도
21617,h001136,신화 워터파크,4.0,제주특별자치도
21618,h001136,신화 테마파크,3.3333333333333335,제주특별자치도
21619,h001136,스누피가든,3.6666666666666665,제주특별자치도
21620,h001136,아쿠아 플라넷 제주,5.0,제주특별자치도
21621,h001136,월정리 해수욕장,4.0,제주특별자치도
21622,h001136,바이 제주,4.0,제주특별자치도
21623,h001139,함덕해수욕장,5.0,제주특별자치도
21624,h001139,서어봉,5.0,제주특별자치도
21625,h001140,섭지코지,5.0,제주특별자치도
21626,h001140,성산일출봉,3.0,제주특별자치도
21627,h001140,메이즈랜드,5.0,제주특별자치도
21628,h001140,스누피가든,5.0,제주특별자치도
21629,h001140,서귀포 매일 올레시장,5.0,제주특별자치도
21630,h001140,상효인 수목원,5.0,제주특별자치도
21631,h001140,세리월드,4.0,제주특별자치도
21632,h001140,아르떼 뮤지엄 제주,5.0,제주특별자치도
21633,h001140,제주동문재래시장,3.3333333333333335,제주특별자치도
21634,h001146,도두봉,3.6666666666666665,제주특별자치도
21635,h001146,도두동 무지개 해안도로,4.0,제주특별자치도
21636,h001146,에코랜드 테마파크,5.0,제주특별자치도
21637,h001146,제주동문재래시장,5.0,제주특별자치도
21638,h001146,한담 해안산책로,4.0,제주특별자치도
21639,h001146,아르떼 뮤지엄 제주,5.0,제주특별자치도
21640,h001148,아르떼 뮤지엄 제주,3.3333333333333335,제주특별자치도
21641,h001148,제주동문시장,4.666666666666667,제주특별자치도
21642,h001148,금오름,3.3333333333333335,제주특별자치도
21643,h001148,판포 포구,3.3333333333333335,제주특별자치도
21644,h001148,함덕해수욕장,5.0,제주특별자치도
21645,h001150,이호 테우 등대,4.0,제주특별자치도
21646,h001150,한림민속 5일시장,4.0,제주특별자치도
21647,h001150,새별 오름,4.0,제주특별자치도
21648,h001150,천제연폭포,3.6666666666666665,제주특별자치도
21649,h001150,중문농협 하나로마트 본점,3.0,제주특별자치도
21650,h001150,우도,5.0,제주특별자치도
21651,h001150,비양도,5.0,제주특별자치도
21652,h001150,쇠머리 오름,5.0,제주특별자치도
21653,h001150,섭지코지,5.0,제주특별자치도
21654,h001150,절물자연휴양림,5.0,제주특별자치도
21655,h001150,외돌개,4.0,제주특별자치도
21656,h001150,이중섭거리,4.0,제주특별자치도
21657,h001150,이중섭 거주지,4.0,제주특별자치도
21658,h001150,서귀포 매일 올레시장,2.6666666666666665,제주특별자치도
21659,h001150,런던 베이글 뮤지엄 제주점,4.0,제주특별자치도
21660,h001150,제주시 민속 오일 시장,4.0,제주특별자치도
21661,h001150,이호 테우 등대,4.0,제주특별자치도
21662,h001151,신화 워터파크,2.6666666666666665,제주특별자치도
21663,h001151,송악산 둘레길,2.6666666666666665,제주특별자치도
21664,h001151,포도 뮤지엄,4.0,제주특별자치도
21665,h001151,한담 해안산책로,5.0,제주특별자치도
21666,h001151,제주동문시장,4.0,제주특별자치도
21667,h001151,이마트 제주점,4.0,제주특별자치도
21668,h001151,아쿠아 플라넷 제주,4.0,제주특별자치도
21669,h001152,캐니언 파크 제주점,3.6666666666666665,제주특별자치도
21670,h001152,성산일출봉,4.666666666666667,제주특별자치도
21671,h001152,광치기 해변,4.0,제주특별자치도
21672,h001152,제주 레일바이크,4.333333333333333,제주특별자치도
21673,h001152,김녕해수욕장,5.0,제주특별자치도
21674,h001152,창금,4.666666666666667,제주특별자치도
21675,h001152,와흘메밀농촌체험휴양마을,5.0,제주특별자치도
21676,h001152,제주동문재래시장,4.0,제주특별자치도
21677,h001156,표선해수욕장,4.0,제주특별자치도
21678,h001156,위미항,3.0,제주특별자치도
21679,h001156,제주항공 우주 박물관,3.3333333333333335,제주특별자치도
21680,h001156,새별 오름,3.0,제주특별자치도
21681,h001156,한라수목원,3.0,제주특별자치도
21682,h001160,신화 워터파크,4.0,제주특별자치도
21683,h001160,서귀포 매일 올레시장,4.0,제주특별자치도
21684,h001160,혼인지,5.0,제주특별자치도
21685,h001161,제주동문재래시장,4.0,제주특별자치도
21686,h001161,함덕해수욕장,5.0,제주특별자치도
21687,h001161,창금,3.3333333333333335,제주특별자치도
21688,h001161,코난 해변,5.0,
21689,h001161,별 방진,3.3333333333333335,제주특별자치도
21690,h001161,비자림,5.0,제주특별자치도
21691,h001161,캐럿 서프,5.0,제주특별자치도
21692,h001162,애월 해안도로,4.333333333333333,제주특별자치도
21693,h001162,애월 해안도로,5.0,제주특별자치도
21694,h001162,휴애리 자연생활공원,4.0,제주특별자치도
21695,h001162,물영아리,4.333333333333333,제주특별자치도
21696,h001162,애월 해안도로,4.0,제주특별자치도
21697,h001167,제주동문공설시장,4.666666666666667,제주특별자치도
21698,h001167,국립제주박물관,4.0,제주특별자치도
21699,h001167,휴애리 자연생활공원,4.333333333333333,제주특별자치도
21700,h001167,서귀포 매일 올레시장,4.0,제주특별자치도
21701,h001167,올레길 5코스(남원-쇠소깍 올레),3.3333333333333335,제주특별자치도
21702,h001167,상정해 오름 노을길,4.0,제주특별자치도
21703,h001167,관음사,4.333333333333333,제주특별자치도
21704,h001167,제주도립미술관,4.0,제주특별자치도
21705,h001167,제주동문공설시장,4.0,제주특별자치도
21706,h001168,청아 투명 카약,4.333333333333333,제주특별자치도
21707,h001168,한담 해안산책로,5.0,제주특별자치도
21708,h001168,삼무공원,3.6666666666666665,제주특별자치도
21709,h001168,협재해수욕장,5.0,제주특별자치도
21710,h001168,한림공원,5.0,제주특별자치도
21711,h001168,아르떼 뮤지엄 제주,4.666666666666667,제주특별자치도
21712,h001171,사려니숲길 입구,5.0,제주특별자치도
21713,h001171,러블리 제주,3.0,제주특별자치도
21714,h001172,이호 테우해수욕장,3.3333333333333335,제주특별자치도
21715,h001182,제주시 민속 오일 시장,4.0,제주특별자치도
21716,h001182,이마트 신제주점,4.0,제주특별자치도
21717,h001182,약천사,3.3333333333333335,제주특별자치도
21718,h001182,이마트 서귀포점,2.3333333333333335,제주특별자치도
21719,h001182,혼인지,3.3333333333333335,제주특별자치도
21720,h001182,와흘메밀농촌체험휴양마을,3.0,제주특별자치도
21721,h001182,비자림,3.6666666666666665,제주특별자치도
21722,h001182,연동,4.0,제주특별자치도
21723,h001182,엉또폭포,3.6666666666666665,제주특별자치도
21724,h001182,한라산국립공원 성판악탐방로,3.6666666666666665,제주특별자치도
21725,h001182,랜디스 도넛 제주 애월점,3.3333333333333335,제주특별자치도
21726,h001182,관음사,3.6666666666666665,제주특별자치도
21727,h001182,한라산국립공원 관음사 지구 안내소,3.3333333333333335,제주특별자치도
21728,h001182,제주동문재래시장,3.0,제주특별자치도
21729,h001183,국립항공박물관,4.0,서울
21730,h001183,아르떼 뮤지엄 제주,4.0,제주특별자치도
21731,h001183,세계 자동차 피아노 박물관,3.3333333333333335,제주특별자치도
21732,h001183,곽지해수욕장,4.0,제주특별자치도
21733,h001183,산양큰엉곶,2.6666666666666665,제주특별자치도
21734,h001183,신화 워터파크,4.666666666666667,제주특별자치도
21735,h001183,바이 제주,4.0,제주특별자치도
21736,h001184,김만덕기념관,2.3333333333333335,제주특별자치도
21737,h001184,아라리오 뮤지엄 탑동 시네마,3.3333333333333335,제주특별자치도
21738,h001185,정방폭포,5.0,제주특별자치도
21739,h001185,광치기 해변,3.3333333333333335,제주특별자치도
21740,h001185,종달리 해변,5.0,제주특별자치도
21741,h001185,하도 해변,4.0,제주특별자치도
21742,h001185,성산일출봉,5.0,제주특별자치도
21743,h001185,섭지코지,5.0,제주특별자치도
21744,h001185,세화해변,4.0,제주특별자치도
21745,h001185,바이 제주,5.0,제주특별자치도
21746,h001187,판포 포구,4.0,제주특별자치도
21747,h001187,협재해수욕장,5.0,제주특별자치도
21748,h001187,월령포구,5.0,제주특별자치도
21749,h001187,애월 카페거리,4.333333333333333,제주특별자치도
21750,h001187,한담 해안산책로,4.0,제주특별자치도
21751,h001187,용연계곡,5.0,제주특별자치도
21752,h001187,제주동문재래시장,4.333333333333333,제주특별자치도
21753,h001188,제주동문시장,3.0,제주특별자치도
21754,h001188,용연계곡,5.0,제주특별자치도
21755,h001192,노형수퍼마켙,3.6666666666666665,제주특별자치도
21756,h001192,한라수목원,3.6666666666666665,제주특별자치도
21757,h001192,함덕해수욕장,5.0,제주특별자치도
21758,h001192,케미스트,5.0,제주특별자치도
21759,h001195,한림공원,5.0,제주특별자치도
21760,h001195,애월농협 하나로마트,4.0,제주특별자치도
21761,h001195,도두동 무지개 해안도로,4.333333333333333,제주특별자치도
21762,h001195,도두봉,5.0,제주특별자치도
21763,h001195,제주동문재래시장,5.0,제주특별자치도
21764,h001196,방주교회,4.0,제주특별자치도
21765,h001196,본태 박물관,3.0,제주특별자치도
21766,h001196,오설록 티 뮤지엄,3.0,제주특별자치도
21767,h001198,바이 제주,5.0,제주특별자치도
21768,h001198,신화 워터파크,4.0,제주특별자치도
21769,h001198,신화 테마파크,3.0,제주특별자치도
21770,h001198,뽀로로 앤 타요 테마파크 제주,4.0,제주특별자치도
21771,h001198,아쿠아 플라넷 제주,4.0,제주특별자치도
21772,h001198,테디베어 하우스 테지움 제주점,3.0,제주특별자치도
21773,h001200,사려니숲길,5.0,제주특별자치도
21774,h001200,정방폭포,4.333333333333333,제주특별자치도
21775,h001200,서복전시관,3.3333333333333335,제주특별자치도
21776,h001200,이중섭미술관,2.6666666666666665,제주특별자치도
21777,h001200,한라산국립공원 영실탐방로,4.0,제주특별자치도
21778,h001200,송악산 둘레길,4.333333333333333,제주특별자치도
21779,h001202,이순신공원,4.0,경남
21780,h001202,매미성,3.6666666666666665,경남
21781,h001202,신선대,3.6666666666666665,경남
21782,h001202,해금강테마 박물관,2.3333333333333335,경남
21783,h001203,사려니 숲,3.3333333333333335,제주특별자치도
21784,h001205,제주동문시장,3.0,
21785,h001205,곽지해수욕장,4.0,제주특별자치도
21786,h001205,한담 해안산책로,4.0,제주특별자치도
21787,h001205,올레길 15-B코스(한림-고내 올레),5.0,제주특별자치도
21788,h001205,금오름,3.6666666666666665,제주특별자치도
21789,h001205,성이시돌목장,5.0,제주특별자치도
21790,h001206,루나폴,5.0,제주특별자치도
21791,h001206,사계해변,5.0,제주특별자치도
21792,h001206,서귀포 매일 올레시장,5.0,제주특별자치도
21793,h001206,노형수퍼마켙,5.0,제주특별자치도
21794,h001207,국립제주박물관,5.0,제주특별자치도
21795,h001207,국제 리더스클럽,5.0,제주특별자치도
21796,h001208,수목원길 야시장,5.0,제주특별자치도
21797,h001208,창금,5.0,제주특별자치도
21798,h001208,서어봉,2.6666666666666665,제주특별자치도
21799,h001208,함덕해수욕장,4.666666666666667,제주특별자치도
21800,h001208,스누피가든,5.0,제주특별자치도
21801,h001208,노을 승마장,5.0,제주특별자치도
21802,h001210,표선해수욕장,5.0,제주특별자치도
21803,h001210,천지연폭포,5.0,제주특별자치도
21804,h001210,천제연폭포,5.0,제주특별자치도
21805,h001210,신화 워터파크,5.0,제주특별자치도
21806,h001210,애월항,5.0,제주특별자치도
21807,h001211,제주동문공설시장,4.0,제주특별자치도
21808,h001211,가문도 포구,2.6666666666666665,제주특별자치도
21809,h001211,샵제주,3.3333333333333335,제주특별자치도
21810,h001211,엉또폭포,4.333333333333333,제주특별자치도
21811,h001211,서귀포 매일 올레시장,4.0,제주특별자치도
21812,h001214,제주 밭담 테마공원,3.0,제주특별자치도
21813,h001214,오저여,3.3333333333333335,제주특별자치도
21814,h001214,세화 소품과,3.6666666666666665,제주특별자치도
21815,h001214,구좌농협 하나로마트 중부점,2.3333333333333335,제주특별자치도
21816,h001214,협재해수욕장,2.6666666666666665,제주특별자치도
21817,h001215,용연 구름다리,4.666666666666667,제주특별자치도
21818,h001215,지그 라나다,3.6666666666666665,제주특별자치도
21819,h001215,어영공원,5.0,제주특별자치도
21820,h001215,미레나,4.666666666666667,제주특별자치도
21821,h001215,협재해수욕장,5.0,제주특별자치도
21822,h001215,마틸다,5.0,제주특별자치도
21823,h001215,곽지해수욕장,5.0,제주특별자치도
21824,h001218,제주동문재래시장,3.6666666666666665,제주특별자치도
21825,h001218,어영공원,5.0,제주특별자치도
21826,h001218,도두동 무지개 해안도로,5.0,제주특별자치도
21827,h001218,제주 곶자왈 도립공원,5.0,제주특별자치도
21828,h001218,마농 르블랑,3.6666666666666665,제주특별자치도
21829,h001218,중문색달해수욕장,2.0,제주특별자치도
21830,h001218,올레 야시장,3.6666666666666665,제주특별자치도
21831,h001218,사려니숲길,3.3333333333333335,제주특별자치도
21832,h001224,이호 테우해수욕장,3.6666666666666665,제주특별자치도
21833,h001224,천지연폭포,3.6666666666666665,제주특별자치도
21834,h001224,서귀포 매일 올레시장,4.0,제주특별자치도
21835,h001224,한담 해안산책로,3.3333333333333335,제주특별자치도
21836,h001224,곽지해수욕장,4.0,제주특별자치도
21837,h001224,제주동문시장,3.3333333333333335,제주특별자치도
21838,h001228,함덕해수욕장,5.0,제주특별자치도
21839,h001228,서어봉 산책로,5.0,제주특별자치도
21840,h001228,너븐숭이4.3기념관,5.0,제주특별자치도
21841,h001228,표선해수욕장,5.0,제주특별자치도
21842,h001229,천지연폭포,3.6666666666666665,제주특별자치도
21843,h001229,뽀로로 앤 타요 테마파크 제주,4.0,제주특별자치도
21844,h001229,고성 오일 시장,4.0,제주특별자치도
21845,h001230,서귀포 매일 올레시장,4.0,제주특별자치도
21846,h001230,우도,3.0,제주특별자치도
21847,h001230,신화 워터파크,4.0,제주특별자치도
21848,h001233,논짓물해변,5.0,제주특별자치도
21849,h001233,제주도립 김창열 미술관,5.0,제주특별자치도
21850,h001234,용두암,5.0,제주특별자치도
21851,h001234,천지연폭포,5.0,제주특별자치도
21852,h001234,우도,5.0,제주특별자치도
21853,h001234,비양도,5.0,제주특별자치도
21854,h001234,우도,5.0,제주특별자치도
21855,h001234,제주동문시장,5.0,제주특별자치도
21856,h001234,제주동문재래시장,5.0,제주특별자치도
21857,h001234,함덕해수욕장,5.0,제주특별자치도
21858,h001235,약천사,5.0,제주특별자치도
21859,h001235,서귀포 매일 올레시장,5.0,제주특별자치도
21860,h001235,곽지해수욕장,5.0,제주특별자치도
21861,h001235,점,5.0,제주특별자치도
21862,h001235,제주동문공설시장,5.0,제주특별자치도
21863,h001236,금오름,4.0,제주특별자치도
21864,h001236,엉또폭포,3.0,제주특별자치도
21865,h001236,서귀포 매일 올레시장,4.0,제주특별자치도
21866,h001236,사려니숲길,4.333333333333333,제주특별자치도
21867,h001236,함덕해수욕장,4.666666666666667,제주특별자치도
21868,h001240,신화 워터파크,5.0,제주특별자치도
21869,h001240,신화 워터파크,5.0,제주특별자치도
21870,h001240,신화 워터파크,4.0,제주특별자치도
21871,h001240,신화 테마파크,4.0,제주특별자치도
21872,h001240,마방목지,3.6666666666666665,제주특별자치도
21873,h001242,서귀포 매일 올레시장,5.0,제주특별자치도
21874,h001242,천지연폭포,5.0,제주특별자치도
21875,h001242,이호 테우해수욕장,5.0,제주특별자치도
21876,h001242,용연계곡,5.0,제주특별자치도
21877,h001242,사계해변,5.0,제주특별자치도
21878,h001242,이중섭미술관,4.333333333333333,제주특별자치도
21879,h001242,우도,5.0,제주특별자치도
21880,h001242,우도 올레 보트,5.0,제주특별자치도
21881,h001245,월정리 해수욕장,5.0,제주특별자치도
21882,h001245,혼인지,5.0,제주특별자치도
21883,h001247,금오름,3.3333333333333335,제주특별자치도
21884,h001247,협재해수욕장,4.666666666666667,제주특별자치도
21885,h001247,서귀포 매일 올레시장,3.3333333333333335,제주특별자치도
21886,h001247,서귀포 매일 올레시장,3.6666666666666665,제주특별자치도
21887,h001247,함덕해수욕장,4.666666666666667,제주특별자치도
21888,h001250,스타벅스 제주 서해안로 DT점 주차장,5.0,제주특별자치도
21889,h001250,탑동 광장,4.333333333333333,제주특별자치도
21890,h001250,9.81파크,4.666666666666667,제주특별자치도
21891,h001250,서귀포 매일 올레시장,5.0,제주특별자치도
21892,h001250,다구리 문화 예술공원,4.0,제주특별자치도
21893,h001252,남국사,5.0,제주특별자치도
21894,h001252,와흘메밀농촌체험휴양마을,5.0,제주특별자치도
21895,h001252,사려니숲길,5.0,제주특별자치도
21896,h001252,위미리 수국길,5.0,제주특별자치도
21897,h001252,서귀포 매일 올레시장,5.0,제주특별자치도
21898,h001253,아쿠아 플라넷 제주,3.6666666666666665,제주특별자치도
21899,h001253,서귀포 매일 올레시장,2.0,제주특별자치도
21900,h001253,카멜리아힐,4.333333333333333,제주특별자치도
21901,h001254,까보스코 레스토랑,5.0,제주특별자치도
21902,h001254,토스카나 호텔 스텔라 수영장,5.0,
21903,h001254,까보스코 레스토랑,5.0,제주특별자치도
21904,h001254,토스카나 호텔 스텔라 수영장,5.0,
21905,h001254,제주항공 우주 박물관,5.0,제주특별자치도
21906,h001255,제주동문시장,3.0,제주특별자치도
21907,h001255,테디베어뮤지엄 제주점,3.6666666666666665,제주특별자치도
21908,h001255,중문 대표 주상절리대,3.3333333333333335,제주특별자치도
21909,h001255,산양큰엉곶,2.6666666666666665,제주특별자치도
21910,h001255,협재해수욕장,4.0,제주특별자치도
21911,h001255,에오마르,4.0,제주특별자치도
21912,h001257,광치기 해변,5.0,제주특별자치도
21913,h001257,김녕해수욕장,5.0,제주특별자치도
21914,h001257,제주목 관아,5.0,제주특별자치도
21915,h001257,국립제주박물관,5.0,제주특별자치도
21916,h001257,한라수목원,2.6666666666666665,제주특별자치도
21917,h001258,수목원길 야시장,4.666666666666667,제주특별자치도
21918,h001258,협재해수욕장,5.0,제주특별자치도
21919,h001258,오설록 티 뮤지엄,4.333333333333333,제주특별자치도
21920,h001258,새별 오름,4.0,제주특별자치도
21921,h001258,선물고팡 제주공항점,4.666666666666667,제주특별자치도
21922,h001258,도두동 무지개 해안도로,4.333333333333333,제주특별자치도
21923,h001258,9.81파크,4.0,제주특별자치도
21924,h001258,서귀포 매일 올레시장,4.333333333333333,제주특별자치도
21925,h001258,메이즈랜드,4.0,제주특별자치도
21926,h001258,만장굴,4.666666666666667,제주특별자치도
21927,h001260,에코랜드 테마파크,5.0,제주특별자치도
21928,h001260,에코랜드 테마파크,5.0,제주특별자치도
21929,h001260,함덕해수욕장,5.0,제주특별자치도
21930,h001260,용두암,5.0,제주특별자치도
21931,h001260,제주동문재래시장,4.0,제주특별자치도
21932,h001261,협재해수욕장,4.333333333333333,제주특별자치도
21933,h001261,서귀포 매일 올레시장,4.0,제주특별자치도
21934,h001261,포도 뮤지엄,5.0,제주특별자치도
21935,h001261,제주관광공사 지정면세점,4.666666666666667,제주특별자치도
21936,h001261,천제연폭포,4.333333333333333,제주특별자치도
21937,h001261,천제연폭포,4.666666666666667,제주특별자치도
21938,h001261,소천지,3.6666666666666665,제주특별자치도
21939,h001261,외돌개,5.0,제주특별자치도
21940,h001261,중문색달해수욕장,4.0,제주특별자치도
21941,h001261,이호 테우해수욕장,3.0,제주특별자치도
21942,h001261,도두동 무지개 해안도로,3.3333333333333335,제주특별자치도
21943,h001262,올레길 7코스(서귀포-월평 올레),5.0,제주특별자치도
21944,h001262,오설록 티 뮤지엄,5.0,제주특별자치도
21945,h001269,오설록 티 뮤지엄,3.3333333333333335,제주특별자치도
21946,h001269,사계해변,3.3333333333333335,제주특별자치도
21947,h001269,황이지 해안,4.333333333333333,제주특별자치도
21948,h001269,한담 해안산책로,5.0,제주특별자치도
21949,h001270,올레길 1코스(시흥-광치기 올레),3.3333333333333335,제주특별자치도
21950,h001270,김영갑갤러리 두모악,4.333333333333333,제주특별자치도
21951,h001270,원 앤 온리,5.0,제주특별자치도
21952,h001275,롯데몰 김포공항점,4.333333333333333,서울
21953,h001275,신화 테마파크,2.3333333333333335,제주특별자치도
21954,h001275,중문 대표 주상절리대,4.333333333333333,제주특별자치도
21955,h001275,천제연폭포,4.0,제주특별자치도
21956,h001275,여미지식물원,4.333333333333333,제주특별자치도
21957,h001275,사계해변,4.0,제주특별자치도
21958,h001275,사계해변,3.0,제주특별자치도
21959,h001275,신창 풍차 해안도로,3.6666666666666665,제주특별자치도
21960,h001275,신창 풍차 해안도로,3.6666666666666665,제주특별자치도
21961,h001275,금오름,5.0,제주특별자치도
21962,h001276,남국사,4.333333333333333,제주특별자치도
21963,h001276,이호 테우해수욕장,4.333333333333333,제주특별자치도
21964,h001276,제주도립 김창열 미술관,4.333333333333333,제주특별자치도
21965,h001276,서귀포 매일 올레시장,4.333333333333333,제주특별자치도
21966,h001276,사려니숲길,5.0,제주특별자치도
21967,h001276,혼인지,4.333333333333333,제주특별자치도
21968,h001276,성산일출봉,5.0,제주특별자치도
21969,h001276,김녕해수욕장,3.3333333333333335,제주특별자치도
21970,h001276,제주동문시장,3.3333333333333335,제주특별자치도
21971,h001279,아르떼 뮤지엄 제주,5.0,제주특별자치도
21972,h001279,제주 고래 감성 소품,5.0,제주특별자치도
21973,h001280,우도,4.666666666666667,제주특별자치도
21974,h001280,스누피가든,5.0,제주특별자치도
21975,h001280,카멜리아힐,5.0,제주특별자치도
21976,h001280,판포 포구,5.0,제주특별자치도
21977,h001280,제주동문시장,3.0,제주특별자치도
21978,h001282,돌 염전,5.0,제주특별자치도
21979,h001283,올레길 2코스(광치기-온평 올레),4.0,제주특별자치도
21980,h001283,혼인지,4.333333333333333,제주특별자치도
21981,h001285,혼인지,5.0,제주특별자치도
21982,h001287,혼인지,5.0,제주특별자치도
21983,h001287,보롬왓,5.0,제주특별자치도
21984,h001288,제주동문시장,2.3333333333333335,제주특별자치도
21985,h001288,대정 오일시장,4.0,제주특별자치도
21986,h001288,오설록 티 뮤지엄,5.0,제주특별자치도
21987,h001288,오설록 티 뮤지엄,5.0,제주특별자치도
21988,h001288,제주 곶자왈 도립공원,5.0,제주특별자치도
21989,h001288,법환포구,5.0,제주특별자치도
21990,h001288,제주시 민속 오일 시장,3.3333333333333335,제주특별자치도
21991,h001288,제주 성읍마을,5.0,제주특별자치도
21992,h001292,제주동문시장,4.333333333333333,제주특별자치도
21993,h001292,제주 월령리 선인장 군락,5.0,제주특별자치도
21994,h001292,오설록 티 뮤지엄,5.0,제주특별자치도
21995,h001292,카멜리아힐,5.0,제주특별자치도
21996,h001292,서귀포 매일 올레시장,5.0,제주특별자치도
21997,h001292,함덕해수욕장,5.0,제주특별자치도
21998,h001293,도두봉,4.0,제주특별자치도
21999,h001293,산양큰엉곶,4.0,제주특별자치도
22000,h001293,우도,4.0,제주특별자치도
22001,h001293,쇠머리 오름,5.0,제주특별자치도
22002,h001293,혼인지,4.0,
22003,h001293,카멜리아힐,4.666666666666667,제주특별자치도
22004,h001293,화순 곶자왈 생태탐방 숲길,4.333333333333333,제주특별자치도
22005,h001297,함덕해수욕장,5.0,제주특별자치도
22006,h001297,수월봉,4.0,제주특별자치도
22007,h001297,중문색달해수욕장,4.666666666666667,제주특별자치도
22008,h001297,산방산 탄산온천,5.0,제주특별자치도
22009,h001297,탑동 광장,5.0,제주특별자치도
22010,h001298,델문도,3.0,제주특별자치도
22011,h001298,금오름,4.0,제주특별자치도
22012,h001298,신창 풍차 해안도로,4.0,제주특별자치도
22013,h001298,사계해변,3.0,제주특별자치도
22014,h001298,인스밀,3.6666666666666665,제주특별자치도
22015,h001299,스카이 워터쇼,3.0,제주특별자치도
22016,h001299,에코랜드 테마파크,3.6666666666666665,제주특별자치도
22017,h001299,천지연폭포,5.0,제주특별자치도
22018,h001300,뻘 다방,3.0,인천
22019,h001301,금능해수욕장,5.0,제주특별자치도
22020,h001301,한라산 11고지,5.0,제주특별자치도
22021,h001303,월정리 해수욕장,5.0,제주특별자치도
22022,h001303,행원 해변,5.0,제주특별자치도
22023,h001303,페이보릿,5.0,제주특별자치도
22024,h001303,광치기 해변,5.0,제주특별자치도
22025,h001303,신양섭지해수욕장,1.0,제주특별자치도
22026,h001306,사계해변,3.6666666666666665,제주특별자치도
22027,h001306,사계해변,4.0,제주특별자치도
22028,h001306,중문 대표 주상절리대,4.0,제주특별자치도
22029,h001306,서귀포 매일 올레시장,4.0,제주특별자치도
22030,h001306,쇠소깍,5.0,제주특별자치도
22031,h001306,정방폭포,3.3333333333333335,제주특별자치도
22032,h001306,오설록 티 뮤지엄,4.666666666666667,제주특별자치도
22033,h001306,군산,4.0,제주특별자치도
22034,h001306,쇠머리 오름,5.0,제주특별자치도
22035,h001306,우도,5.0,제주특별자치도
22036,h001306,비양도,3.3333333333333335,제주특별자치도
22037,h001306,제주동문시장,5.0,제주특별자치도
22038,h001306,이호 테우 등대,3.3333333333333335,제주특별자치도
22039,h001306,도두동 무지개 해안도로,4.0,제주특별자치도
22040,h001306,도두봉,4.0,제주특별자치도
22041,h001309,제주동문시장,5.0,제주특별자치도
22042,h001309,이마트 신제주점,5.0,제주특별자치도
22043,h001309,판포 포구,5.0,제주특별자치도
22044,h001309,애슐리 퀸즈 켄싱턴리조트 서귀포점,5.0,제주특별자치도
22045,h001309,혼인지,5.0,제주특별자치도
22046,h001309,성산일출봉,5.0,제주특별자치도
22047,h001309,김녕해수욕장,5.0,제주특별자치도
22048,h001309,제주동문시장,5.0,제주특별자치도
22049,h001314,제주동문시장,4.666666666666667,제주특별자치도
22050,h001314,협재해수욕장,5.0,제주특별자치도
22051,h001314,신창 풍차 해안,5.0,제주특별자치도
22052,h001314,용연 구름다리,4.0,제주특별자치도
22053,h001314,동한 두기,3.3333333333333335,제주특별자치도
22054,h001314,비밀의 숲,5.0,제주특별자치도
22055,h001316,제주드림타워,3.6666666666666665,제주특별자치도
22056,h001316,마인드 피트니스 제주공항점,5.0,제주특별자치도
22057,h001316,놀이터 서핑,4.333333333333333,제주특별자치도
22058,h001316,선물고팡 협재점,4.333333333333333,제주특별자치도
22059,h001317,김녕해수욕장,5.0,제주특별자치도
22060,h001317,광치기 해변,5.0,제주특별자치도
22061,h001317,표선해수욕장,5.0,제주특별자치도
22062,h001317,물영아리,5.0,제주특별자치도
22063,h001317,사려니숲길 붉은오름 입구,5.0,제주특별자치도
22064,h001317,녹차 동굴,3.0,제주특별자치도
22065,h001317,위미리 수국길,4.0,제주특별자치도
22066,h001317,소천지,5.0,제주특별자치도
22067,h001317,서귀포 매일 올레시장,4.666666666666667,제주특별자치도
22068,h001317,쇠소깍 전통 나룻배 카약 체험 지점,5.0,제주특별자치도
22069,h001317,사계해변,5.0,제주특별자치도
22070,h001317,송악산 둘레길,4.333333333333333,제주특별자치도
22071,h001318,용연 구름다리,3.6666666666666665,제주특별자치도
22072,h001318,용두암,4.0,제주특별자치도
22073,h001318,제주 제트 중문점,5.0,제주특별자치도
22074,h001318,신화 테마파크,5.0,제주특별자치도
22075,h001320,성산포 성당,4.0,제주특별자치도
22076,h001322,용두암,3.0,제주특별자치도
22077,h001322,제주목 관아,3.3333333333333335,제주특별자치도
22078,h001322,제주동문재래시장,4.0,제주특별자치도
22079,h001322,카페 서연의 집,4.0,제주특별자치도
22080,h001322,외돌개 전망대,4.0,제주특별자치도
22081,h001322,돌멩이 감성 소품,3.3333333333333335,제주특별자치도
22082,h001325,테디베어뮤지엄 제주점,3.0,제주특별자치도
22083,h001325,서복전시관,3.3333333333333335,제주특별자치도
22084,h001325,정방폭포,3.0,제주특별자치도
22085,h001326,용연 구름다리,3.3333333333333335,제주특별자치도
22086,h001326,애월 해안도로,3.3333333333333335,제주특별자치도
22087,h001326,남국사,4.333333333333333,제주특별자치도
22088,h001326,마방목지,4.0,제주특별자치도
22089,h001326,오늘은 녹차 한 잔,4.0,제주특별자치도
22090,h001326,다랑쉬 오름,4.0,제주특별자치도
22091,h001326,세화해변,5.0,제주특별자치도
22092,h001326,제주동문재래시장,4.0,제주특별자치도
22093,h001326,넥슨 컴퓨터 박물관,3.3333333333333335,제주특별자치도
22094,h001326,라마다플라자 제주호텔,4.0,제주특별자치도
22095,h001326,용연계곡,4.0,제주특별자치도
22096,h001329,풀베기,2.0,제주특별자치도
22097,h001329,오설록 티 뮤지엄,5.0,제주특별자치도
22098,h001330,아르떼 뮤지엄 제주,4.666666666666667,제주특별자치도
22099,h001330,협재해수욕장,5.0,제주특별자치도
22100,h001330,소천지,4.0,제주특별자치도
22101,h001330,이호 테우해수욕장,3.0,제주특별자치도
22102,h001335,삼양해수욕장,5.0,제주특별자치도
22103,h001335,송악산,4.333333333333333,제주특별자치도
22104,h001336,액트몬 제주 중문점,4.0,제주특별자치도
22105,h001338,협재해수욕장,4.0,제주특별자치도
22106,h001338,금오름,4.0,제주특별자치도
22107,h001338,사계항,2.6666666666666665,제주특별자치도
22108,h001338,사계해변,4.333333333333333,제주특별자치도
22109,h001338,한담 해안산책로,4.333333333333333,제주특별자치도
22110,h001340,한라산,5.0,제주특별자치도
22111,h001340,제주동문시장,5.0,제주특별자치도
22112,h001340,이호 테우해수욕장,3.0,제주특별자치도
22113,h001340,제주동문시장,5.0,제주특별자치도
22114,h001340,스타벅스 제주 서해안로 DT점 주차장,5.0,제주특별자치도
22115,h001345,청굴물,4.0,제주특별자치도
22116,h001345,서귀포 매일 올레시장,4.333333333333333,제주특별자치도
22117,h001345,제동목장 입구 교차로,4.0,제주특별자치도
22118,h001345,이호 테우해수욕장,3.6666666666666665,제주특별자치도
22119,h001354,유드림마트 함덕점,5.0,제주특별자치도
22120,h001354,함덕해수욕장,5.0,제주특별자치도
22121,h001354,걸어가는 늑대들 전이 수 갤러리,5.0,제주특별자치도
22122,h001355,비밀의 숲,3.0,제주특별자치도
22123,h001355,광치기 해변,2.6666666666666665,제주특별자치도
22124,h001355,혼인지,2.3333333333333335,제주특별자치도
22125,h001355,아르떼 뮤지엄 제주,3.0,제주특별자치도
22126,h001359,곽지해수욕장,5.0,제주특별자치도
22127,h001359,비체올린,5.0,제주특별자치도
22128,h001359,헬로키티 아일랜드,5.0,제주특별자치도
22129,h001359,이호 테우해수욕장,5.0,제주특별자치도
22130,h001364,신비의도로,3.3333333333333335,제주특별자치도
22131,h001364,제주도립미술관,4.0,제주특별자치도
22132,h001365,판포 포구,5.0,제주특별자치도
22133,h001365,산방산,5.0,제주특별자치도
22134,h001365,서귀포 매일 올레시장,5.0,제주특별자치도
22135,h001365,천지연폭포,5.0,제주특별자치도
22136,h001365,곽지해수욕장,5.0,제주특별자치도
22137,h001365,한담 해안산책로,5.0,제주특별자치도
22138,h001365,제주동문시장,5.0,제주특별자치도
22139,h001365,함덕해수욕장,5.0,제주특별자치도
22140,h001365,이호 테우해수욕장,5.0,제주특별자치도
22141,h001365,어영공원,5.0,제주특별자치도
22142,h001365,도두동 무지개 해안도로,5.0,제주특별자치도
22143,h001366,비밀의 숲,4.333333333333333,제주특별자치도
22144,h001366,윈드 1947카트 테마파크,5.0,제주특별자치도
22145,h001366,섭지코지 전망대,4.666666666666667,제주특별자치도
22146,h001366,아부오름,5.0,제주특별자치도
22147,h001366,만장굴,3.3333333333333335,제주특별자치도
22148,h001371,상가리 야자숲,3.0,제주특별자치도
22149,h001371,마농 르블랑,5.0,제주특별자치도
22150,h001371,서귀포 매일 올레시장,3.0,제주특별자치도
22151,h001371,황이지 해안,5.0,제주특별자치도
22152,h001371,스누피가든,5.0,제주특별자치도
22153,h001372,아부오름,3.6666666666666665,
22154,h001372,제주동문시장,5.0,
22155,h001373,런던 베이글 뮤지엄 제주점,4.0,제주특별자치도
22156,h001373,사려니숲길,4.0,제주특별자치도
22157,h001373,신창 풍차 해안도로,4.0,제주특별자치도
22158,h001373,이호 테우해수욕장,4.0,제주특별자치도
22159,h001373,삼양해수욕장,4.0,제주특별자치도
22160,h001373,천지연폭포,3.3333333333333335,제주특별자치도
22161,h001373,서귀포 매일 올레시장,3.6666666666666665,제주특별자치도
22162,h001373,광치기 해변,5.0,제주특별자치도
22163,h001375,곽지해수욕장,4.0,제주특별자치도
22164,h001375,사진 놀이터,5.0,제주특별자치도
22165,h001382,빛의 벙커,3.3333333333333335,제주특별자치도
22166,h001382,아쿠아 플라넷 제주,3.3333333333333335,제주특별자치도
22167,h001382,제주에 퐁당 성산점,3.3333333333333335,제주특별자치도
22168,h001382,성산일출봉,4.666666666666667,제주특별자치도
22169,h001382,제주동문시장,3.3333333333333335,제주특별자치도
22170,h001385,신화 테마파크,3.0,제주특별자치도
22171,h001385,신화 워터파크,4.0,제주특별자치도
22172,h001385,서귀포 매일 올레시장,4.0,제주특별자치도
22173,h001385,이중섭거리,5.0,제주특별자치도
22174,h001391,용두암,4.333333333333333,제주특별자치도
22175,h001391,제주동문시장,4.333333333333333,제주특별자치도
22176,h001391,소심한 책방,4.333333333333333,제주특별자치도
22177,h001391,섭지코지,4.333333333333333,제주특별자치도
22178,h001391,표선해수욕장,3.6666666666666665,제주특별자치도
22179,h001391,광치기 해변,3.0,제주특별자치도
22180,h001391,세화해변,4.0,제주특별자치도
22181,h001392,행원 해변,4.0,제주특별자치도
22182,h001392,성산일출봉,4.0,제주특별자치도
22183,h001392,섭지코지,4.0,제주특별자치도
22184,h001392,메이즈랜드,4.0,제주특별자치도
22185,h001392,보래드베이커스,4.666666666666667,제주특별자치도
22186,h001392,사계해변,4.0,제주특별자치도
22187,h001392,윈드 1947카트 테마파크,4.0,제주특별자치도
22188,h001392,서귀포 매일 올레시장,4.0,제주특별자치도
22189,h001392,천지연폭포,4.0,제주특별자치도
22190,h001393,용연 구름다리,3.3333333333333335,제주특별자치도
22191,h001393,용두암,5.0,제주특별자치도
22192,h001396,애월 해안도로,5.0,제주특별자치도
22193,h001396,애월 해안도로,5.0,제주특별자치도
22194,h001396,이호 테우해수욕장,5.0,제주특별자치도
22195,h001397,서귀포 매일 올레시장,3.6666666666666665,제주특별자치도
22196,h001397,쇠소깍 관광지,3.6666666666666665,제주특별자치도
22197,h001397,한담 해안산책로,5.0,제주특별자치도
22198,h001397,성산일출봉,5.0,제주특별자치도
22199,h001397,섭지코지,5.0,제주특별자치도
22200,h001398,한담 해안산책로,3.0,제주특별자치도
22201,h001398,곽지해수욕장,3.6666666666666665,제주특별자치도
22202,h001398,아르떼 뮤지엄 제주,4.333333333333333,제주특별자치도
22203,h001398,헬로키티 아일랜드,4.333333333333333,제주특별자치도
22204,h001398,무민 랜드 제주,2.6666666666666665,제주특별자치도
22205,h001398,섭지코지,4.333333333333333,제주특별자치도
22206,h001404,연화지,5.0,제주특별자치도
22207,h001404,판포 포구,5.0,제주특별자치도
22208,h001404,미레나,5.0,제주특별자치도
22209,h001404,비체올린,5.0,제주특별자치도
22210,h001404,문도지오름,5.0,제주특별자치도
22211,h001406,도두봉,4.0,제주특별자치도
22212,h001406,도두동 무지개 해안도로,4.0,제주특별자치도
22213,h001406,용두암,4.0,제주특별자치도
22214,h001406,용연 구름다리,4.0,제주특별자치도
22215,h001406,제주동문재래시장,4.0,제주특별자치도
22216,h001406,젊은이의 광장,4.0,제주특별자치도
22217,h001406,이호 테우해수욕장,4.0,제주특별자치도
22218,h001406,돌 염전,4.0,제주특별자치도
22219,h001406,더마파크,4.333333333333333,제주특별자치도
22220,h001406,비체올린,4.333333333333333,제주특별자치도
22221,h001406,신창 풍차 해안도로,5.0,제주특별자치도
22222,h001406,금오름,4.0,제주특별자치도
22223,h001406,협재해수욕장,4.333333333333333,
22224,h001406,협재해수욕장,4.0,제주특별자치도
22225,h001406,금능해수욕장,4.0,제주특별자치도
22226,h001406,송악산,3.3333333333333335,제주특별자치도
22227,h001406,제주아트서커스,4.0,제주특별자치도
22228,h001406,새연교,4.0,제주특별자치도
22229,h001406,천지연폭포,4.0,제주특별자치도
22230,h001406,서귀포 매일 올레시장,3.3333333333333335,제주특별자치도
22231,h001406,광치기 해변,4.0,제주특별자치도
22232,h001406,성산일출봉,4.0,제주특별자치도
22233,h001406,제주 아리랑,4.0,제주특별자치도
22234,h001406,섭지코지,4.0,제주특별자치도
22235,h001406,성산일출 해양도립공원,4.0,제주특별자치도
22236,h001406,신흥해수욕장,4.0,
22237,h001406,함덕해수욕장,4.0,제주특별자치도
22238,h001415,수목원길 야시장,3.0,제주특별자치도
22239,h001415,삼무공원,3.3333333333333335,제주특별자치도
22240,h001415,한담 해안산책로,5.0,제주특별자치도
22241,h001415,한담 해안산책로,5.0,제주특별자치도
22242,h001416,도두동 무지개 해안도로,3.0,제주특별자치도
22243,h001416,노을리 카페,4.333333333333333,제주특별자치도
22244,h001416,협재해수욕장,5.0,제주특별자치도
22245,h001421,제주동문시장,5.0,제주특별자치도
22246,h001421,황이지 선녀탕,3.3333333333333335,제주특별자치도
22247,h001421,신창 풍차 해안도로,5.0,제주특별자치도
22248,h001421,판포 포구,5.0,제주특별자치도
22249,h001421,세화해변,3.3333333333333335,제주특별자치도
22250,h001421,빛의 벙커,5.0,제주특별자치도
22251,h001421,함덕해수욕장,4.333333333333333,제주특별자치도
22252,h001428,본태 박물관,4.0,제주특별자치도
22253,h001428,신화 워터파크,5.0,제주특별자치도
22254,h001428,오설록 티 뮤지엄,4.0,제주특별자치도
22255,h001428,신화 워터파크,4.333333333333333,제주특별자치도
22256,h001428,새별 오름,5.0,제주특별자치도
22257,h001429,곽지해수욕장,5.0,제주특별자치도
22258,h001429,아르떼 뮤지엄 제주,5.0,제주특별자치도
22259,h001429,새별 오름,2.3333333333333335,제주특별자치도
22260,h001429,제주아트서커스,5.0,제주특별자치도
22261,h001429,헬로키티 아일랜드,3.6666666666666665,제주특별자치도
22262,h001429,루나폴,4.333333333333333,제주특별자치도
22263,h001429,이호 테우해수욕장,3.6666666666666665,제주특별자치도
22264,h001429,제주동문재래시장,4.0,제주특별자치도
22265,h001433,제주아트서커스,5.0,제주특별자치도
22266,h001433,제주 한림농협 하나로마트,5.0,제주특별자치도
22267,h001433,국립제주박물관,5.0,제주특별자치도
22268,h001433,남국사,5.0,제주특별자치도
22269,h001433,스타벅스 제주 협재점,5.0,제주특별자치도
22270,h001434,제주동문시장,5.0,제주특별자치도
22271,h001434,선물고팡 협재점,5.0,제주특별자치도
22272,h001434,러블리 제주,3.6666666666666665,제주특별자치도
22273,h001434,놀이터 서핑,1.6666666666666667,제주특별자치도
22274,h001434,제주동문시장,5.0,제주특별자치도
22275,h001434,성산일출봉,5.0,제주특별자치도
22276,h001434,우도,5.0,제주특별자치도
22277,h001434,섭지코지,4.0,제주특별자치도
22278,h001436,삼양해수욕장,3.6666666666666665,제주특별자치도
22279,h001436,판포 포구,5.0,제주특별자치도
22280,h001436,11고지 휴게소,5.0,제주특별자치도
22281,h001436,사려니숲길,5.0,제주특별자치도
22282,h001436,제주동문시장,5.0,제주특별자치도
22283,h001438,방주교회,3.6666666666666665,제주특별자치도
22284,h001438,본태 박물관,4.0,제주특별자치도
22285,h001438,산방산,4.0,제주특별자치도
22286,h001438,점보빌리지,4.0,제주특별자치도
22287,h001438,중문색달해수욕장,4.0,제주특별자치도
22288,h001438,자구 미담 수욕장,4.0,제주특별자치도
22289,h001438,정방폭포,3.6666666666666665,제주특별자치도
22290,h001438,아쿠아 플라넷 제주,4.666666666666667,제주특별자치도
22291,h001441,기당미술관,5.0,제주특별자치도
22292,h001441,외돌개,5.0,제주특별자치도
22293,h001441,다구리 문화 예술공원,5.0,제주특별자치도
22294,h001443,제주동문재래시장,4.0,제주특별자치도
22295,h001443,절물자연휴양림,3.3333333333333335,제주특별자치도
22296,h001443,김녕해수욕장,2.3333333333333335,제주특별자치도
22297,h001443,항파두리 항몽 유적지,4.0,제주특별자치도
22298,h001443,곽지해수욕장,4.666666666666667,제주특별자치도
22299,h001443,용두암,4.0,제주특별자치도
22300,h001447,협재해수욕장,5.0,제주특별자치도
22301,h001447,새별 오름,3.6666666666666665,제주특별자치도
22302,h001447,까사로마호텔,5.0,제주특별자치도
22303,h001447,카페 루시아 본점,4.0,제주특별자치도
22304,h001447,사계해변,3.3333333333333335,제주특별자치도
22305,h001447,서귀포 매일 올레시장,4.0,제주특별자치도
22306,h001447,서귀 다원,3.6666666666666665,제주특별자치도
22307,h001447,광치기 해변,4.0,제주특별자치도
22308,h001451,이호 테우 등대,5.0,제주특별자치도
22309,h001451,9.81파크,5.0,제주특별자치도
22310,h001451,절물자연휴양림,5.0,제주특별자치도
22311,h001451,혼인지,5.0,제주특별자치도
22312,h001451,섭지코지,5.0,제주특별자치도
22313,h001451,애월 해안도로,5.0,제주특별자치도
22314,h001451,돌 염전,5.0,제주특별자치도
22315,h001453,판포 포구,2.3333333333333335,제주특별자치도
22316,h001453,수월봉,4.666666666666667,제주특별자치도
22317,h001453,두구리알,5.0,제주특별자치도
22318,h001453,하도 해변,5.0,제주특별자치도
22319,h001453,삼양해수욕장,5.0,제주특별자치도
22320,h001453,제주동문시장,5.0,제주특별자치도
22321,h001453,백약이 오름,3.0,제주특별자치도
22322,h001453,마방목지,5.0,제주특별자치도
22323,h001453,광치기 해변,4.0,제주특별자치도
22324,h001453,빛의 벙커,5.0,제주특별자치도
22325,h001457,미스틱 3도,3.3333333333333335,제주특별자치도
22326,h001457,삼양해수욕장,4.0,제주특별자치도
22327,h001458,도두봉,5.0,제주특별자치도
22328,h001458,안돌오름,5.0,제주특별자치도
22329,h001458,아쿠아 플라넷 제주,5.0,제주특별자치도
22330,h001458,소인국테마파크,2.3333333333333335,제주특별자치도
22331,h001461,협재해수욕장,5.0,제주특별자치도
22332,h001461,제주 월령리 선인장 군락,5.0,제주특별자치도
22333,h001461,미레나,5.0,제주특별자치도
22334,h001461,차귀도 포구,1.0,제주특별자치도
22335,h001461,사계해변,5.0,제주특별자치도
22336,h001461,사계해변,1.0,제주특별자치도
22337,h001461,마농 르블랑,5.0,제주특별자치도
22338,h001461,황이지 해안,2.0,제주특별자치도
22339,h001461,다구리 해안가,3.0,제주특별자치도
22340,h001461,소천지,3.3333333333333335,제주특별자치도
22341,h001461,서귀포 매일 올레시장,5.0,제주특별자치도
22342,h001462,제주 힐링 스쿠터,3.6666666666666665,제주특별자치도
22343,h001462,협재해수욕장,4.666666666666667,제주특별자치도
22344,h001462,9.81파크,3.6666666666666665,제주특별자치도
22345,h001462,애월 카페거리,2.6666666666666665,제주특별자치도
22346,h001462,제주 힐링 스쿠터,3.0,제주특별자치도
22347,h001462,금능해수욕장,4.333333333333333,제주특별자치도
22348,h001464,서프 블루,4.0,제주특별자치도
22349,h001464,함덕해수욕장,5.0,제주특별자치도
22350,h001464,창금,3.0,제주특별자치도
22351,h001464,평대리 해수욕장,4.0,제주특별자치도
22352,h001464,함덕해수욕장,5.0,제주특별자치도
22353,h001464,함덕 오일시장,4.666666666666667,제주특별자치도
22354,h001464,함덕해수욕장,3.6666666666666665,제주특별자치도
22355,h001465,포도 뮤지엄,1.3333333333333333,제주특별자치도
22356,h001465,본태 박물관,2.6666666666666665,제주특별자치도
22357,h001466,오설록 티 뮤지엄,5.0,제주특별자치도
22358,h001466,엉또폭포,5.0,제주특별자치도
22359,h001466,천지연폭포,5.0,제주특별자치도
22360,h001466,외돌개,3.3333333333333335,제주특별자치도
22361,h001466,정방폭포,5.0,제주특별자치도
22362,h001466,천제연폭포,5.0,제주특별자치도
22363,h001466,산방산,5.0,제주특별자치도
22364,h001466,남원큰엉해변,5.0,제주특별자치도
22365,h001466,성산일출봉,5.0,제주특별자치도
22366,h001467,모슬포항,5.0,제주특별자치도
22367,h001467,한라산국립공원,5.0,제주특별자치도
22368,h001468,엉또폭포,4.666666666666667,제주특별자치도
22369,h001468,이마트 서귀포점,5.0,제주특별자치도
22370,h001471,곽지해수욕장,5.0,제주특별자치도
22371,h001473,도두동 무지개 해안도로,3.6666666666666665,제주특별자치도
22372,h001473,협재해수욕장,4.333333333333333,제주특별자치도
22373,h001473,금오름,5.0,제주특별자치도
22374,h001473,노형수퍼마켙,3.6666666666666665,제주특별자치도
22375,h001473,제주동문시장,4.0,제주특별자치도
22376,h001477,제주동문시장,4.0,제주특별자치도
22377,h001477,제주동문시장,5.0,제주특별자치도
22378,h001477,제주 서핑,4.333333333333333,제주특별자치도
22379,h001477,비밀의 숲,5.0,제주특별자치도
22380,h001477,금오름,4.333333333333333,제주특별자치도
22381,h001477,아르떼 뮤지엄 제주,2.6666666666666665,제주특별자치도
22382,h001477,제주동문시장,4.0,제주특별자치도
22383,h001477,성산일출봉,5.0,제주특별자치도
22384,h001478,황이지 선녀탕,5.0,제주특별자치도
22385,h001478,외돌개,4.333333333333333,제주특별자치도
22386,h001478,박수기정,4.0,제주특별자치도
22387,h001481,금능해수욕장,4.0,제주특별자치도
22388,h001481,마농 르블랑,4.0,제주특별자치도
22389,h001481,올레 야시장,4.0,제주특별자치도
22390,h001481,올레 야시장,4.0,제주특별자치도
22391,h001481,천지연폭포,4.0,제주특별자치도
22392,h001481,산방산 탄산온천,4.0,제주특별자치도
22393,h001481,금오름,4.0,제주특별자치도
22394,h001482,거문 오름,5.0,제주특별자치도
22395,h001482,보롬왓,4.0,제주특별자치도
22396,h001482,서귀포 매일 올레시장,3.6666666666666665,제주특별자치도
22397,h001482,정방폭포,4.0,제주특별자치도
22398,h001482,다구리 문화 예술공원,4.0,제주특별자치도
22399,h001482,이중섭거리,4.0,제주특별자치도
22400,h001482,방주교회,4.333333333333333,제주특별자치도
22401,h001482,협재해수욕장,4.0,제주특별자치도
22402,h001482,송악산 둘레길,4.0,제주특별자치도
22403,h001482,수월봉,4.0,제주특별자치도
22404,h001482,제주 곶자왈 도립공원,5.0,제주특별자치도
22405,h001482,한담 해안산책로,4.0,제주특별자치도
22406,h001487,옛 군산세관,4.0,전북
22407,h001487,국립생태원,5.0,충남
22408,h001491,곽지해수욕장,5.0,제주특별자치도
22409,h001491,이호 테우해수욕장,5.0,제주특별자치도
22410,h001491,한림 해안로,5.0,
22411,h001491,신창 풍차 해안도로,5.0,제주특별자치도
22412,h001491,금능해수욕장,5.0,제주특별자치도
22413,h001491,제주동문시장,5.0,제주특별자치도
22414,h001492,서귀포 매일 올레시장,4.0,제주특별자치도
22415,h001492,원 앤 온리,3.0,제주특별자치도
22416,h001492,협재해수욕장,4.0,제주특별자치도
22417,h001493,정방폭포,5.0,제주특별자치도
22418,h001493,휴애리 자연생활공원,4.333333333333333,제주특별자치도
22419,h001493,비자림,5.0,제주특별자치도
22420,h001493,성산일출봉,5.0,제주특별자치도
22421,h001493,외돌개,5.0,제주특별자치도
22422,h001493,애월 해안도로,3.0,제주특별자치도
22423,h001493,용연계곡,3.0,제주특별자치도
22424,h001494,누다 비치,4.0,제주특별자치도
22425,h001494,서귀포 매일 올레시장,4.0,제주특별자치도
22426,h001494,오설록 티 뮤지엄,4.0,제주특별자치도
22427,h001494,엄장해암길,4.0,제주특별자치도
22428,h001494,제주 차귀도 요트투어,4.0,제주특별자치도
22429,h001494,수목원길 야시장,4.0,제주특별자치도
22430,h001497,아르떼 뮤지엄 제주,5.0,제주특별자치도
22431,h001497,행원 해변,5.0,제주특별자치도
22432,h001502,제주동문시장,5.0,제주특별자치도
22433,h001502,9.81파크,5.0,제주특별자치도
22434,h001502,오설록 티 뮤지엄,5.0,제주특별자치도
22435,h001502,자구 미담 수욕장,3.6666666666666665,제주특별자치도
22436,h001502,제동목장 입구 교차로,5.0,제주특별자치도
22437,h001504,김녕해수욕장,4.0,제주특별자치도
22438,h001504,종달리 수국길,5.0,제주특별자치도
22439,h001504,월정리 해수욕장,5.0,제주특별자치도
22440,h001504,한라산국립공원 성판악탐방로,2.6666666666666665,제주특별자치도
22441,h001504,사려니숲길,5.0,제주특별자치도
22442,h001504,빛의 벙커,5.0,제주특별자치도
22443,h001504,비자림,3.0,제주특별자치도
22444,h001505,관덕정,5.0,제주특별자치도
22445,h001505,김만덕기념관,5.0,제주특별자치도
22446,h001505,함덕해수욕장,5.0,제주특별자치도
22447,h001505,청굴물,5.0,제주특별자치도
22448,h001505,용연 구름다리,5.0,제주특별자치도
22449,h001511,표선해수욕장,5.0,제주특별자치도
22450,h001511,세화해변,4.666666666666667,제주특별자치도
22451,h001511,별 방진,4.333333333333333,제주특별자치도
22452,h001511,하도 해변,2.6666666666666665,제주특별자치도
22453,h001511,제주동문재래시장,4.0,제주특별자치도
22454,h001511,함덕해수욕장,5.0,제주특별자치도
22455,h001513,제주동문재래시장,4.0,제주특별자치도
22456,h001513,판포 포구,4.0,제주특별자치도
22457,h001513,환상숲 곶자왈 공원,4.0,제주특별자치도
22458,h001513,제주동문시장,4.0,제주특별자치도
22459,h001516,JW 메리어트 제주리조트 스파,5.0,제주특별자치도
22460,h001516,서귀포 매일 올레시장,3.3333333333333335,제주특별자치도
22461,h001516,서복전시관,4.0,제주특별자치도
22462,h001516,홈플러스 서귀포점,4.333333333333333,제주특별자치도
22463,h001516,쇠소깍 관광지,5.0,제주특별자치도
22464,h001516,서귀포 매일 올레시장,3.3333333333333335,제주특별자치도
22465,h001516,서귀포 매일 올레시장,5.0,제주특별자치도
22466,h001516,외돌개,4.333333333333333,제주특별자치도
22467,h001516,박물관은 살아있다 제주 중문점,5.0,제주특별자치도
22468,h001516,제주동문재래시장,3.6666666666666665,제주특별자치도
22469,h001516,제주동문재래시장,3.3333333333333335,제주특별자치도
22470,h001518,제주동문시장,4.666666666666667,제주특별자치도
22471,h001518,제주동문시장,5.0,제주특별자치도
22472,h001518,노형수퍼마켙,2.6666666666666665,제주특별자치도
22473,h001518,항파두리 항몽 유적지,4.333333333333333,제주특별자치도
22474,h001518,도두봉,5.0,제주특별자치도
22475,h001519,송악산 둘레길,5.0,제주특별자치도
22476,h001519,신화 워터파크,3.3333333333333335,제주특별자치도
22477,h001519,신화 테마파크,3.0,제주특별자치도
22478,h001520,제주동문재래시장,2.3333333333333335,제주특별자치도
22479,h001520,삼양해수욕장,2.3333333333333335,제주특별자치도
22480,h001520,제주신라호텔 수영장,3.0,제주특별자치도
22481,h001520,곽지해수욕장,3.3333333333333335,제주특별자치도
22482,h001526,에브리바디 빈티지 본점,3.3333333333333335,제주특별자치도
22483,h001526,아베베 베이커리,4.333333333333333,제주특별자치도
22484,h001526,제주동문재래시장,4.0,제주특별자치도
22485,h001526,협재해수욕장,4.666666666666667,제주특별자치도
22486,h001526,도두동 무지개 해안도로,4.0,제주특별자치도
22487,h001526,랜디스 도넛 제주 애월점,4.0,제주특별자치도
22488,h001526,카멜리아힐,4.333333333333333,제주특별자치도
22489,h001526,금오름,4.0,제주특별자치도
22490,h001526,금능해수욕장,5.0,제주특별자치도
22491,h001526,제주 카약 올레,4.0,제주특별자치도
22492,h001528,다이소 제주동문시장점,5.0,제주특별자치도
22493,h001528,노형수퍼마켙,5.0,제주특별자치도
22494,h001528,수목원 테마파크,3.3333333333333335,제주특별자치도
22495,h001528,도두동 무지개 해안도로,5.0,제주특별자치도
22496,h001528,이호 테우 등대,5.0,제주특별자치도
22497,h001529,도두동 무지개 해안도로,2.6666666666666665,제주특별자치도
22498,h001529,애월 카페거리,4.0,제주특별자치도
22499,h001529,협재해수욕장,5.0,제주특별자치도
22500,h001529,오설록 티 뮤지엄,2.6666666666666665,제주특별자치도
22501,h001529,제주동문재래시장,4.0,제주특별자치도
22502,h001529,우도,4.0,제주특별자치도
22503,h001530,사려니숲길 붉은오름 입구,4.333333333333333,제주특별자치도
22504,h001530,중문색달해수욕장,4.0,제주특별자치도
22505,h001530,뽀로로 앤 타요 테마파크 제주,4.0,제주특별자치도
22506,h001533,김녕해수욕장,5.0,제주특별자치도
22507,h001535,함덕해수욕장,5.0,제주특별자치도
22508,h001535,김녕해수욕장,4.0,제주특별자치도
22509,h001537,제주동문시장,4.0,제주특별자치도
22510,h001538,제주동문시장,3.3333333333333335,제주특별자치도
22511,h001538,사려니숲길,3.3333333333333335,제주특별자치도
22512,h001538,신흥해수욕장,3.3333333333333335,제주특별자치도
22513,h001540,지미봉,3.6666666666666665,제주특별자치도
22514,h001540,하도 해변,5.0,제주특별자치도
22515,h001541,잃어버린 마을 곤을동,3.0,제주특별자치도
22516,h001541,사라봉,4.0,제주특별자치도
22517,h001541,국립제주박물관,4.333333333333333,제주특별자치도
22518,h001541,김경숙해바라기농장,3.0,제주특별자치도
22519,h001542,알자 크지 해변,5.0,제주특별자치도
22520,h001542,동일리 포구,5.0,제주특별자치도
22521,h001542,김녕해수욕장,4.0,제주특별자치도
22522,h001542,노형수퍼마켙,4.333333333333333,제주특별자치도
22523,h001542,항파두리 항몽 유적지 나 홀로 나무,3.6666666666666665,제주특별자치도
22524,h001542,판포 포구,5.0,제주특별자치도
22525,h001543,노형슈퍼,5.0,제주특별자치도
22526,h001543,김녕해수욕장,3.3333333333333335,제주특별자치도
22527,h001543,성산일출봉,5.0,
22528,h001543,만장굴,2.6666666666666665,제주특별자치도
22529,h001543,약천사,3.0,제주특별자치도
22530,h001543,오설록 티 뮤지엄,4.0,제주특별자치도
22531,h001543,엉또폭포,3.0,제주특별자치도
22532,h001543,비체올린,5.0,제주특별자치도
22533,h001543,제주동문시장,3.0,제주특별자치도
22534,h001551,물영아리,3.3333333333333335,제주특별자치도
22535,h001551,남원큰엉해변,4.666666666666667,제주특별자치도
22536,h001551,삼양해수욕장,4.0,제주특별자치도
22537,h001553,사계해변,5.0,제주특별자치도
22538,h001553,포도 뮤지엄,3.6666666666666665,제주특별자치도
22539,h001557,노형수퍼마켙,5.0,제주특별자치도
22540,h001557,오설록 티 뮤지엄,3.3333333333333335,제주특별자치도
22541,h001557,신창 풍차 해안,5.0,제주특별자치도
22542,h001557,협재해수욕장,5.0,제주특별자치도
22543,h001557,청아 투명 카약,5.0,제주특별자치도
22544,h001557,제주동문재래시장,4.0,제주특별자치도
22545,h001560,사계해변,5.0,제주특별자치도
22546,h001562,협재해수욕장,4.0,제주특별자치도
22547,h001562,유동룡 이타미 준 미술관,5.0,제주특별자치도
22548,h001562,곽지해수욕장,4.0,제주특별자치도
22549,h001563,중문색달해수욕장,5.0,제주특별자치도
22550,h001563,노을해안길 1코스,5.0,제주특별자치도
22551,h001563,차귀도 포구,4.0,제주특별자치도
22552,h001564,이성당 신관,3.0,전북
22553,h001564,군산근대화 거리,3.0,전북
22554,h001564,무녀도,5.0,전북
22555,h001564,대장봉,5.0,전북
22556,h001564,선유도,2.0,전북
22557,h001564,선유도해수욕장,4.0,전북
22558,h001566,고성 오일 시장,2.3333333333333335,제주특별자치도
22559,h001566,성산일출봉,5.0,제주특별자치도
22560,h001566,광치기 해변,5.0,제주특별자치도
22561,h001570,백약이 오름,5.0,제주특별자치도
22562,h001570,만장굴,3.6666666666666665,제주특별자치도
22563,h001570,김녕해수욕장,5.0,제주특별자치도
22564,h001570,액트몬 제주 중문점,4.0,제주특별자치도
22565,h001570,그랑블루 요트투어,4.333333333333333,제주특별자치도
22566,h001570,제주 제트 중문점,4.0,제주특별자치도
22567,h001570,판포 포구,5.0,제주특별자치도
22568,h001570,제주동문시장,2.6666666666666665,제주특별자치도
22569,h001570,9.81파크,5.0,제주특별자치도
22570,h001572,산방산,4.0,제주특별자치도
22571,h001572,절물자연휴양림,5.0,제주특별자치도
22572,h001572,종묘,4.0,서울
22573,h001572,창덕궁,4.0,서울
22574,h001572,창덕궁,4.0,서울
22575,h001572,서울숲,3.6666666666666665,서울
22576,h001572,명동거리,3.3333333333333335,서울
22577,h001572,천주교 서울 대교구 주교좌 명동 대성당,4.333333333333333,서울
22578,h001574,서프 홀릭 다대포,5.0,부산
22579,h001574,제주동문시장,5.0,제주특별자치도
22580,h001574,만장굴,5.0,제주특별자치도
22581,h001574,월정리 해수욕장,4.333333333333333,제주특별자치도
22582,h001574,비밀의 숲,4.333333333333333,제주특별자치도
22583,h001574,세화해변,4.0,제주특별자치도
22584,h001574,우도,5.0,제주특별자치도
22585,h001574,우도,5.0,제주특별자치도
22586,h001574,우도봉,5.0,제주특별자치도
22587,h001574,성산일출봉,5.0,제주특별자치도
22588,h001574,한라산국립공원,5.0,제주특별자치도
22589,h001581,서귀포 매일 올레시장,5.0,제주특별자치도
22590,h001581,사려니숲길,5.0,제주특별자치도
22591,h001581,산방산 탄산온천,3.6666666666666665,제주특별자치도
22592,h001581,판포 포구,1.0,제주특별자치도
22593,h001581,협재해수욕장,5.0,제주특별자치도
22594,h001582,문도지오름,4.333333333333333,제주특별자치도
22595,h001582,제주도립 김창열 미술관,4.666666666666667,제주특별자치도
22596,h001582,위이,5.0,제주특별자치도
22597,h001582,과물 노천탕,3.0,제주특별자치도
22598,h001582,용두암,3.3333333333333335,제주특별자치도
22599,h001582,올레길 17코스(광령-제주 원도심 올레),4.666666666666667,제주특별자치도
22600,h001595,협재해수욕장,4.0,제주특별자치도
22601,h001596,창금,5.0,제주특별자치도
22602,h001596,서어봉,5.0,제주특별자치도
22603,h001596,세화해변,5.0,제주특별자치도
22604,h001596,혼인지,5.0,제주특별자치도
22605,h001596,섭지코지,5.0,제주특별자치도
22606,h001596,우도,5.0,제주특별자치도
22607,h001596,우도,5.0,제주특별자치도
22608,h001596,우도,5.0,제주특별자치도
22609,h001602,중문색달해수욕장,3.0,제주특별자치도
22610,h001602,천제연폭포,4.0,제주특별자치도
22611,h001602,중문 대표 주상절리대,3.0,제주특별자치도
22612,h001603,누워 마루 거리,3.6666666666666665,제주특별자치도
22613,h001603,도두몰,4.0,제주특별자치도
22614,h001603,페이보릿,4.333333333333333,제주특별자치도
22615,h001603,함덕해수욕장,4.333333333333333,제주특별자치도
22616,h001607,곽지해수욕장,3.0,제주특별자치도
22617,h001607,금능해수욕장,5.0,제주특별자치도
22618,h001607,헬로키티 아일랜드,4.666666666666667,제주특별자치도
22619,h001610,오설록 티 뮤지엄,5.0,제주특별자치도
22620,h001610,금오름,5.0,제주특별자치도
22621,h001610,서귀포 매일 올레시장,4.666666666666667,제주특별자치도
22622,h001610,한림수협 위판장,5.0,제주특별자치도
22623,h001610,협재해수욕장,3.3333333333333335,제주특별자치도
22624,h001610,다락쉼터,5.0,제주특별자치도
22625,h001610,제주동문재래시장,5.0,제주특별자치도
22626,h001612,국립제주박물관,5.0,제주특별자치도
22627,h001612,제주동문재래시장,4.0,제주특별자치도
22628,h001612,하나로마트 제주점,4.0,제주특별자치도
22629,h001612,서귀포 매일 올레시장,4.0,제주특별자치도
22630,h001612,무민 랜드 제주,5.0,제주특별자치도
22631,h001612,이마트 서귀포점,4.0,제주특별자치도
22632,h001612,제주관광공사 지정면세점,5.0,제주특별자치도
22633,h001612,헬로키티 아일랜드,4.0,제주특별자치도
22634,h001614,목장 카페 밭디,4.666666666666667,제주특별자치도
22635,h001614,성산일출봉,5.0,제주특별자치도
22636,h001615,엉또폭포,4.333333333333333,제주특별자치도
22637,h001616,평대리 해수욕장,5.0,제주특별자치도
22638,h001617,서귀포 매일 올레시장,5.0,제주특별자치도
22639,h001617,협재해수욕장,5.0,제주특별자치도
22640,h001617,루나폴,5.0,제주특별자치도
22641,h001617,카멜리아힐,5.0,제주특별자치도
22642,h001617,방주교회,5.0,제주특별자치도
22643,h001620,다이소 제주 함덕점,4.0,제주특별자치도
22644,h001620,와흘메밀농촌체험휴양마을,5.0,제주특별자치도
22645,h001620,함덕해수욕장,5.0,제주특별자치도
22646,h001620,평대리 해수욕장,5.0,제주특별자치도
22647,h001620,교래자연휴양림,4.333333333333333,제주특별자치도
22648,h001629,정방폭포,3.0,제주특별자치도
22649,h001629,쇠소깍,4.0,제주특별자치도
22650,h001633,전등사,4.0,인천
22651,h001633,마니산,4.0,
22652,h001633,보문사,4.0,서울
22653,h001633,을왕리 해수욕장,4.0,인천
22654,h001643,이호 테우 등대,5.0,제주특별자치도
22655,h001643,제주 곶자왈 도립공원,5.0,제주특별자치도
22656,h001643,신화 테마파크,4.0,제주특별자치도
22657,h001643,원 앤 온리,5.0,제주특별자치도
22658,h001645,과물 노천탕,4.666666666666667,제주특별자치도
22659,h001645,뿔소라공원,2.3333333333333335,제주특별자치도
22660,h001645,수월봉,5.0,제주특별자치도
22661,h001645,협재해수욕장,5.0,제주특별자치도
22662,h001647,제주동문시장,4.666666666666667,제주특별자치도
22663,h001647,동문 올레 수산,2.6666666666666665,제주특별자치도
22664,h001647,판포 포구,4.0,제주특별자치도
22665,h001647,동문 올레 수산,2.6666666666666665,제주특별자치도
22666,h001647,제주동문재래시장,3.3333333333333335,제주특별자치도
22667,h001647,사려니숲길 입구,3.0,제주특별자치도
22668,h001647,용연계곡,3.6666666666666665,제주특별자치도
22669,h001647,용두암,3.3333333333333335,제주특별자치도
22670,h001655,사려니숲길,5.0,제주특별자치도
22671,h001655,사계해변,5.0,제주특별자치도
22672,h001655,서귀포 매일 올레시장,5.0,제주특별자치도
22673,h001655,우도,5.0,제주특별자치도
22674,h001655,제주동문재래시장,5.0,제주특별자치도
22675,h001660,제주동문재래시장,4.0,제주특별자치도
22676,h001660,한림공원,4.0,제주특별자치도
22677,h001660,제주동문재래시장,4.0,제주특별자치도
22678,h001660,용두암,3.0,제주특별자치도
22679,h001662,행원 해변,4.0,제주특별자치도
22680,h001662,비자림,3.3333333333333335,제주특별자치도
22681,h001662,문도지오름,4.333333333333333,제주특별자치도
22682,h001662,포도 뮤지엄,3.3333333333333335,제주특별자치도
22683,h001662,박물관은 살아있다 제주 중문점,2.6666666666666665,제주특별자치도
22684,h001662,환상숲 곶자왈 공원,3.0,제주특별자치도
22685,h001663,도두동 무지개 해안도로,5.0,제주특별자치도
22686,h001663,잃어버린 마을 곤을동,4.0,제주특별자치도
22687,h001663,다이소 제주 함덕점,5.0,제주특별자치도
22688,h001663,함덕해수욕장,5.0,제주특별자치도
22689,h001663,수목원길 야시장,5.0,제주특별자치도
22690,h001663,봄날,5.0,
22691,h001663,제주현대미술관,5.0,제주특별자치도
22692,h001663,카페 모알보알,5.0,제주특별자치도
22693,h001663,빛의 벙커,5.0,제주특별자치도
22694,h001663,송악산,5.0,제주특별자치도
22695,h001663,서귀포 매일 올레시장,5.0,제주특별자치도
22696,h001666,닭머르,4.0,제주특별자치도
22697,h001666,관곶,3.6666666666666665,제주특별자치도
22698,h001666,비밀의 숲,3.6666666666666665,제주특별자치도
22699,h001666,세화해변,4.333333333333333,제주특별자치도
22700,h001666,오저여,3.6666666666666665,제주특별자치도
22701,h001668,대원정사,4.0,제주특별자치도
22702,h001668,올레길 17코스(광령-제주 원도심 올레),5.0,제주특별자치도
22703,h001668,이호 테우해수욕장,4.0,제주특별자치도
22704,h001668,한라수목원,5.0,제주특별자치도
22705,h001668,판포 포구,5.0,제주특별자치도
22706,h001668,스누피가든,3.3333333333333335,제주특별자치도
22707,h001668,사라봉,3.3333333333333335,제주특별자치도
22708,h001668,제주동문재래시장,3.6666666666666665,제주특별자치도
22709,h001670,제주항공 우주 박물관,4.333333333333333,제주특별자치도
22710,h001670,문도지오름,5.0,제주특별자치도
22711,h001670,하효 쇠소깍 해변,5.0,제주특별자치도
22712,h001670,서귀포 매일 올레시장,3.0,제주특별자치도
22713,h001670,정방폭포,2.3333333333333335,제주특별자치도
22714,h001672,소정방폭포,4.333333333333333,제주특별자치도
22715,h001672,정방폭포,4.333333333333333,제주특별자치도
22716,h001672,서귀포 매일 올레시장,4.0,제주특별자치도
22717,h001672,서귀포시 중앙도서관,5.0,제주특별자치도
22718,h001672,서귀포시 중앙도서관,5.0,제주특별자치도
22719,h001672,황이지 선녀탕,4.333333333333333,제주특별자치도
22720,h001675,만장굴,3.6666666666666665,제주특별자치도
22721,h001675,고성 오일 시장,2.3333333333333335,제주특별자치도
22722,h001675,쇠소깍 산물 관광농원,1.3333333333333333,제주특별자치도
22723,h001676,물영아리,3.3333333333333335,제주특별자치도
22724,h001676,신도포구,4.0,제주특별자치도
22725,h001676,애월 카페거리,4.0,제주특별자치도
22726,h001676,연동,3.0,제주특별자치도
22727,h001676,금오름,4.0,제주특별자치도
22728,h001676,코난 비치,4.0,
22729,h001681,서귀포 매일 올레시장,5.0,제주특별자치도
22730,h001681,비자림,5.0,제주특별자치도
22731,h001681,약천사,5.0,제주특별자치도
22732,h001683,서프 블루,5.0,제주특별자치도
22733,h001683,만장굴,3.3333333333333335,제주특별자치도
22734,h001683,성산일출봉,4.666666666666667,제주특별자치도
22735,h001683,월정리 해수욕장,3.3333333333333335,제주특별자치도
22736,h001683,제주특별자치도 민속자연사박물관,5.0,제주특별자치도
22737,h001683,제주동문시장,3.0,제주특별자치도
22738,h001686,판포 포구,2.3333333333333335,제주특별자치도
22739,h001686,백약이 오름,3.0,제주특별자치도
22740,h001686,함덕해수욕장,3.3333333333333335,제주특별자치도
22741,h001686,월정리 해수욕장,4.666666666666667,제주특별자치도
22742,h001686,성산일출봉,4.666666666666667,제주특별자치도
22743,h001688,금능해수욕장,4.666666666666667,제주특별자치도
22744,h001690,이마트 신제주점,5.0,제주특별자치도
22745,h001690,비자림,2.6666666666666665,제주특별자치도
22746,h001690,에코랜드 테마파크,5.0,제주특별자치도
22747,h001690,함덕해수욕장,5.0,제주특별자치도
22748,h001690,섭지코지,5.0,제주특별자치도
22749,h001690,수목원길 야시장,4.0,제주특별자치도
22750,h001693,제주동문시장,3.6666666666666665,제주특별자치도
22751,h001693,이마트 제주점,2.3333333333333335,제주특별자치도
22752,h001693,중문색달해수욕장,5.0,제주특별자치도
22753,h001695,용두암,4.0,제주특별자치도
22754,h001695,아르떼 뮤지엄 제주,3.3333333333333335,제주특별자치도
22755,h001695,한림공원,5.0,제주특별자치도
22756,h001695,서귀포 매일 올레시장,4.0,제주특별자치도
22757,h001695,천제연폭포,4.0,제주특별자치도
22758,h001695,방주교회,2.0,제주특별자치도
22759,h001695,오설록 티 뮤지엄,3.3333333333333335,제주특별자치도
22760,h001695,사계해변,3.0,제주특별자치도
22761,h001695,사계해변,3.0,제주특별자치도
22762,h001695,이중섭거리,3.6666666666666665,제주특별자치도
22763,h001697,사계해변,5.0,제주특별자치도
22764,h001697,오설록 티 뮤지엄,5.0,제주특별자치도
22765,h001697,협재해수욕장,5.0,제주특별자치도
22766,h001699,물영아리,5.0,제주특별자치도
22767,h001699,소정방폭포,5.0,제주특별자치도
22768,h001699,소천지,5.0,제주특별자치도
22769,h001699,백주산보,5.0,제주특별자치도
22770,h001700,함덕해수욕장,4.0,제주특별자치도
22771,h001700,함덕해수욕장,3.6666666666666665,제주특별자치도
22772,h001700,만장굴,3.0,제주특별자치도
22773,h001703,방주교회,5.0,제주특별자치도
22774,h001703,엉또폭포,5.0,제주특별자치도
22775,h001703,약천사,5.0,제주특별자치도
22776,h001705,신화 워터파크,3.6666666666666665,제주특별자치도
22777,h001705,제주신화 월드 쇼핑몰,4.0,제주특별자치도
22778,h001705,신화 워터파크,5.0,제주특별자치도
22779,h001705,신화 테마파크,3.0,제주특별자치도
22780,h001705,리틀 프린스 뮤지엄,4.0,제주특별자치도
22781,h001705,기당미술관,4.333333333333333,제주특별자치도
22782,h001705,와종 미술관,4.0,제주특별자치도
22783,h001705,이중섭미술관,4.0,제주특별자치도
22784,h001705,서귀포 매일 올레시장,5.0,제주특별자치도
22785,h001705,산방산,4.0,제주특별자치도
22786,h001705,오설록 티 뮤지엄,5.0,제주특별자치도
22787,h001706,새연교,2.0,제주특별자치도
22788,h001706,서귀포 매일 올레시장,5.0,제주특별자치도
22789,h001706,쇠소깍,5.0,제주특별자치도
22790,h001706,에코랜드 테마파크,5.0,제주특별자치도
22791,h001713,행원 해변,5.0,
22792,h001713,오조포구,5.0,제주특별자치도
22793,h001713,성이시돌목장,3.3333333333333335,제주특별자치도
22794,h001713,서귀포 매일 올레시장,4.0,제주특별자치도
22795,h001713,이중섭거리,4.0,제주특별자치도
22796,h001713,이중섭미술관,3.6666666666666665,제주특별자치도
22797,h001713,외돌개,4.0,제주특별자치도
22798,h001713,테디 제주 바이 올레,4.0,제주특별자치도
22799,h001713,행원 해변,5.0,제주특별자치도
22800,h001719,제주동문시장,4.0,제주특별자치도
22801,h001719,우도,4.0,제주특별자치도
22802,h001719,우도,4.0,제주특별자치도
22803,h001719,우도,4.0,제주특별자치도
22804,h001719,광치기 해변,4.333333333333333,제주특별자치도
22805,h001719,섭지코지,4.0,제주특별자치도
22806,h001719,큰엉해안경승지,3.3333333333333335,
22807,h001719,용연 구름다리,3.3333333333333335,제주특별자치도
22808,h001719,동한 두기,3.3333333333333335,제주특별자치도
22809,h001719,제주동문시장,4.0,제주특별자치도
22810,h001720,성산일출봉,4.666666666666667,
22811,h001720,페이보릿,2.3333333333333335,제주특별자치도
22812,h001724,제주 월드컵 경기장,5.0,제주특별자치도
22813,h001724,제주 월드컵 경기장,5.0,제주특별자치도
22814,h001724,정방폭포,1.0,제주특별자치도
22815,h001724,서귀포 매일 올레시장,2.0,제주특별자치도
22816,h001724,외돌개,1.6666666666666667,제주특별자치도
22817,h001726,국립제주박물관,2.6666666666666665,제주특별자치도
22818,h001726,넥슨 컴퓨터 박물관,5.0,제주특별자치도
22819,h001726,한라수목원,3.0,제주특별자치도
22820,h001726,9.81파크,5.0,제주특별자치도
22821,h001726,제주현대미술관,5.0,제주특별자치도
22822,h001726,제주항공 우주 박물관,5.0,제주특별자치도
22823,h001726,사계해변,5.0,제주특별자치도
22824,h001726,제주 투사관,3.3333333333333335,제주특별자치도
22825,h001726,차귀도 포구,3.3333333333333335,제주특별자치도
22826,h001726,리틀 프린스 뮤지엄,4.0,제주특별자치도
22827,h001726,효명사,5.0,제주특별자치도
22828,h001726,스누피가든,5.0,제주특별자치도
22829,h001726,비밀의 숲,5.0,제주특별자치도
22830,h001726,만장굴,3.0,제주특별자치도
22831,h001726,월정리 해수욕장,5.0,제주특별자치도
22832,h001727,성산일출봉,4.0,제주특별자치도
22833,h001727,서귀포 매일 올레시장,4.333333333333333,제주특별자치도
22834,h001727,큰엉,3.6666666666666665,제주특별자치도
22835,h001728,용두암,5.0,제주특별자치도
22836,h001728,외돌개,5.0,제주특별자치도
22837,h001728,마라도,5.0,제주특별자치도
22838,h001728,천지연폭포,5.0,제주특별자치도
22839,h001728,정방폭포,5.0,제주특별자치도
22840,h001728,성산일출봉,5.0,제주특별자치도
22841,h001731,제주동문시장,1.3333333333333333,제주특별자치도
22842,h001731,탑동 광장,2.0,제주특별자치도
22843,h001731,제주도립 김창열 미술관,5.0,제주특별자치도
22844,h001731,곽지해수욕장,5.0,제주특별자치도
22845,h001731,협재해수욕장,5.0,제주특별자치도
22846,h001731,섭지코지,5.0,제주특별자치도
22847,h001731,스누피가든,5.0,제주특별자치도
22848,h001731,올레길 16코스(고내-광령 올레),5.0,제주특별자치도
22849,h001731,한라산 11고지,3.3333333333333335,제주특별자치도
22850,h001737,비자림,4.0,제주특별자치도
22851,h001737,헬로 제주,4.0,제주특별자치도
22852,h001737,제주해양 동물 박물관,5.0,제주특별자치도
22853,h001737,우도,4.333333333333333,제주특별자치도
22854,h001737,쇠머리 오름,5.0,제주특별자치도
22855,h001737,우도,4.666666666666667,제주특별자치도
22856,h001737,지미 수우도 보트 관광,5.0,제주특별자치도
22857,h001737,서귀포 매일 올레시장,5.0,제주특별자치도
22858,h001737,정방폭포,5.0,제주특별자치도
22859,h001737,쇠소깍,4.333333333333333,제주특별자치도
22860,h001737,휴애리 자연생활공원,5.0,제주특별자치도
22861,h001737,국립제주박물관,5.0,제주특별자치도
22862,h001739,한담 해안산책로,3.3333333333333335,제주특별자치도
22863,h001739,곽지해수욕장,3.3333333333333335,제주특별자치도
22864,h001739,아르떼 뮤지엄 제주,4.0,제주특별자치도
22865,h001742,함덕해수욕장,3.0,제주특별자치도
22866,h001742,서귀포 유람선,4.0,제주특별자치도
22867,h001742,제주아트서커스,4.0,제주특별자치도
22868,h001742,점보빌리지,4.0,제주특별자치도
22869,h001742,루나폴,5.0,제주특별자치도
22870,h001742,화순금모래해수욕장,3.0,제주특별자치도
22871,h001742,헬로키티 아일랜드,5.0,제주특별자치도
22872,h001742,금능해수욕장,5.0,제주특별자치도
22873,h001742,제주항공 우주 박물관,5.0,제주특별자치도
22874,h001742,고내포구,3.0,제주특별자치도
22875,h001742,아침미소목장,5.0,제주특별자치도
22876,h001744,칠성으로 쇼핑거리,4.0,제주특별자치도
22877,h001744,아침미소목장,4.0,제주특별자치도
22878,h001744,김녕해수욕장,5.0,제주특별자치도
22879,h001744,제주동문재래시장,4.666666666666667,제주특별자치도
22880,h001744,아르떼 뮤지엄 제주,4.333333333333333,제주특별자치도
22881,h001744,하루 필름 제주 애월점,4.666666666666667,제주특별자치도
22882,h001744,돌 염전,4.666666666666667,제주특별자치도
22883,h001750,서귀포 매일 올레시장,5.0,제주특별자치도
22884,h001750,해비치 호텔&리조트 제주,5.0,제주특별자치도
22885,h001750,사려니숲길 붉은오름 입구,5.0,제주특별자치도
22886,h001750,함덕해수욕장,5.0,제주특별자치도
22887,h001752,김만덕기념관,5.0,제주특별자치도
22888,h001752,도두동 무지개 해안도로,4.0,제주특별자치도
22889,h001752,탑동 광장,4.0,제주특별자치도
22890,h001752,인피니티리조트,4.0,제주특별자치도
22891,h001752,함덕해수욕장,4.0,제주특별자치도
22892,h001752,서어봉,4.0,제주특별자치도
22893,h001752,인피니티리조트,5.0,제주특별자치도
22894,h001752,제주동문재래시장,4.0,제주특별자치도
22895,h001752,협재해수욕장,4.0,제주특별자치도
22896,h001752,금능해수욕장,5.0,제주특별자치도
22897,h001752,9.81파크,1.6666666666666667,제주특별자치도
22898,h001755,협재해수욕장,5.0,제주특별자치도
22899,h001755,산방산,5.0,제주특별자치도
22900,h001755,마농 르블랑,5.0,제주특별자치도
22901,h001763,오조포구,5.0,제주특별자치도
22902,h001763,신양섭지해수욕장,4.0,제주특별자치도
22903,h001763,광치기 해변,5.0,제주특별자치도
22904,h001763,성산일출봉,5.0,제주특별자치도
22905,h001763,혼인지,4.0,제주특별자치도
22906,h001767,한담 해안산책로,3.3333333333333335,제주특별자치도
22907,h001767,아르떼 뮤지엄 제주,2.6666666666666665,제주특별자치도
22908,h001767,산방산 탄산온천,5.0,제주특별자치도
22909,h001767,김녕해수욕장,5.0,제주특별자치도
22910,h001767,함덕해수욕장,5.0,제주특별자치도
22911,h001767,함덕해수욕장,4.0,제주특별자치도
22912,h001768,우도,3.3333333333333335,제주특별자치도
22913,h001768,올레길 1코스(시흥-광치기 올레),4.0,제주특별자치도
22914,h001768,성산일출봉,3.3333333333333335,제주특별자치도
22915,h001768,성산일출봉 농협 하나로마트,2.0,제주특별자치도
22916,h001768,광치기 해변,3.6666666666666665,제주특별자치도
22917,h001768,비자림,4.0,제주특별자치도
22918,h001768,제주동문시장,3.0,제주특별자치도
22919,h001768,탑동 광장,3.0,제주특별자치도
22920,h001768,제주동문시장,4.0,제주특별자치도
22921,h001768,삼무공원,3.3333333333333335,제주특별자치도
22922,h001771,안도라,5.0,제주특별자치도
22923,h001771,송당 무끈모루,5.0,제주특별자치도
22924,h001771,함덕해수욕장,5.0,제주특별자치도
22925,h001771,함덕해수욕장,5.0,제주특별자치도
22926,h001771,서어봉,3.6666666666666665,제주특별자치도
22927,h001771,청굴물,5.0,제주특별자치도
22928,h001771,니모스토리,5.0,제주특별자치도
22929,h001771,이호 테우해수욕장,3.3333333333333335,제주특별자치도
22930,h001771,도두봉,5.0,제주특별자치도
22931,h001771,도두동 무지개 해안도로,3.6666666666666665,제주특별자치도
22932,h001771,제주동문재래시장,5.0,제주특별자치도
22933,h001771,포토이즘박스 제주동문시장점,5.0,제주특별자치도
22934,h001771,아라리오 뮤지엄 탑동 시네마,5.0,제주특별자치도
22935,h001771,디앤디파트먼트 제주,3.0,제주특별자치도
22936,h001771,프라이탁 제주점,3.0,제주특별자치도
22937,h001784,바이 제주,5.0,제주특별자치도
22938,h001784,송악산,5.0,제주특별자치도
22939,h001784,건강과 성 박물관,5.0,제주특별자치도
22940,h001784,서귀포 매일 올레시장,5.0,제주특별자치도
22941,h001784,아쿠아 플라넷 제주,5.0,제주특별자치도
22942,h001784,성산일출봉,5.0,제주특별자치도
22943,h001788,박물관은 살아있다 제주 중문점,4.666666666666667,제주특별자치도
22944,h001788,이중섭미술관,4.0,제주특별자치도
22945,h001788,이중섭거리,4.0,제주특별자치도
22946,h001788,서귀포 매일 올레시장,5.0,제주특별자치도
22947,h001788,황이지 선녀탕,1.3333333333333333,제주특별자치도
22948,h001788,논짓물해변,5.0,제주특별자치도
22949,h001788,소인국테마파크,5.0,제주특별자치도
22950,h001789,다정이네 올레시장 본점,5.0,제주특별자치도
22951,h001789,외돌개,5.0,제주특별자치도
22952,h001789,카멜리아힐,5.0,제주특별자치도
22953,h001789,서귀포 매일 올레시장,5.0,
22954,h001789,아베베 베이커리,5.0,제주특별자치도
22955,h001794,용두암,3.3333333333333335,제주특별자치도
22956,h001794,제주동문시장,4.0,제주특별자치도
22957,h001794,함덕해수욕장,4.0,제주특별자치도
22958,h001794,스누피가든,4.0,제주특별자치도
22959,h001794,안도라,4.0,대전
22960,h001794,제주동문시장,4.0,제주특별자치도
22961,h001796,용두암,5.0,제주특별자치도
22962,h001796,도두동 무지개 해안도로,5.0,제주특별자치도
22963,h001796,사려니숲길,5.0,제주특별자치도
22964,h001796,남원큰엉해변,5.0,제주특별자치도
22965,h001796,혼인지,5.0,제주특별자치도
22966,h001796,한라산국립공원 영실탐방로,5.0,제주특별자치도
22967,h001796,서귀포 매일 올레시장,3.0,제주특별자치도
22968,h001796,수월봉,5.0,제주특별자치도
22969,h001796,동일리 포구,5.0,제주특별자치도
22970,h001796,동일리 포구,5.0,제주특별자치도
22971,h001797,월정리 해수욕장,4.0,제주특별자치도
22972,h001797,만장굴,4.0,제주특별자치도
22973,h001797,월정리 해수욕장,4.0,제주특별자치도
22974,h001797,제주동문시장,4.0,제주특별자치도
22975,h001799,중문색달해수욕장,4.0,제주특별자치도
22976,h001799,박물관은 살아있다 제주 중문점,4.0,제주특별자치도
22977,h001799,새섬,4.0,제주특별자치도
22978,h001799,한라생태숲,4.0,제주특별자치도
22979,h001803,다랑쉬 오름,5.0,제주특별자치도
22980,h001803,김녕해수욕장,5.0,제주특별자치도
22981,h001803,사계해변,5.0,제주특별자치도
22982,h001803,판포 포구,5.0,제주특별자치도
22983,h001803,대정농협 하나로마트,5.0,제주특별자치도
22984,h001803,마라도,5.0,제주특별자치도
22985,h001807,제주동문재래시장,3.0,제주특별자치도
22986,h001807,오설록 티 뮤지엄,5.0,제주특별자치도
22987,h001807,오설록 티 뮤지엄,5.0,제주특별자치도
22988,h001807,테디베어뮤지엄 제주점,4.333333333333333,제주특별자치도
22989,h001807,천제연폭포,3.6666666666666665,제주특별자치도
22990,h001807,함덕해수욕장,5.0,제주특별자치도
22991,h001807,모리아 상점,3.6666666666666665,제주특별자치도
22992,h001807,제주 기념품 가게 올레 파머스 함덕,3.3333333333333335,제주특별자치도
22993,h001807,헬로 제주,5.0,제주특별자치도
22994,h001807,신세계백화점 천안아산점,5.0,충남
22995,h001811,학동 흑진주 몽돌해변,4.0,경남
22996,h001811,바람의 언덕,5.0,경남
22997,h001819,삼양해수욕장,4.0,제주특별자치도
22998,h001819,에브리바디 빈티지 본점,5.0,제주특별자치도
22999,h001819,판포 포구,5.0,제주특별자치도
23000,h001820,스타벅스 제주 서해안로 DT점 주차장,4.0,제주특별자치도
23001,h001820,바이 제주,4.0,제주특별자치도
23002,h001820,리틀 프린스 뮤지엄,4.0,제주특별자치도
23003,h001820,오설록 티 뮤지엄,4.0,제주특별자치도
23004,h001820,김녕해수욕장,2.6666666666666665,제주특별자치도
23005,h001820,제주동문시장,3.3333333333333335,제주특별자치도
23006,h001831,수월봉,4.333333333333333,제주특별자치도
23007,h001831,신창 풍차 해안도로,4.333333333333333,제주특별자치도
23008,h001835,제주동문시장,4.0,제주특별자치도
23009,h001835,산지천,3.6666666666666665,제주특별자치도
23010,h001835,우리 회수산,1.0,제주특별자치도
23011,h001835,함덕해수욕장,4.0,제주특별자치도
23012,h001835,한라수목원,4.0,제주특별자치도
23013,h001835,롯데시네마 제주 연동,4.0,제주특별자치도
23014,h001838,제주 곶자왈 도립공원,4.0,제주특별자치도
23015,h001838,포도 뮤지엄,4.333333333333333,제주특별자치도
23016,h001838,본태 박물관,5.0,제주특별자치도
23017,h001838,가파도,3.3333333333333335,제주특별자치도
23018,h001842,도두동 무지개 해안도로,3.6666666666666665,제주특별자치도
23019,h001842,세리월드,2.3333333333333335,제주특별자치도
23020,h001842,서귀포 매일 올레시장,4.666666666666667,제주특별자치도
23021,h001842,쇠소깍,4.666666666666667,제주특별자치도
23022,h001842,보롬왓,5.0,제주특별자치도
23023,h001842,빛의 벙커,5.0,제주특별자치도
23024,h001842,성산일출봉,5.0,제주특별자치도
23025,h001842,김녕해수욕장,5.0,제주특별자치도
23026,h001842,함덕해수욕장,4.0,제주특별자치도
23027,h001842,삼성혈,3.3333333333333335,제주특별자치도
23028,h001842,용두암,4.0,제주특별자치도
23029,h001843,오설록 티 뮤지엄,5.0,제주특별자치도
23030,h001843,신화 워터파크,3.0,제주특별자치도
23031,h001843,신화 워터파크,3.0,제주특별자치도
23032,h001843,신화 테마파크,3.0,제주특별자치도
23033,h001843,삼양해수욕장,5.0,제주특별자치도
23034,h001844,황위치해변,2.0,제주특별자치도
23035,h001844,성이시돌목장,5.0,제주특별자치도
23036,h001844,오설록 티 뮤지엄,2.6666666666666665,제주특별자치도
23037,h001844,이호 테우해수욕장,5.0,제주특별자치도
23038,h001844,함덕해수욕장,3.0,제주특별자치도
23039,h001847,함덕해수욕장,5.0,제주특별자치도
23040,h001847,함덕 오일시장,4.0,제주특별자치도
23041,h001847,월정리 해수욕장,5.0,제주특별자치도
23042,h001847,해녀박물관,5.0,제주특별자치도
23043,h001847,제주 기념품 선물고팡 함덕점,4.0,제주특별자치도
23044,h001847,비자림,5.0,제주특별자치도
23045,h001847,서귀포 매일 올레시장,5.0,제주특별자치도
23046,h001847,델문도,5.0,제주특별자치도
23047,h001847,서부두 수산시장,3.0,제주특별자치도
23048,h001847,제주시 민속 오일 시장,5.0,제주특별자치도
23049,h001849,포시즌 해양레저,5.0,제주특별자치도
23050,h001849,더마파크,5.0,제주특별자치도
23051,h001849,엉얼 해안,5.0,제주특별자치도
23052,h001849,금능해수욕장,5.0,제주특별자치도
23053,h001849,제주아트서커스,5.0,제주특별자치도
23054,h001849,항파두리 항몽 유적지,5.0,제주특별자치도
23055,h001849,테디베어 하우스 테지움 제주점,5.0,제주특별자치도
23056,h001849,애슐리 퀸즈 켄싱턴리조트 서귀포점,5.0,제주특별자치도
23057,h001849,제주 4.3평화공원,5.0,제주특별자치도
23058,h001850,우도,3.0,제주특별자치도
23059,h001850,우도,4.666666666666667,제주특별자치도
23060,h001850,섭지코지,4.0,제주특별자치도
23061,h001850,신양섭지해수욕장,3.6666666666666665,제주특별자치도
23062,h001850,빛의 벙커,4.333333333333333,제주특별자치도
23063,h001850,성산일출봉,4.333333333333333,제주특별자치도
23064,h001850,오조포구,4.0,제주특별자치도
23065,h001850,신양섭지해수욕장,3.3333333333333335,제주특별자치도
23066,h001851,갑곶 돈대,3.0,인천
23067,h001851,대룡시장,4.0,인천
23068,h001851,대한 성공회 강화성당,5.0,인천
23069,h001851,강화풍물시장,5.0,인천
23070,h001851,보문사,4.0,인천
23071,h001851,강화도 외포항 젓갈수산시장,4.0,인천
23072,h001851,대한 성공회 온수리 성당,5.0,인천
23073,h001851,전등사,5.0,인천
23074,h001851,장화리 낙조마을,5.0,인천
23075,h001851,강화 광성보,5.0,인천
23076,h001853,천지연폭포,4.666666666666667,제주특별자치도
23077,h001853,서귀포 매일 올레시장,2.3333333333333335,제주특별자치도
23078,h001853,우도,5.0,제주특별자치도
23079,h001853,성산일출봉,4.0,제주특별자치도
23080,h001853,김녕해수욕장,5.0,제주특별자치도
23081,h001860,동문 올레 수산,3.6666666666666665,제주특별자치도
23082,h001860,판포 포구,4.333333333333333,제주특별자치도
23083,h001860,제주동문시장,4.0,제주특별자치도
23084,h001860,표선해수욕장,4.0,제주특별자치도
23085,h001863,인터포레스트,5.0,제주특별자치도
23086,h001863,협재해수욕장,5.0,제주특별자치도
23087,h001863,문도지오름,5.0,제주특별자치도
23088,h001863,곽지해수욕장,5.0,제주특별자치도
23089,h001865,신화 워터파크,4.0,제주특별자치도
23090,h001873,금오름,5.0,제주특별자치도
23091,h001873,서귀포 매일 올레시장,3.6666666666666665,제주특별자치도
23092,h001873,사려니숲길,4.333333333333333,제주특별자치도
23093,h001873,창금,3.0,제주특별자치도
23094,h001874,애월 해안도로,3.0,제주특별자치도
23095,h001878,한라수목원,5.0,제주특별자치도
23096,h001878,관덕정,3.0,제주특별자치도
23097,h001878,제주드림타워,4.0,제주특별자치도
23098,h001878,이마트 신제주점,3.3333333333333335,제주특별자치도
23099,h001883,한라산 11고지,5.0,제주특별자치도
23100,h001883,엉또폭포,4.0,제주특별자치도
23101,h001883,성산일출 해양도립공원,5.0,제주특별자치도
23102,h001889,용두암,5.0,제주특별자치도
23103,h001889,절물자연휴양림,5.0,제주특별자치도
23104,h001889,김녕해수욕장,5.0,제주특별자치도
23105,h001889,제주동문시장,5.0,제주특별자치도
23106,h001898,애월 돌고래 전망대,4.666666666666667,제주특별자치도
23107,h001898,미유 애월점,4.0,제주특별자치도
23108,h001898,마켓 제주,3.3333333333333335,제주특별자치도
23109,h001898,애월 카페거리,3.3333333333333335,제주특별자치도
23110,h001898,노티스 제주,4.0,제주특별자치도
23111,h001898,곽지해수욕장,5.0,제주특별자치도
23112,h001898,곽지해수욕장,5.0,제주특별자치도
23113,h001903,삼양해수욕장,5.0,제주특별자치도
23114,h001903,제주동문시장,4.666666666666667,제주특별자치도
23115,h001903,관덕정,3.6666666666666665,제주특별자치도
23116,h001904,성산일출봉,4.0,제주특별자치도
23117,h001904,피닉스 제주 유민 미술관,4.0,제주특별자치도
23118,h001904,올레길 1코스(시흥-광치기 올레),4.0,제주특별자치도
23119,h001904,제주 조천 스위스 마을,2.6666666666666665,제주특별자치도
23120,h001905,국립제주박물관,4.0,제주특별자치도
23121,h001905,제주 항일기념관,5.0,제주특별자치도
23122,h001905,행원 해변,4.333333333333333,제주특별자치도
23123,h001905,함덕해수욕장,5.0,제주특별자치도
23124,h001906,도두동 무지개 해안도로,5.0,제주특별자치도
23125,h001906,도두봉,4.0,제주특별자치도
23126,h001906,제주동문시장,5.0,제주특별자치도
23127,h001906,서귀포 매일 올레시장,4.666666666666667,제주특별자치도
23128,h001906,제주동문시장,5.0,제주특별자치도
23129,h001910,삼무공원,1.6666666666666667,제주특별자치도
23130,h001910,수목원길 야시장,3.3333333333333335,제주특별자치도
23131,h001910,비밀의 숲,5.0,제주특별자치도
23132,h001910,카페글렌코,5.0,제주특별자치도
23133,h001910,에코랜드 테마파크,5.0,제주특별자치도
23134,h001910,우도,3.6666666666666665,제주특별자치도
23135,h001910,우도,3.0,제주특별자치도
23136,h001910,비양도,3.0,제주특별자치도
23137,h001910,성산일출봉,5.0,제주특별자치도
23138,h001910,쇠소깍,3.3333333333333335,제주특별자치도
23139,h001910,원 앤 온리,5.0,제주특별자치도
23140,h001910,서귀포 매일 올레시장,3.0,제주특별자치도
23141,h001910,신창 풍차 해안도로,5.0,제주특별자치도
23142,h001910,판포 포구,5.0,제주특별자치도
23143,h001910,곽지해수욕장,5.0,제주특별자치도
23144,h001910,한담 해안산책로,3.0,제주특별자치도
23145,h001910,제주 카약 올레,5.0,제주특별자치도
23146,h001913,함덕해수욕장,5.0,제주특별자치도
23147,h001913,행원 해변,5.0,제주특별자치도
23148,h001913,곽지해수욕장,5.0,제주특별자치도
23149,h001913,협재해수욕장,5.0,제주특별자치도
23150,h001914,이호 테우해수욕장,4.333333333333333,제주특별자치도
23151,h001914,포도 뮤지엄,5.0,제주특별자치도
23152,h001914,점보빌리지,3.6666666666666665,제주특별자치도
23153,h001919,곽지해수욕장,5.0,제주특별자치도
23154,h001919,곽지해수욕장,5.0,제주특별자치도
23155,h001919,곽지해수욕장,5.0,제주특별자치도
23156,h001919,곽지해수욕장,5.0,제주특별자치도
23157,h001919,애월빵공장앤 카페,5.0,제주특별자치도
23158,h001919,9.81파크,5.0,제주특별자치도
23159,h001919,제주특별자치도 민속자연사박물관,5.0,제주특별자치도
23160,h001919,제주동문시장,3.6666666666666665,제주특별자치도
23161,h001933,용두암,3.6666666666666665,제주특별자치도
23162,h001933,제주동문재래시장,5.0,제주특별자치도
23163,h001933,오설록 티 뮤지엄,5.0,제주특별자치도
23164,h001933,금오름,5.0,제주특별자치도
23165,h001935,성산일출봉,5.0,제주특별자치도
23166,h001935,함덕해수욕장,5.0,제주특별자치도
23167,h001935,서어봉,5.0,제주특별자치도
23168,h001935,함덕해수욕장,5.0,제주특별자치도
23169,h001935,함덕해수욕장,5.0,제주특별자치도
23170,h001935,해녀박물관,5.0,제주특별자치도
23171,h001935,세화해변,5.0,제주특별자치도
23172,h001935,서귀포 매일 올레시장,3.0,제주특별자치도
23173,h001935,서귀 본향당,1.0,제주특별자치도
23174,h001935,이중섭미술관,4.333333333333333,제주특별자치도
23175,h001935,바람 모루공원,5.0,제주특별자치도
23176,h001935,세화해변,5.0,제주특별자치도
23177,h001935,너븐숭이4.3기념관,5.0,제주특별자치도
23178,h001938,판포 포구,3.6666666666666665,제주특별자치도
23179,h001938,제주 한림농협 하나로마트,3.6666666666666665,제주특별자치도
23180,h001938,협재해수욕장,4.0,제주특별자치도
23181,h001938,제주동문시장,4.0,제주특별자치도
23182,h001954,이중섭거리,4.0,제주특별자치도
23183,h001954,이중섭미술관,3.6666666666666665,제주특별자치도
23184,h001954,이중섭 거주지,3.0,제주특별자치도
23185,h001954,정방폭포,4.0,제주특별자치도
23186,h001954,다구리 해안가,3.0,제주특별자치도
23187,h001954,서귀포 매일 올레시장,3.6666666666666665,제주특별자치도
23188,h001955,제주현대미술관,5.0,제주특별자치도
23189,h001955,바리 뫼오름,5.0,제주특별자치도
23190,h001955,이호 테우해수욕장,3.6666666666666665,제주특별자치도
23191,h001955,제주동문시장,3.6666666666666665,제주특별자치도
23192,h001955,제주 국제공항,4.0,제주특별자치도
23193,h001959,성이시돌목장,5.0,제주특별자치도
23194,h001959,월령 선인장 마을,3.0,제주특별자치도
23195,h001959,제주관광공사 지정면세점,3.3333333333333335,제주특별자치도
23196,h001959,제주 레포츠 랜드,5.0,제주특별자치도
23197,h001959,해녀박물관,5.0,제주특별자치도
23198,h001959,세화해변,5.0,제주특별자치도
23199,h001959,상가리 야자숲,5.0,제주특별자치도
23200,h001959,제주 차귀도 요트투어,5.0,제주특별자치도
23201,h001959,신창 풍차 해안도로,5.0,제주특별자치도
23202,h001959,판포 포구,5.0,제주특별자치도
23203,h001961,제주동문시장,5.0,제주특별자치도
23204,h001961,서귀포 매일 올레시장,5.0,제주특별자치도
23205,h001961,약천사,5.0,제주특별자치도
23206,h001961,천제연폭포,5.0,제주특별자치도
23207,h001961,하효 쇠소깍 해변,5.0,제주특별자치도
23208,h001961,산방산 탄산온천,5.0,제주특별자치도
23209,h001965,곽지해수욕장,5.0,제주특별자치도
23210,h001965,서귀포 매일 올레시장,5.0,제주특별자치도
23211,h001965,우도,5.0,제주특별자치도
23212,h001965,이호 테우해수욕장,5.0,제주특별자치도
23213,h001966,판포 포구,5.0,제주특별자치도
23214,h001966,제주동문시장,4.0,제주특별자치도
23215,h001966,행원 해변,4.333333333333333,제주특별자치도
23216,h001966,세기알 해변,4.0,제주특별자치도
23217,h001976,퍼시픽 마리나 요트계류장,5.0,제주특별자치도
23218,h001976,제주해양 동물 박물관,5.0,제주특별자치도
23219,h001976,서귀포 매일 올레시장,5.0,제주특별자치도
23220,h001977,김녕요트투어,5.0,제주특별자치도
23221,h001977,김녕요트투어,5.0,제주특별자치도
23222,h001977,강정천,4.666666666666667,제주특별자치도
23223,h001977,세화해변,5.0,제주특별자치도
23224,h001978,영주산,5.0,제주특별자치도
23225,h001978,성산일출봉,5.0,제주특별자치도
23226,h001978,서귀포 매일 올레시장,4.0,제주특별자치도
23227,h001978,정방폭포,4.0,제주특별자치도
23228,h001978,허니문하우스,4.0,제주특별자치도
23229,h001978,중문색달해수욕장,4.0,제주특별자치도
23230,h001984,행원 해변,5.0,제주특별자치도
23231,h001984,비밀의 숲,5.0,제주특별자치도
23232,h001984,제주시 새우리 제주점,5.0,제주특별자치도
23233,h001985,도두동 무지개 해안도로,5.0,제주특별자치도
23234,h001985,포시즌 해양레저,5.0,제주특별자치도
23235,h001985,노형수퍼마켙,5.0,제주특별자치도
23236,h001985,제주동문시장,3.6666666666666665,제주특별자치도
23237,h001985,도두몰,4.0,제주특별자치도
23238,h001985,에코랜드 테마파크,5.0,제주특별자치도
23239,h001985,제주 라프,5.0,제주특별자치도
23240,h001985,섭지코지,5.0,제주특별자치도
23241,h001985,아쿠아 플라넷 제주,5.0,제주특별자치도
23242,h001988,김만덕기념관,5.0,제주특별자치도
23243,h001988,관덕정,3.6666666666666665,제주특별자치도
23244,h001988,제주동문시장,4.0,제주특별자치도
23245,h001988,엉또폭포,3.0,제주특별자치도
23246,h001988,서귀포 매일 올레시장,3.0,제주특별자치도
23247,h001988,더클리프,3.6666666666666665,제주특별자치도
23248,h001989,수월봉,5.0,제주특별자치도
23249,h001989,서귀포 유람선,4.0,제주특별자치도
23250,h001989,쇠소깍 관광지,4.666666666666667,제주특별자치도
23251,h001989,서귀포 매일 올레시장,3.0,제주특별자치도
23252,h001989,윈드 1947카트 테마파크,3.6666666666666665,제주특별자치도
23253,h001989,레몬 뮤지엄,5.0,제주특별자치도
23254,h001991,영락리 방파제,4.0,제주특별자치도
23255,h001999,사계해변,2.6666666666666665,제주특별자치도
23256,h001999,사계해변,3.0,제주특별자치도
23257,h001999,서귀포 매일 올레시장,3.3333333333333335,제주특별자치도
23258,h001999,천지연폭포,5.0,제주특별자치도
23259,h001999,니모스토리,4.0,제주특별자치도
23260,h001999,제주동문시장,4.666666666666667,제주특별자치도
23261,h002000,아르떼 뮤지엄 제주,5.0,제주특별자치도
23262,h002000,9.81파크,4.0,제주특별자치도
23263,h002006,어영공원,5.0,제주특별자치도
23264,h002006,행원 해변,5.0,제주특별자치도
23265,h002006,세화 민속 오일시장,5.0,제주특별자치도
23266,h002006,우도,5.0,제주특별자치도
23267,h002006,우도,5.0,제주특별자치도
23268,h002006,훈데르트바서 파크,5.0,제주특별자치도
23269,h002006,성산포 성당,5.0,제주특별자치도
23270,h002006,용두암,5.0,제주특별자치도
23271,h002006,애월 카페거리,5.0,제주특별자치도
23272,h002007,판포 포구,5.0,제주특별자치도
23273,h002014,한담 해안산책로,4.0,제주특별자치도
23274,h002014,마틸다,5.0,제주특별자치도
23275,h002014,금능해수욕장,5.0,제주특별자치도
23276,h002014,오설록 티 뮤지엄,5.0,제주특별자치도
23277,h002014,제주 국제공항,5.0,제주특별자치도
23278,h002018,우도,5.0,제주특별자치도
23279,h002018,우도,3.6666666666666665,제주특별자치도
23280,h002018,섭지코지,5.0,제주특별자치도
23281,h002018,비밀의 숲,4.666666666666667,제주특별자치도
23282,h002018,사려니숲길,4.666666666666667,제주특별자치도
23283,h002018,제주동문재래시장,4.0,제주특별자치도
23284,h002027,제주아트서커스,4.0,제주특별자치도
23285,h002027,로봇 플래닛,2.3333333333333335,제주특별자치도
23286,h002027,점보빌리지,4.666666666666667,제주특별자치도
23287,h002027,천지연폭포,4.0,제주특별자치도
23288,h002027,한담 해안산책로,4.333333333333333,제주특별자치도
23289,h002028,협재해수욕장,4.0,제주특별자치도
23290,h002028,중문색달해수욕장,2.6666666666666665,제주특별자치도
23291,h002028,곽지해수욕장,1.3333333333333333,제주특별자치도
23292,h002029,걸어가는 늑대들 전이 수 갤러리,3.3333333333333335,제주특별자치도
23293,h002029,함덕해수욕장,3.6666666666666665,제주특별자치도
23294,h002029,스누피가든,4.666666666666667,제주특별자치도
23295,h002029,아르떼 뮤지엄 제주,5.0,제주특별자치도
23296,h002029,오설록 티 뮤지엄,3.3333333333333335,제주특별자치도
23297,h002029,정방폭포,4.0,제주특별자치도
23298,h002035,비자림,4.0,제주특별자치도
23299,h002035,행원 해변,3.3333333333333335,제주특별자치도
23300,h002035,월정리 해수욕장,4.333333333333333,제주특별자치도
23301,h002035,서어봉,4.0,제주특별자치도
23302,h002035,함덕해수욕장,5.0,제주특별자치도
23303,h002035,제주종합 경기장,3.6666666666666665,제주특별자치도
23304,h002035,한라수목원,5.0,제주특별자치도
23305,h002037,광치기 해변,4.333333333333333,제주특별자치도
23306,h002037,아쿠아 플라넷 제주,4.0,제주특별자치도
23307,h002037,비자림,4.0,제주특별자치도
23308,h002037,월정리 해수욕장,4.333333333333333,제주특별자치도
23309,h002037,제주동문시장,4.0,제주특별자치도
23310,h002039,판포 포구,3.0,제주특별자치도
23311,h002039,도두동 무지개 해안도로,2.6666666666666665,제주특별자치도
23312,h002042,금능해수욕장,5.0,제주특별자치도
23313,h002042,신화 워터파크,5.0,제주특별자치도
23314,h002042,제주항공 우주 박물관,5.0,제주특별자치도
23315,h002042,자매 국수,5.0,제주특별자치도
23316,h002042,바이 제주,5.0,제주특별자치도
23317,h002044,도두동 무지개 해안도로,3.3333333333333335,제주특별자치도
23318,h002044,제주동문시장,3.0,제주특별자치도
23319,h002044,판포 포구,4.333333333333333,제주특별자치도
23320,h002046,아르떼 뮤지엄 제주,3.3333333333333335,제주특별자치도
23321,h002046,탐라는 초코 솜이,1.3333333333333333,
23322,h002046,신도포구,3.6666666666666665,제주특별자치도
23323,h002046,용두암,1.3333333333333333,제주특별자치도
23324,h002046,제주동문시장,4.0,제주특별자치도
23325,h002046,이호 테우해수욕장,4.0,제주특별자치도
23326,h002048,소천지,4.0,제주특별자치도
23327,h002048,이중섭 거주지,4.0,제주특별자치도
23328,h002050,산방산,5.0,제주특별자치도
23329,h002050,이마트 제주점,5.0,제주특별자치도
23330,h002050,교래자연휴양림,5.0,제주특별자치도
23331,h002050,다랑쉬 오름,5.0,제주특별자치도
23332,h002050,비자림,5.0,제주특별자치도
23333,h002050,광치기 해변,5.0,제주특별자치도
23334,h002050,박수기정,5.0,제주특별자치도
23335,h002083,이호 테우해수욕장,2.0,제주특별자치도
23336,h002083,CGV 제주,3.3333333333333335,제주특별자치도
23337,h002083,서귀포 매일 올레시장,3.3333333333333335,제주특별자치도
23338,h002083,행원 해변,5.0,제주특별자치도
23339,h002083,제주동문시장,3.3333333333333335,제주특별자치도
23340,h002084,아르떼 뮤지엄 제주,4.0,제주특별자치도
23341,h002084,서귀포 매일 올레시장,4.333333333333333,제주특별자치도
23342,h002084,국제 리더스클럽,5.0,제주특별자치도
23343,h002084,함덕해수욕장,5.0,제주특별자치도
23344,h002087,스누피가든,5.0,제주특별자치도
23345,h002087,비밀의 숲,5.0,제주특별자치도
23346,h002087,함덕해수욕장,5.0,제주특별자치도
23347,h002087,금오름,5.0,제주특별자치도
23348,h002087,용두암,5.0,제주특별자치도
23349,h002087,제주동문시장,5.0,제주특별자치도
23350,h002090,내도바당 길,4.0,제주특별자치도
23351,h002090,협재해수욕장,4.0,제주특별자치도
23352,h002090,신창 풍차 해안,4.0,제주특별자치도
23353,h002090,판포 포구,4.0,제주특별자치도
23354,h002090,주주표 서 서핑스쿨,4.0,제주특별자치도
23355,h002090,사려니숲길,4.0,제주특별자치도
23356,h002090,함덕해수욕장,4.0,제주특별자치도
23357,h002090,숨이 소리길,4.0,제주특별자치도
23358,h002091,곽지해수욕장,4.0,제주특별자치도
23359,h002091,제주드림타워,3.3333333333333335,제주특별자치도
23360,h002091,용연 구름다리,2.6666666666666665,제주특별자치도
23361,h002092,이호 테우해수욕장,5.0,
23362,h002092,아르떼 뮤지엄 제주,3.0,제주특별자치도
23363,h002092,산방산,5.0,제주특별자치도
23364,h002092,사계해변,5.0,제주특별자치도
23365,h002092,천지연폭포,5.0,제주특별자치도
23366,h002092,오설록 티 뮤지엄,5.0,제주특별자치도
23367,h002092,하귀농협 하나로마트,3.0,제주특별자치도
23368,h002095,세기알 해변,5.0,제주특별자치도
23369,h002095,용연 구름다리,3.6666666666666665,제주특별자치도
23370,h002096,상주은모래비치,5.0,경남
23371,h002096,남해전통시장,5.0,경남
23372,h002099,이마트 신제주점,5.0,제주특별자치도
23373,h002099,월정리 해수욕장,4.333333333333333,제주특별자치도
23374,h002099,김녕해수욕장,5.0,제주특별자치도
23375,h002099,제주 남원농협 하나로마트,5.0,제주특별자치도
23376,h002099,망장포,3.0,제주특별자치도
23377,h002099,정방폭포,5.0,제주특별자치도
23378,h002099,건강과 성 박물관,3.0,제주특별자치도
23379,h002099,오설록 티 뮤지엄,5.0,제주특별자치도
23380,h002099,판포 포구,5.0,제주특별자치도
23381,h002099,제주동문시장,5.0,제주특별자치도
23382,h002100,제주동문시장,5.0,제주특별자치도
23383,h002100,애월 카페거리,5.0,제주특별자치도
23384,h002100,이호 테우해수욕장,5.0,제주특별자치도
23385,h002100,도두동 무지개 해안도로,5.0,제주특별자치도
23386,h002100,도두봉,2.3333333333333335,제주특별자치도
23387,h002107,본태 박물관,5.0,제주특별자치도
23388,h002107,오설록 티 뮤지엄,5.0,제주특별자치도
23389,h002107,표선해수욕장,3.3333333333333335,제주특별자치도
23390,h002107,넥슨 컴퓨터 박물관,5.0,제주특별자치도
23391,h002113,서귀포 유람선,4.666666666666667,제주특별자치도
23392,h002113,쇠소깍,4.0,제주특별자치도
23393,h002113,서귀포 매일 올레시장,5.0,제주특별자치도
23394,h002113,점보빌리지,5.0,제주특별자치도
23395,h002113,액트몬 제주 중문점,5.0,제주특별자치도
23396,h002113,피닉스 제주 섭지코지 수영장,5.0,제주특별자치도
23397,h002113,섭지코지,4.666666666666667,제주특별자치도
23398,h002113,월정리 해수욕장,5.0,제주특별자치도
23399,h002114,협재해수욕장,4.0,제주특별자치도
23400,h002114,판포 포구,5.0,제주특별자치도
23401,h002114,원앙폭포,4.0,제주특별자치도
23402,h002114,제주동문시장,4.0,제주특별자치도
23403,h002114,함덕해수욕장,4.0,제주특별자치도
23404,h002119,한라산 11고지,5.0,제주특별자치도
23405,h002119,엉또폭포,3.3333333333333335,제주특별자치도
23406,h002119,천제연폭포,3.6666666666666665,제주특별자치도
23407,h002119,우도,5.0,제주특별자치도
23408,h002119,우도,5.0,제주특별자치도
23409,h002119,우도,5.0,제주특별자치도
23410,h002119,우도,5.0,제주특별자치도
23411,h002119,제주관광공사 지정면세점,4.666666666666667,제주특별자치도
23412,h002119,본태 박물관,5.0,제주특별자치도
23413,h002119,천지연폭포,5.0,제주특별자치도
23414,h002119,서귀포 매일 올레시장,5.0,제주특별자치도
23415,h002122,용기포항 서 방파제 등 대,3.3333333333333335,인천
23416,h002122,콩돌해안,4.666666666666667,인천
23417,h002122,중화동 교회,4.333333333333333,인천
23418,h002122,천안함 46용사 위령탑,4.0,인천
23419,h002122,두무진,4.666666666666667,인천
23420,h002122,사자바위,3.6666666666666665,
23421,h002122,심청각,5.0,인천
23422,h002125,빛의 벙커,4.333333333333333,제주특별자치도
23423,h002125,광치기 해변,4.666666666666667,제주특별자치도
23424,h002129,하도 해변,4.333333333333333,제주특별자치도
23425,h002129,성산일출봉,4.0,제주특별자치도
23426,h002129,비자림,4.333333333333333,제주특별자치도
23427,h002129,만장굴,4.0,제주특별자치도
23428,h002129,한라산국립공원 성판악탐방로,3.6666666666666665,제주특별자치도
23429,h002129,오설록 티 뮤지엄,2.6666666666666665,제주특별자치도
23430,h002130,제주동문시장,4.0,제주특별자치도
23431,h002130,귤귤스토어 도두점,4.0,
23432,h002130,광치기 해변,4.0,제주특별자치도
23433,h002130,빛의 벙커,5.0,제주특별자치도
23434,h002132,만장굴,5.0,제주특별자치도
23435,h002132,서귀포 매일 올레시장,5.0,제주특별자치도
23436,h002132,이마트 서귀포점,5.0,제주특별자치도
23437,h002132,황이지 선녀탕,5.0,제주특별자치도
23438,h002132,서귀포 유람선,5.0,제주특별자치도
23439,h002132,윈드 1947카트 테마파크,5.0,제주특별자치도
23440,h002132,정방폭포,5.0,제주특별자치도
23441,h002132,사계해변,5.0,제주특별자치도
23442,h002132,이마트 서귀포점,5.0,제주특별자치도
23443,h002132,하효 쇠소깍 해변,5.0,제주특별자치도
23444,h002132,섭지코지,3.6666666666666665,제주특별자치도
23445,h002132,제주동문시장,5.0,제주특별자치도
23446,h002133,산굼부리,4.0,제주특별자치도
23447,h002133,비자림,5.0,제주특별자치도
23448,h002133,함덕해수욕장,5.0,제주특별자치도
23449,h002133,김녕해수욕장,5.0,제주특별자치도
23450,h002133,윈드 1947카트 테마파크,4.0,제주특별자치도
23451,h002138,여미지식물원,4.0,제주특별자치도
23452,h002138,이중섭미술관,5.0,제주특별자치도
23453,h002138,정방폭포,5.0,제주특별자치도
23454,h002138,허니문하우스,5.0,제주특별자치도
23455,h002139,다이소 제주동문시장점,4.0,제주특별자치도
23456,h002139,사려니숲길,5.0,제주특별자치도
23457,h002139,행원 해변,4.0,제주특별자치도
23458,h002139,제주동문시장,4.0,제주특별자치도
23459,h002139,함덕해수욕장,5.0,제주특별자치도
23460,h002140,신창 풍차 해안도로,4.333333333333333,제주특별자치도
23461,h002143,해군 영흥도 전적비,5.0,인천
23462,h002143,십리포해수욕장,5.0,인천
23463,h002145,제주동문시장,3.6666666666666665,제주특별자치도
23464,h002145,신흥해수욕장,4.333333333333333,제주특별자치도
23465,h002145,제주종합 경기장,3.6666666666666665,제주특별자치도
23466,h002150,만장굴,3.6666666666666665,제주특별자치도
23467,h002150,성산일출봉,5.0,제주특별자치도
23468,h002150,함덕해수욕장,4.0,제주특별자치도
23469,h002150,제주 해양레저사계,4.0,제주특별자치도
23470,h002150,판포 포구,5.0,제주특별자치도
23471,h002150,이호 테우해수욕장,5.0,제주특별자치도
23472,h002150,제주동문시장,4.0,제주특별자치도
23473,h002163,제주동문시장,2.6666666666666665,제주특별자치도
23474,h002163,도두봉,3.6666666666666665,제주특별자치도
23475,h002163,금오름,3.6666666666666665,제주특별자치도
23476,h002163,단산,2.3333333333333335,제주특별자치도
23477,h002163,법환포구,3.0,제주특별자치도
23478,h002163,정방폭포,3.6666666666666665,제주특별자치도
23479,h002163,세화해변,4.333333333333333,제주특별자치도
23480,h002163,만장굴,3.0,제주특별자치도
23481,h002163,절물자연휴양림,4.0,제주특별자치도
23482,h002165,비양도,5.0,제주특별자치도
23483,h002165,신창 풍차 해안도로,5.0,제주특별자치도
23484,h002165,신창 풍차 해안도로,5.0,제주특별자치도
23485,h002165,신도포구,5.0,제주특별자치도
23486,h002165,비양도,5.0,제주특별자치도
23487,h002165,비양도,5.0,제주특별자치도
23488,h002165,용연계곡,3.0,제주특별자치도
23489,h002167,아쿠아 플라넷 제주,3.6666666666666665,제주특별자치도
23490,h002167,신양섭지해수욕장,4.666666666666667,제주특별자치도
23491,h002170,박수기정,5.0,제주특별자치도
23492,h002170,대왕 수천 예래생태공원,4.0,제주특별자치도
23493,h002170,서복전시관,4.0,제주특별자치도
23494,h002178,세화해변,5.0,제주특별자치도
23495,h002178,세화해변,5.0,제주특별자치도
23496,h002178,오저여,5.0,
23497,h002178,비자림,4.333333333333333,제주특별자치도
23498,h002182,아르떼 뮤지엄 제주,2.6666666666666665,제주특별자치도
23499,h002182,금오름,5.0,제주특별자치도
23500,h002182,문도지오름,5.0,제주특별자치도
23501,h002182,금능해수욕장,5.0,제주특별자치도
23502,h002182,산양큰엉곶,5.0,제주특별자치도
23503,h002182,제동목장,5.0,제주특별자치도
23504,h002182,백약이 오름,5.0,제주특별자치도
23505,h002182,김녕해수욕장,5.0,제주특별자치도
23506,h002183,김녕떠오르길,5.0,
23507,h002183,청굴물,5.0,제주특별자치도
23508,h002183,김녕해수욕장,5.0,제주특별자치도
23509,h002183,성산일출봉,5.0,제주특별자치도
23510,h002183,광치기 해변,5.0,제주특별자치도
23511,h002183,섭지코지,5.0,제주특별자치도
23512,h002183,큰엉해안경승지,5.0,
23513,h002183,서귀포 매일 올레시장,3.3333333333333335,제주특별자치도
23514,h002183,정방폭포,5.0,제주특별자치도
23515,h002183,외돌개,5.0,제주특별자치도
23516,h002183,중문 대표 주상절리대,5.0,제주특별자치도
23517,h002183,마라도,3.0,제주특별자치도
23518,h002183,수월봉,5.0,제주특별자치도
23519,h002183,신창 풍차 해안도로,5.0,제주특별자치도
23520,h002183,협재해수욕장,5.0,제주특별자치도
23521,h002183,문도지오름,5.0,제주특별자치도
23522,h002183,곽지해수욕장,5.0,제주특별자치도
23523,h002184,서귀 다원,4.333333333333333,제주특별자치도
23524,h002184,원앙폭포,3.0,제주특별자치도
23525,h002184,정방폭포,5.0,제주특별자치도
23526,h002184,외돌개 전망대,3.3333333333333335,제주특별자치도
23527,h002184,황이지 선녀탕,2.0,제주특별자치도
23528,h002195,카멜리아힐,2.3333333333333335,제주특별자치도
23529,h002195,9.81파크,2.3333333333333335,제주특별자치도
23530,h002195,금능해수욕장,4.666666666666667,제주특별자치도
23531,h002195,JW 메리어트 제주리조트 스파,5.0,제주특별자치도
23532,h002196,이호 테우해수욕장,4.0,제주특별자치도
23533,h002196,이호 테우해수욕장,5.0,제주특별자치도
23534,h002196,유람 위드북스,5.0,제주특별자치도
23535,h002196,금능해수욕장,4.0,제주특별자치도
23536,h002198,천지연폭포,5.0,제주특별자치도
23537,h002198,올레길 7코스(서귀포-월평 올레),4.0,제주특별자치도
23538,h002199,삼양해수욕장,4.333333333333333,제주특별자치도
23539,h002199,함덕해수욕장,5.0,제주특별자치도
23540,h002199,국제 리더스클럽,5.0,제주특별자치도
23541,h002199,제주동문시장,5.0,제주특별자치도
23542,h002203,월정리 해수욕장,5.0,제주특별자치도
23543,h002203,우도,5.0,제주특별자치도
23544,h002203,남해수산,5.0,제주특별자치도
23545,h002203,9.81파크,5.0,제주특별자치도
23546,h002203,남해수산,5.0,제주특별자치도
23547,h002208,신창 풍차 해안도로,4.0,제주특별자치도
23548,h002208,건강과 성 박물관,3.0,제주특별자치도
23549,h002208,원앙폭포,4.333333333333333,제주특별자치도
23550,h002208,중문색달해수욕장,3.3333333333333335,제주특별자치도
23551,h002208,서귀포 매일 올레시장,4.0,제주특별자치도
23552,h002208,유동룡 이타미 준 미술관,2.3333333333333335,제주특별자치도
23553,h002208,함덕해수욕장,3.3333333333333335,제주특별자치도
23554,h002208,우도,5.0,제주특별자치도
23555,h002208,평대리 해수욕장,5.0,제주특별자치도
23556,h002208,수목원길 야시장,5.0,제주특별자치도
23557,h002209,올레길 17코스(광령-제주 원도심 올레),5.0,제주특별자치도
23558,h002209,제주동문시장,5.0,제주특별자치도
23559,h002209,탑동 광장,3.6666666666666665,제주특별자치도
23560,h002209,금오름,5.0,제주특별자치도
23561,h002209,가파도,5.0,제주특별자치도
23562,h002244,연화사,4.0,경남
23563,h002244,보덕암,4.0,경남
23564,h002244,우도 몽돌 해수욕장,3.6666666666666665,
23565,h002244,우도 몽돌 해수욕장,4.0,
23566,h002244,통영중앙전통시장,4.0,경남
23567,h002246,제주 불빛 정원,3.3333333333333335,제주특별자치도
23568,h002246,협재해수욕장,4.666666666666667,제주특별자치도
23569,h002246,제주도 나이,4.333333333333333,제주특별자치도
23570,h002246,서귀포 매일 올레시장,2.6666666666666665,제주특별자치도
23571,h002246,쇠소깍,3.0,제주특별자치도
23572,h002246,제주 레포츠 랜드,4.0,제주특별자치도
23573,h002251,코코 나라,4.0,제주특별자치도
23574,h002251,우도,3.3333333333333335,제주특별자치도
23575,h002251,소천지,4.0,제주특별자치도
23576,h002251,항파두리 항몽 유적지,3.3333333333333335,제주특별자치도
23577,h002251,외돌개,4.0,제주특별자치도
23578,h002251,소천지,4.0,제주특별자치도
23579,h002251,안돌오름,3.0,제주특별자치도
23580,h002254,서귀포 매일 올레시장,5.0,제주특별자치도
23581,h002254,함덕해수욕장,5.0,제주특별자치도
23582,h002254,함덕해수욕장,5.0,제주특별자치도
23583,h002260,목포자연사박물관,4.333333333333333,전남
23584,h002260,무한의 다리,3.0,전남
23585,h002260,박지도,3.3333333333333335,전남
23586,h002260,자산어보 촬영지,4.0,전남
23587,h002260,죽포항,2.6666666666666665,전남
23588,h002260,큰끝 등대,4.333333333333333,전남
23589,h002260,무슬목해수욕장,3.3333333333333335,전남
23590,h002260,돌산공원,3.3333333333333335,전남
23591,h002260,이순신광장,4.333333333333333,전남
23592,h002260,고소대,3.3333333333333335,전남
23593,h002260,고소동 벽화마을,3.3333333333333335,전남
23594,h002263,아르떼 뮤지엄 제주,5.0,제주특별자치도
23595,h002263,포도 뮤지엄,5.0,제주특별자치도
23596,h002263,블루 보틀 제주 카페,5.0,제주특별자치도
23597,h002263,런던 베이글 뮤지엄 제주점,4.0,제주특별자치도
23598,h002263,해녀박물관,5.0,제주특별자치도
23599,h002263,노형수퍼마켙,5.0,제주특별자치도
23600,h002263,이호 테우해수욕장,5.0,제주특별자치도
23601,h002265,함덕해수욕장,4.666666666666667,제주특별자치도
23602,h002265,성산일출 해양도립공원,5.0,제주특별자치도
23603,h002265,드르쿰다in성산,5.0,제주특별자치도
23604,h002265,섭지코지,5.0,제주특별자치도
23605,h002265,세리월드 카트레이싱,5.0,제주특별자치도
23606,h002265,서귀포 유람선,5.0,제주특별자치도
23607,h002265,제주아트서커스,5.0,제주특별자치도
23608,h002265,서울 앵무새 제주점,3.3333333333333335,제주특별자치도
23609,h002265,액트몬 제주 중문점,2.3333333333333335,제주특별자치도
23610,h002265,서귀포 매일 올레시장,4.333333333333333,제주특별자치도
23611,h002265,천지연폭포,5.0,제주특별자치도
23612,h002265,협재해수욕장,5.0,제주특별자치도
23613,h002268,현포항,5.0,경북
23614,h002268,천부해 중전 망대,5.0,경북
23615,h002268,관음도,5.0,경북
23616,h002268,현포항,5.0,경북
23617,h002277,동백동산 습지센터,5.0,제주특별자치도
23618,h002277,판포 포구,5.0,제주특별자치도
23619,h002277,황이지 선녀탕,5.0,제주특별자치도
23620,h002283,용눈이오름,2.6666666666666665,제주특별자치도
23621,h002283,도두동 무지개 해안도로,4.0,제주특별자치도
23622,h002285,제주동문시장,5.0,제주특별자치도
23623,h002285,함덕해수욕장,5.0,제주특별자치도
23624,h002285,용두암,5.0,제주특별자치도
23625,h002285,성산일출봉,5.0,제주특별자치도
23626,h002285,우도,5.0,제주특별자치도
23627,h002285,아쿠아 플라넷 제주,5.0,제주특별자치도
23628,h002285,한라산국립공원,5.0,제주특별자치도
23629,h002291,이호 테우해수욕장,3.6666666666666665,제주특별자치도
23630,h002291,한담 해안산책로,5.0,제주특별자치도
23631,h002291,서귀포 매일 올레시장,5.0,제주특별자치도
23632,h002291,거문 오름,5.0,제주특별자치도
23633,h002291,더클리프,5.0,제주특별자치도
23634,h002291,9.81파크,5.0,제주특별자치도
23635,h002291,중문 대표 주상절리대,5.0,제주특별자치도
23636,h002291,제주민속촌,5.0,제주특별자치도
23637,h002291,본태 박물관,5.0,제주특별자치도
23638,h002293,함덕해수욕장,5.0,제주특별자치도
23639,h002293,함덕해수욕장,5.0,제주특별자치도
23640,h002293,성산일출봉,5.0,제주특별자치도
23641,h002293,중문색달해수욕장,5.0,제주특별자치도
23642,h002293,연동,3.0,제주특별자치도
23643,h002293,다구리 문화 예술공원,4.0,제주특별자치도
23644,h002293,천지연폭포,4.333333333333333,제주특별자치도
23645,h002293,오설록 티 뮤지엄,3.3333333333333335,제주특별자치도
23646,h002293,제주동문시장,3.0,제주특별자치도
23647,h002293,제주동문시장,3.6666666666666665,제주특별자치도
23648,h002293,한라수목원,5.0,제주특별자치도
23649,h002293,곽지해수욕장,5.0,제주특별자치도
23650,h002295,우도,4.0,제주특별자치도
23651,h002295,도두동 무지개 해안도로,5.0,제주특별자치도
23652,h002295,협재해수욕장,3.6666666666666665,제주특별자치도
23653,h002295,도두봉 키세스존,4.0,제주특별자치도
23654,h002296,산지천,5.0,제주특별자치도
23655,h002296,산지 등대,5.0,제주특별자치도
23656,h002296,산지천,5.0,제주특별자치도
23657,h002297,산지천,3.6666666666666665,제주특별자치도
23658,h002300,애월농협 하나로마트,4.0,제주특별자치도
23659,h002300,곽지해수욕장,4.0,제주특별자치도
23660,h002300,애월농협 하나로마트,4.0,제주특별자치도
23661,h002302,오조포구,3.3333333333333335,제주특별자치도
23662,h002302,코난 해변,5.0,
23663,h002302,오설록 티 뮤지엄,3.3333333333333335,제주특별자치도
23664,h002302,애월 카페거리,3.3333333333333335,제주특별자치도
23665,h002302,모퉁이 옷장,2.3333333333333335,제주특별자치도
23666,h002302,더 아일랜더,3.0,제주특별자치도
23667,h002302,제주동문시장,3.3333333333333335,제주특별자치도
23668,h002302,수목원길 야시장,2.6666666666666665,제주특별자치도
23669,h002308,금능해수욕장,5.0,제주특별자치도
23670,h002308,금능해수욕장,5.0,제주특별자치도
23671,h002308,협재해수욕장,5.0,제주특별자치도
23672,h002308,신화 워터파크,5.0,제주특별자치도
23673,h002308,뽀로로 앤 타요 테마파크 제주,5.0,제주특별자치도
23674,h002308,협재해수욕장,5.0,제주특별자치도
23675,h002310,도두동 무지개 해안도로,2.3333333333333335,
23676,h002310,새별 오름,5.0,제주특별자치도
23677,h002310,신창 풍차 해안도로,3.0,제주특별자치도
23678,h002310,비체올린,5.0,제주특별자치도
23679,h002310,오설록 티 뮤지엄,5.0,제주특별자치도
23680,h002310,헬로키티 아일랜드,4.0,제주특별자치도
23681,h002310,아르떼 뮤지엄 제주,5.0,제주특별자치도
23682,h002310,돌 염전,4.0,제주특별자치도
23683,h002310,사진 놀이터,5.0,제주특별자치도
23684,h002310,이호 테우해수욕장,3.0,제주특별자치도
23685,h002311,협재해수욕장,5.0,제주특별자치도
23686,h002311,금오름,5.0,제주특별자치도
23687,h002311,비밀의 숲,5.0,제주특별자치도
23688,h002311,이호 테우해수욕장,5.0,제주특별자치도
23689,h002311,제동목장 입구 교차로,5.0,제주특별자치도
23690,h002316,서귀포 매일 올레시장,5.0,제주특별자치도
23691,h002316,논짓물해변,5.0,제주특별자치도
23692,h002316,천제연폭포,5.0,제주특별자치도
23693,h002316,사건도,3.3333333333333335,제주특별자치도
23694,h002318,한림공원,5.0,제주특별자치도
23695,h002318,제주동문재래시장,3.6666666666666665,제주특별자치도
23696,h002318,우도,5.0,제주특별자치도
23697,h002318,우도,5.0,제주특별자치도
23698,h002318,우도,5.0,제주특별자치도
23699,h002318,성산일출봉,5.0,제주특별자치도
23700,h002318,제주동문재래시장,4.666666666666667,제주특별자치도
23701,h002322,함덕해수욕장,5.0,제주특별자치도
23702,h002322,함덕해수욕장,5.0,제주특별자치도
23703,h002322,포토 랩 플러스 함덕점,5.0,제주특별자치도
23704,h002322,김녕해수욕장,5.0,제주특별자치도
23705,h002322,김녕 용암해수사우나,4.666666666666667,제주특별자치도
23706,h002322,청굴물,4.333333333333333,제주특별자치도
23707,h002322,김녕해수욕장,5.0,제주특별자치도
23708,h002327,월정리 해수욕장,3.6666666666666665,제주특별자치도
23709,h002327,세화해변,4.0,제주특별자치도
23710,h002327,성산일출봉,3.3333333333333335,제주특별자치도
23711,h002327,섭지코지,2.0,제주특별자치도
23712,h002327,런던 베이글 뮤지엄 제주점,5.0,제주특별자치도
23713,h002327,칠성으로 쇼핑거리,1.3333333333333333,제주특별자치도
23714,h002327,제주동문시장,3.6666666666666665,제주특별자치도
23715,h002327,곽지해수욕장,1.6666666666666667,제주특별자치도
23716,h002327,협재해수욕장,3.6666666666666665,제주특별자치도
23717,h002327,금능해수욕장,1.6666666666666667,제주특별자치도
23718,h002328,수목원길 야시장,3.3333333333333335,제주특별자치도
23719,h002328,제주아트서커스,3.3333333333333335,제주특별자치도
23720,h002328,천지연폭포,3.6666666666666665,제주특별자치도
23721,h002328,정방폭포,4.0,제주특별자치도
23722,h002328,서귀포 매일 올레시장,3.6666666666666665,제주특별자치도
23723,h002328,한라산,5.0,제주특별자치도
23724,h002328,만장굴,3.3333333333333335,제주특별자치도
23725,h002328,성산일출봉,4.0,제주특별자치도
23726,h002328,섭지코지,3.0,제주특별자치도
23727,h002328,도두동 무지개 해안도로,4.0,제주특별자치도
23728,h002334,숨도,1.6666666666666667,제주특별자치도
23729,h002334,서귀포 매일 올레시장,4.0,제주특별자치도
23730,h002334,정방폭포,4.0,제주특별자치도
23731,h002335,이중섭미술관,3.3333333333333335,
23732,h002335,중문색달해수욕장,3.6666666666666665,제주특별자치도
23733,h002338,제주동문시장,3.3333333333333335,제주특별자치도
23734,h002338,위이,2.6666666666666665,제주특별자치도
23735,h002338,중문색달해수욕장,3.3333333333333335,제주특별자치도
23736,h002345,함덕해수욕장,4.0,제주특별자치도
23737,h002345,아베베 베이커리,5.0,제주특별자치도
23738,h002345,빛의 벙커,3.3333333333333335,제주특별자치도
23739,h002345,세화해변,3.3333333333333335,제주특별자치도
23740,h002345,광치기 해변,3.6666666666666665,제주특별자치도
23741,h002345,금오름,4.0,제주특별자치도
23742,h002345,협재해수욕장,4.0,제주특별자치도
23743,h002347,저지 오름,4.0,제주특별자치도
23744,h002347,유람 위드북스,5.0,제주특별자치도
23745,h002347,판포 포구,5.0,제주특별자치도
23746,h002347,이마트 서귀포점,5.0,제주특별자치도
23747,h002347,서귀포 매일 올레시장,3.6666666666666665,제주특별자치도
23748,h002347,올레길 7코스(서귀포-월평 올레),3.6666666666666665,제주특별자치도
23749,h002347,스타벅스 제주 일도 DT 점,5.0,제주특별자치도
23750,h002349,성산일출봉,5.0,제주특별자치도
23751,h002352,제주동문시장,3.6666666666666665,제주특별자치도
23752,h002352,만장굴,5.0,제주특별자치도
23753,h002352,제주동문수산시장,3.3333333333333335,제주특별자치도
23754,h002352,서부두 수산시장,3.6666666666666665,제주특별자치도
23755,h002352,제주목 관아,4.666666666666667,제주특별자치도
23756,h002352,제주동문공설시장,4.333333333333333,제주특별자치도
23757,h002352,서부두 수산시장,4.0,제주특별자치도
23758,h002354,곽지해수욕장,5.0,제주특별자치도
23759,h002354,제주동문시장,5.0,제주특별자치도
23760,h002354,김녕해수욕장,5.0,제주특별자치도
23761,h002354,세화해변,5.0,제주특별자치도
23762,h002354,세화 민속 오일시장,5.0,제주특별자치도
23763,h002354,세화해변,5.0,제주특별자치도
23764,h002356,이호 테우해수욕장,3.6666666666666665,제주특별자치도
23765,h002356,제주 레포츠 랜드,4.0,제주특별자치도
23766,h002356,스카이 워터쇼,1.3333333333333333,제주특별자치도
23767,h002356,황이지 해안,3.0,제주특별자치도
23768,h002356,서귀포 매일 올레시장,3.6666666666666665,제주특별자치도
23769,h002356,제주민속촌,3.0,제주특별자치도
23770,h002356,이호 테우해수욕장,2.6666666666666665,제주특별자치도
23771,h002356,포시즌 해양레저,4.333333333333333,제주특별자치도
23772,h002356,이호 테우해수욕장,4.0,제주특별자치도
23773,h002356,제주동문시장,3.3333333333333335,제주특별자치도
23774,h002356,도두봉,3.3333333333333335,제주특별자치도
23775,h002358,공백,3.3333333333333335,제주특별자치도
23776,h002358,비자림,4.0,제주특별자치도
23777,h002358,제주 레일바이크,4.666666666666667,제주특별자치도
23778,h002358,성산일출봉,4.0,제주특별자치도
23779,h002358,큰엉해안경승지,5.0,
23780,h002358,서귀포 매일 올레시장,4.0,제주특별자치도
23781,h002358,안덕계곡,4.0,제주특별자치도
23782,h002358,송악산 둘레길,4.0,제주특별자치도
23783,h002358,저지예술인 마을,3.6666666666666665,제주특별자치도
23784,h002358,한림공원,4.0,제주특별자치도
23785,h002367,원더 아일랜드,5.0,제주특별자치도
23786,h002367,신창 풍차 해안,5.0,제주특별자치도
23787,h002371,귤귤스토어 도두점,4.0,
23788,h002371,도두동 무지개 해안도로,3.6666666666666665,제주특별자치도
23789,h002371,제주 카약 올레,5.0,제주특별자치도
23790,h002371,사계항,4.0,제주특별자치도
23791,h002371,사계해변,3.0,제주특별자치도
23792,h002371,협재해수욕장,4.333333333333333,제주특별자치도
23793,h002371,아르떼 뮤지엄 제주,5.0,제주특별자치도
23794,h002371,함덕해수욕장,5.0,제주특별자치도
23795,h002371,애월 해안도로,5.0,제주특별자치도
23796,h002376,제주동문시장,3.6666666666666665,제주특별자치도
23797,h002376,함덕해수욕장,5.0,제주특별자치도
23798,h002376,우도,5.0,제주특별자치도
23799,h002376,우도,5.0,제주특별자치도
23800,h002376,우도,4.666666666666667,제주특별자치도
23801,h002376,제주동문시장,3.0,제주특별자치도
23802,h002378,제주동문재래시장,5.0,
23803,h002378,헬로키티 아일랜드,5.0,제주특별자치도
23804,h002378,오설록 티 뮤지엄,5.0,제주특별자치도
23805,h002378,제주 실탄사격장,5.0,제주특별자치도
23806,h002378,박물관은 살아있다 제주 중문점,5.0,제주특별자치도
23807,h002378,금능해수욕장,5.0,제주특별자치도
23808,h002378,협재해수욕장,5.0,제주특별자치도
23809,h002378,애월 카페거리,4.666666666666667,제주특별자치도
23810,h002378,용연계곡,4.333333333333333,제주특별자치도
23811,h002378,도두동 무지개 해안도로,5.0,제주특별자치도
23812,h002379,이마트 신제주점,4.0,제주특별자치도
23813,h002379,스누피가든,5.0,제주특별자치도
23814,h002379,오설록 티 뮤지엄,5.0,제주특별자치도
23815,h002379,성산일출봉,5.0,제주특별자치도
23816,h002379,이마트 신제주점,5.0,제주특별자치도
23817,h002379,롯데마트 제주점,4.0,제주특별자치도
23818,h002379,제주동문재래시장,3.3333333333333335,제주특별자치도
23819,h002385,금오름,5.0,제주특별자치도
23820,h002385,오설록 티 뮤지엄,4.666666666666667,제주특별자치도
23821,h002385,카멜리아힐,5.0,제주특별자치도
23822,h002385,외돌개,5.0,제주특별자치도
23823,h002385,천지연폭포,4.333333333333333,제주특별자치도
23824,h002385,쇠소깍,4.666666666666667,제주특별자치도
23825,h002385,섭지코지,5.0,제주특별자치도
23826,h002385,성산일출봉,5.0,제주특별자치도
23827,h002385,우도,5.0,제주특별자치도
23828,h002387,제주동문시장,4.0,제주특별자치도
23829,h002387,서어봉,5.0,제주특별자치도
23830,h002389,우도,5.0,제주특별자치도
23831,h002389,9.81파크,5.0,제주특별자치도
23832,h002395,협재해수욕장,4.0,제주특별자치도
23833,h002395,포도 뮤지엄,4.0,제주특별자치도
23834,h002395,새별 오름,4.0,제주특별자치도
23835,h002395,비밀의 숲,4.0,제주특별자치도
23836,h002395,표선해수욕장,3.3333333333333335,제주특별자치도
23837,h002395,서귀포 매일 올레시장,4.333333333333333,제주특별자치도
23838,h002395,한라산 11고지,4.0,제주특별자치도
23839,h002395,이호 테우해수욕장,4.0,제주특별자치도
23840,h002396,금오름,4.0,제주특별자치도
23841,h002396,사계해변,3.0,제주특별자치도
23842,h002396,서귀포 매일 올레시장,3.3333333333333335,제주특별자치도
23843,h002396,사려니숲길 붉은오름 입구,4.666666666666667,제주특별자치도
23844,h002396,제동목장,3.3333333333333335,제주특별자치도
23845,h002396,니모스토리,4.666666666666667,제주특별자치도
23846,h002396,김녕해수욕장,5.0,제주특별자치도
23847,h002396,이호 테우해수욕장,3.6666666666666665,제주특별자치도
23848,h002396,니모스토리,5.0,제주특별자치도
23849,h002396,마리메 주차장,5.0,제주특별자치도
23850,h002396,제주동문시장,3.6666666666666665,제주특별자치도
23851,h002406,아쿠아 플라넷 제주,5.0,제주특별자치도
23852,h002406,제주동문재래시장,4.0,제주특별자치도
23853,h002406,아르떼 뮤지엄 제주,5.0,제주특별자치도
23854,h002406,천지연폭포,5.0,제주특별자치도
23855,h002406,효명사,5.0,제주특별자치도
23856,h002406,제주동문수산시장,4.0,제주특별자치도
23857,h002416,오설록 티 뮤지엄,4.666666666666667,제주특별자치도
23858,h002416,박수기정,5.0,제주특별자치도
23859,h002421,돌 염전,3.3333333333333335,제주특별자치도
23860,h002421,오설록 티 뮤지엄,4.333333333333333,제주특별자치도
23861,h002421,금오름,3.3333333333333335,제주특별자치도
23862,h002421,상가리 야자숲,2.6666666666666665,제주특별자치도
23863,h002421,다락쉼터,3.3333333333333335,제주특별자치도
23864,h002421,김녕해수욕장,2.6666666666666665,제주특별자치도
23865,h002428,용두암,5.0,제주특별자치도
23866,h002428,제주동문재래시장,4.0,제주특별자치도
23867,h002428,더마파크,4.0,제주특별자치도
23868,h002428,협재해수욕장,5.0,제주특별자치도
23869,h002428,제주항공 우주 박물관,4.0,제주특별자치도
23870,h002433,태화탕,3.3333333333333335,제주특별자치도
23871,h002433,포도 뮤지엄,3.3333333333333335,제주특별자치도
23872,h002433,사계해변,3.0,제주특별자치도
23873,h002435,함덕해수욕장,4.0,제주특별자치도
23874,h002435,해녀의 부엌,5.0,제주특별자치도
23875,h002435,섭지코지,4.0,제주특별자치도
23876,h002435,우도,3.3333333333333335,제주특별자치도
23877,h002435,사계해변,5.0,제주특별자치도
23878,h002442,산방산 탄산온천,3.0,제주특별자치도
23879,h002442,용두암,3.0,제주특별자치도
23880,h002442,애월 해안도로,3.0,제주특별자치도
23881,h002442,협재해수욕장,3.0,제주특별자치도
23882,h002442,오설록 티 뮤지엄,3.0,제주특별자치도
23883,h002442,카멜리아힐,3.0,제주특별자치도
23884,h002442,제주동문시장,3.0,제주특별자치도
23885,h002442,삼양해수욕장,3.0,제주특별자치도
23886,h002442,국립제주박물관,4.333333333333333,제주특별자치도
23887,h002442,제주동문시장,3.0,제주특별자치도
23888,h002442,이호 테우해수욕장,3.0,제주특별자치도
23889,h002442,관덕정,3.0,제주특별자치도
23890,h002444,쇠소깍,4.333333333333333,제주특별자치도
23891,h002444,성산일출봉 농협 하나로마트,3.3333333333333335,제주특별자치도
23892,h002444,소정방폭포,5.0,제주특별자치도
23893,h002444,천지연폭포,5.0,제주특별자치도
23894,h002444,서귀포 매일 올레시장,2.6666666666666665,제주특별자치도
23895,h002444,도두봉,2.3333333333333335,제주특별자치도
23896,h002444,에브리바디 빈티지 본점,2.3333333333333335,제주특별자치도
23897,h002448,목장카페드르쿰다,4.0,제주특별자치도
23898,h002448,서귀포 매일 올레시장,3.6666666666666665,제주특별자치도
23899,h002448,이마트 서귀포점,3.0,제주특별자치도
23900,h002448,법환포구,4.0,제주특별자치도
23901,h002448,액트몬 제주 중문점,3.6666666666666665,제주특별자치도
23902,h002448,제주관광공사 지정면세점,3.0,제주특별자치도
23903,h002448,제주동문시장,4.0,제주특별자치도
23904,h002449,곽지해수욕장,4.0,제주특별자치도
23905,h002449,행원 해변,3.0,제주특별자치도
23906,h002449,월령포구,5.0,제주특별자치도
23907,h002452,함덕해수욕장,5.0,제주특별자치도
23908,h002452,문도지오름,5.0,제주특별자치도
23909,h002452,이호 테우해수욕장,5.0,제주특별자치도
23910,h002454,빛의 벙커,5.0,제주특별자치도
23911,h002466,금능해수욕장,5.0,제주특별자치도
23912,h002466,제주 부영 호텔 앤리조트,5.0,제주특별자치도
23913,h002466,금능해수욕장,5.0,제주특별자치도
23914,h002474,이호 테우해수욕장,5.0,제주특별자치도
23915,h002474,판포 포구,5.0,제주특별자치도
23916,h002474,제주민속촌,5.0,제주특별자치도
23917,h002474,서귀포 매일 올레시장,5.0,제주특별자치도
23918,h002476,9.81파크,2.6666666666666665,제주특별자치도
23919,h002476,협재해수욕장,4.0,제주특별자치도
23920,h002476,연동,2.6666666666666665,제주특별자치도
23921,h002476,점보빌리지,3.3333333333333335,제주특별자치도
23922,h002476,뽀로로 앤 타요 테마파크 제주,5.0,제주특별자치도
23923,h002476,오설록 티 뮤지엄,4.0,제주특별자치도
23924,h002476,노형수퍼마켙,1.6666666666666667,제주특별자치도
23925,h002477,누워 마루 거리,1.0,제주특별자치도
23926,h002477,삼무공원,1.0,제주특별자치도
23927,h002477,함덕해수욕장,5.0,제주특별자치도
23928,h002477,만장굴,5.0,제주특별자치도
23929,h002477,우도,5.0,제주특별자치도
23930,h002477,비양도 등대,5.0,제주특별자치도
23931,h002477,태웃개,5.0,제주특별자치도
23932,h002477,태웃개,5.0,제주특별자치도
23933,h002477,제주동문시장,5.0,제주특별자치도
23934,h002477,솟솟리버스,5.0,제주특별자치도
23935,h002486,표선해수욕장,3.3333333333333335,제주특별자치도
23936,h002489,서귀포 매일 올레시장,3.0,제주특별자치도
23937,h002489,더클리프,4.0,제주특별자치도
23938,h002489,협재해수욕장,5.0,제주특별자치도
23939,h002489,노티스 제주,3.6666666666666665,제주특별자치도
23940,h002489,애월 카페거리,4.333333333333333,제주특별자치도
23941,h002489,올레길 16코스(고내-광령 올레),4.0,제주특별자치도
23942,h002492,도두동 무지개 해안도로,5.0,제주특별자치도
23943,h002492,이호 테우해수욕장,4.0,제주특별자치도
23944,h002492,곽지해수욕장,5.0,제주특별자치도
23945,h002492,금능해수욕장,5.0,제주특별자치도
23946,h002492,중문색달해수욕장,5.0,제주특별자치도
23947,h002492,화순금모래해수욕장,4.0,제주특별자치도
23948,h002492,월정리 해수욕장,5.0,제주특별자치도
23949,h002492,구좌농협 하나로마트 중부점,5.0,제주특별자치도
23950,h002493,용연 구름다리,4.333333333333333,제주특별자치도
23951,h002496,함덕해수욕장,3.3333333333333335,제주특별자치도
23952,h002496,협재해수욕장,5.0,제주특별자치도
23953,h002496,더마파크,5.0,제주특별자치도
23954,h002496,서귀포 매일 올레시장,2.3333333333333335,제주특별자치도
23955,h002496,천지연폭포,5.0,제주특별자치도
23956,h002496,서귀포 유람선,5.0,제주특별자치도
23957,h002496,삼양해수욕장,5.0,제주특별자치도
23958,h002496,제주동문시장,3.0,제주특별자치도
23959,h002498,뽀로로 앤 타요 테마파크 제주,4.333333333333333,제주특별자치도
23960,h002498,제주항공 우주 박물관,4.333333333333333,제주특별자치도
23961,h002498,산방산,3.3333333333333335,제주특별자치도
23962,h002502,함덕해수욕장,5.0,제주특별자치도
23963,h002502,비밀의 숲,5.0,제주특별자치도
23964,h002503,한림공원,3.0,제주특별자치도
23965,h002503,협재해수욕장,4.666666666666667,제주특별자치도
23966,h002504,성산일출봉 농협 하나로마트,5.0,제주특별자치도
23967,h002504,관곶,5.0,제주특별자치도
23968,h002504,성산일출봉,5.0,제주특별자치도
23969,h002504,스누피가든,5.0,제주특별자치도
23970,h002504,만장굴,5.0,제주특별자치도
23971,h002504,거문 오름,5.0,제주특별자치도
23972,h002504,이마트 신제주점,5.0,제주특별자치도
23973,h002504,뽀로로 앤 타요 테마파크 제주,5.0,제주특별자치도
23974,h002504,송악산 둘레길,5.0,제주특별자치도
23975,h002504,롯데마트 제주점,5.0,제주특별자치도
23976,h002509,곽지해수욕장,3.0,제주특별자치도
23977,h002509,포도 뮤지엄,4.0,제주특별자치도
23978,h002509,바다 바래,3.0,제주특별자치도
23979,h002509,천지연폭포,4.333333333333333,제주특별자치도
23980,h002509,소정방폭포,4.0,제주특별자치도
23981,h002509,허니문하우스,2.6666666666666665,제주특별자치도
23982,h002509,이호 테우해수욕장,4.0,제주특별자치도
23983,h002513,애월항,4.0,제주특별자치도
23984,h002513,새별 프렌즈,3.6666666666666665,제주특별자치도
23985,h002513,수월봉,4.0,제주특별자치도
23986,h002513,서귀포 매일 올레시장,5.0,제주특별자치도
23987,h002513,외돌개,5.0,제주특별자치도
23988,h002513,세화해변,5.0,제주특별자치도
23989,h002513,함덕해수욕장,5.0,제주특별자치도
23990,h002525,아르떼 뮤지엄 제주,5.0,제주특별자치도
23991,h002525,새별 오름,3.0,제주특별자치도
23992,h002525,성이시돌목장,3.3333333333333335,
23993,h002525,아베베 베이커리,4.0,제주특별자치도
23994,h002525,제주동문시장,4.0,제주특별자치도
23995,h002525,애월 카페거리,4.0,제주특별자치도
23996,h002527,섭지코지,4.333333333333333,제주특별자치도
23997,h002527,사려니숲길,3.6666666666666665,제주특별자치도
23998,h002527,신비의도로,1.3333333333333333,제주특별자치도
23999,h002527,새별 오름,2.3333333333333335,제주특별자치도
24000,h002527,협재해수욕장,3.0,제주특별자치도
24001,h002527,판포 포구,3.6666666666666665,제주특별자치도
24002,h002527,애월 카페거리,3.6666666666666665,제주특별자치도
24003,h002527,천제연폭포,4.0,제주특별자치도
24004,h002527,중문 대표 주상절리대,3.6666666666666665,
24005,h002527,박물관은 살아있다 제주 중문점,1.3333333333333333,제주특별자치도
24006,h002530,판포 포구,5.0,제주특별자치도
24007,h002530,소천지,5.0,제주특별자치도
24008,h002530,사계해변,5.0,제주특별자치도
24009,h002530,노을해안길 1코스,5.0,제주특별자치도
24010,h002533,오설록 티 뮤지엄,4.0,제주특별자치도
24011,h002533,오설록 티 뮤지엄,5.0,제주특별자치도
24012,h002533,협재해수욕장,5.0,제주특별자치도
24013,h002533,금능해수욕장,4.0,제주특별자치도
24014,h002533,김녕해수욕장,5.0,제주특별자치도
24015,h002533,김녕미로공원,3.0,제주특별자치도
24016,h002533,만장굴,3.6666666666666665,제주특별자치도
24017,h002539,제주동문시장,4.0,제주특별자치도
24018,h002539,곽지해수욕장,5.0,제주특별자치도
24019,h002539,메종글래드 제주 더 파티오 풀,3.6666666666666665,제주특별자치도
24020,h002539,이호 테우해수욕장,5.0,제주특별자치도
24021,h002540,판포 포구,5.0,제주특별자치도
24022,h002540,뿔소라공원,4.333333333333333,제주특별자치도
24023,h002540,평대리 해수욕장,3.3333333333333335,제주특별자치도
24024,h002540,함덕해수욕장,5.0,제주특별자치도
24025,h002540,국제 리더스클럽,3.3333333333333335,제주특별자치도
24026,h002544,수월봉,4.666666666666667,제주특별자치도
24027,h002544,서귀포 매일 올레시장,4.0,제주특별자치도
24028,h002544,소남머리,4.0,제주특별자치도
24029,h002544,서귀포 매일 올레시장,4.0,제주특별자치도
24030,h002545,용연 구름다리,5.0,제주특별자치도
24031,h002545,제주동문시장,4.0,제주특별자치도
24032,h002545,함덕해수욕장,5.0,제주특별자치도
24033,h002545,판포 포구,5.0,제주특별자치도
24034,h002545,금능해수욕장,5.0,제주특별자치도
24035,h002545,원 앤 온리,5.0,제주특별자치도
24036,h002545,원앙폭포,5.0,제주특별자치도
24037,h002545,허니문하우스,5.0,제주특별자치도
24038,h002548,본태 박물관,5.0,제주특별자치도
24039,h002548,방주교회,3.6666666666666665,제주특별자치도
24040,h002548,금오름,3.0,제주특별자치도
24041,h002548,한림수협 다목적 어업인 종합지원센터,3.3333333333333335,제주특별자치도
24042,h002548,절물자연휴양림,3.6666666666666665,제주특별자치도
24043,h002548,송당 무끈모루,3.3333333333333335,제주특별자치도
24044,h002548,비자림,4.0,제주특별자치도
24045,h002549,함덕해수욕장,5.0,제주특별자치도
24046,h002549,세화 소품과,3.6666666666666665,
24047,h002549,해녀박물관,5.0,제주특별자치도
24048,h002549,행원 해변,5.0,제주특별자치도
24049,h002549,제주해양 동물 박물관,5.0,제주특별자치도
24050,h002549,기당미술관,5.0,제주특별자치도
24051,h002549,서귀포 매일 올레시장,3.3333333333333335,제주특별자치도
24052,h002549,건강과 성 박물관,5.0,제주특별자치도
24053,h002549,보문사,5.0,제주특별자치도
24054,h002550,협재해수욕장,4.0,제주특별자치도
24055,h002550,신비의도로,4.0,제주특별자치도
24056,h002550,관음사,4.0,제주특별자치도
24057,h002550,중문색달해수욕장,4.0,제주특별자치도
24058,h002550,제주 성읍마을,4.0,제주특별자치도
24059,h002550,마트로 탑동점,4.0,제주특별자치도
24060,h002550,함덕해수욕장,4.0,제주특별자치도
24061,h002552,바이 제주,4.0,제주특별자치도
24062,h002552,서어봉,4.666666666666667,제주특별자치도
24063,h002552,만장굴,4.333333333333333,제주특별자치도
24064,h002552,스누피가든,3.3333333333333335,제주특별자치도
24065,h002552,섭지코지,5.0,제주특별자치도
24066,h002552,표선해수욕장,2.3333333333333335,제주특별자치도
24067,h002552,서귀포 매일 올레시장,5.0,제주특별자치도
24068,h002552,이중섭거리,5.0,제주특별자치도
24069,h002552,이중섭미술관,5.0,제주특별자치도
24070,h002552,사계해변,5.0,제주특별자치도
24071,h002552,제주동문시장,5.0,제주특별자치도
24072,h002555,탑동 광장,3.3333333333333335,제주특별자치도
24073,h002555,제주시 새우리 제주점,3.3333333333333335,제주특별자치도
24074,h002555,노형수퍼마켙,4.0,제주특별자치도
24075,h002555,디앤디파트먼트 제주,2.3333333333333335,제주특별자치도
24076,h002555,제주동문시장,5.0,제주특별자치도
24077,h002555,아르떼 뮤지엄 제주,3.6666666666666665,제주특별자치도
24078,h002555,금능해수욕장,5.0,제주특별자치도
24079,h002555,태화탕,3.6666666666666665,제주특별자치도
24080,h002555,용연 구름다리,4.0,제주특별자치도
24081,h002556,제주동문시장,4.666666666666667,제주특별자치도
24082,h002556,마트로 탑동점,2.6666666666666665,제주특별자치도
24083,h002556,이호 테우해수욕장,4.0,제주특별자치도
24084,h002556,한담 몰,3.6666666666666665,제주특별자치도
24085,h002556,제주동문시장,3.6666666666666665,제주특별자치도
24086,h002556,이호 테우해수욕장,4.0,제주특별자치도
24087,h002564,월정리 해수욕장,5.0,제주특별자치도
24088,h002564,김녕해수욕장,5.0,제주특별자치도
24089,h002564,신창 풍차 해안도로,5.0,제주특별자치도
24090,h002564,이호 테우해수욕장,5.0,제주특별자치도
24091,h002565,한담 해안산책로,5.0,제주특별자치도
24092,h002565,금능해수욕장,5.0,제주특별자치도
24093,h002565,사계해변,2.6666666666666665,제주특별자치도
24094,h002565,금오름,5.0,제주특별자치도
24095,h002565,세기알 해변,5.0,제주특별자치도
24096,h002565,세기알 해변,5.0,제주특별자치도
24097,h002565,사려니숲길,5.0,제주특별자치도
24098,h002565,월평포구,3.6666666666666665,제주특별자치도
24099,h002570,도두동 무지개 해안도로,5.0,제주특별자치도
24100,h002570,국립제주박물관,5.0,제주특별자치도
24101,h002570,서귀포 매일 올레시장,5.0,제주특별자치도
24102,h002570,오는정김밥,5.0,제주특별자치도
24103,h002570,포도 뮤지엄,5.0,제주특별자치도
24104,h002570,아르떼 뮤지엄 제주,5.0,제주특별자치도
24105,h002570,제주동문시장,5.0,제주특별자치도
24106,h002585,산방산,5.0,제주특별자치도
24107,h002585,카페 루시아 본점,5.0,제주특별자치도
24108,h002585,천제연폭포,4.0,제주특별자치도
24109,h002585,외돌개,5.0,제주특별자치도
24110,h002587,하모해변,3.0,제주특별자치도
24111,h002587,리틀 프린스 뮤지엄,3.0,제주특별자치도
24112,h002587,서귀포 매일 올레시장,3.3333333333333335,제주특별자치도
24113,h002588,이호 테우해수욕장,4.0,
24114,h002588,11고지 습지,5.0,제주특별자치도
24115,h002588,사려니숲길,3.3333333333333335,제주특별자치도
24116,h002588,서귀포 매일 올레시장,4.333333333333333,제주특별자치도
24117,h002588,남원큰엉해변,3.3333333333333335,제주특별자치도
24118,h002592,화순금모래해수욕장 수영장,5.0,제주특별자치도
24119,h002592,사계해변,5.0,제주특별자치도
24120,h002592,화순금모래해수욕장,5.0,제주특별자치도
24121,h002592,9.81파크,5.0,제주특별자치도
24122,h002597,서귀포 매일 올레시장,5.0,제주특별자치도
24123,h002597,소천지,4.0,제주특별자치도
24124,h002597,서귀포 매일 올레시장,5.0,제주특별자치도
24125,h002597,다구리 문화 예술공원,5.0,제주특별자치도
24126,h002597,서귀포 매일 올레시장,5.0,제주특별자치도
24127,h002603,대장봉,5.0,전북
24128,h002603,초원 사진관,5.0,전북
24129,h002603,새만금 방조제 드라이브 코스,5.0,전북
24130,h002603,선유도해수욕장,5.0,전북
24131,h002603,선유도,3.6666666666666665,전북
24132,h002603,무녀도,5.0,전북
24133,h002603,선유도해수욕장,5.0,전북
24134,h002603,몽돌해수욕장,3.0,전남
24135,h002608,행원 해변,5.0,제주특별자치도
24136,h002608,섭지코지,5.0,제주특별자치도
24137,h002608,오조포구,5.0,제주특별자치도
24138,h002608,제주동문시장,5.0,제주특별자치도
24139,h002608,비밀의 숲,5.0,제주특별자치도
24140,h002608,해녀박물관,5.0,제주특별자치도
24141,h002610,아쿠아 플라넷 제주,5.0,제주특별자치도
24142,h002610,성산일출 해양도립공원,5.0,제주특별자치도
24143,h002610,섭지코지,5.0,제주특별자치도
24144,h002611,서어봉,4.0,제주특별자치도
24145,h002611,세화해변,5.0,제주특별자치도
24146,h002611,세화해변,5.0,제주특별자치도
24147,h002611,서귀포 매일 올레시장,3.6666666666666665,제주특별자치도
24148,h002611,원앙폭포,3.3333333333333335,제주특별자치도
24149,h002611,올레길 5코스(남원-쇠소깍 올레),4.0,제주특별자치도
24150,h002611,서귀포 매일 올레시장,4.0,제주특별자치도
24151,h002611,새연교,3.3333333333333335,제주특별자치도
24152,h002611,정방폭포,3.0,제주특별자치도
24153,h002618,포도 뮤지엄,5.0,제주특별자치도
24154,h002618,휴애리 자연생활공원,3.6666666666666665,제주특별자치도
24155,h002618,함덕해수욕장,3.6666666666666665,제주특별자치도
24156,h002618,제주동문시장,4.0,제주특별자치도
24157,h002625,함덕해수욕장,4.666666666666667,제주특별자치도
24158,h002625,제주동문시장,4.666666666666667,제주특별자치도
24159,h002625,월정리 해수욕장,4.666666666666667,제주특별자치도
24160,h002625,만장굴,4.666666666666667,제주특별자치도
24161,h002625,비자림,3.3333333333333335,제주특별자치도
24162,h002625,섭지코지,4.0,제주특별자치도
24163,h002625,광치기 해변,4.333333333333333,제주특별자치도
24164,h002625,성산일출봉,4.333333333333333,제주특별자치도
24165,h002625,용눈이오름,4.333333333333333,제주특별자치도
24166,h002625,약천사,3.3333333333333335,제주특별자치도
24167,h002625,쇠소깍,3.6666666666666665,제주특별자치도
24168,h002625,산방산,3.6666666666666665,경남
24169,h002629,제주시 민속 오일 시장,4.0,제주특별자치도
24170,h002629,박물관은 살아있다 제주 중문점,5.0,제주특별자치도
24171,h002629,서귀포 매일 올레시장,3.6666666666666665,제주특별자치도
24172,h002629,천지연폭포,3.3333333333333335,제주특별자치도
24173,h002629,협재해수욕장,4.0,제주특별자치도
24174,h002631,서귀포 매일 올레시장,2.0,제주특별자치도
24175,h002631,우도,3.0,제주특별자치도
24176,h002631,비밀의 숲,5.0,제주특별자치도
24177,h002631,김녕요트투어,5.0,제주특별자치도
24178,h002631,김녕해수욕장,4.0,제주특별자치도
24179,h002631,제주 레포츠 랜드,4.0,제주특별자치도
24180,h002632,도리빨,5.0,제주특별자치도
24181,h002632,중문색달해수욕장,5.0,제주특별자치도
24182,h002632,중문색달해수욕장,5.0,제주특별자치도
24183,h002632,중문서핑스쿨&중문서핑샵,5.0,제주특별자치도
24184,h002632,다정이네 올레시장 본점,5.0,제주특별자치도
24185,h002632,금능해수욕장,5.0,제주특별자치도
24186,h002632,협재해수욕장,5.0,제주특별자치도
24187,h002632,다구리 문화 예술공원,5.0,제주특별자치도
24188,h002633,9.81파크,5.0,제주특별자치도
24189,h002633,아르떼 뮤지엄 제주,2.6666666666666665,제주특별자치도
24190,h002633,협재해수욕장,5.0,제주특별자치도
24191,h002633,신창 풍차 해안도로,5.0,제주특별자치도
24192,h002633,한라수목원,4.0,제주특별자치도
24193,h002642,율포해수욕장,4.0,전남
24194,h002642,완도 우성 종합 어 시장,5.0,전남
24195,h002642,완도농협 하나로마트 본점,3.0,전남
24196,h002642,완도타워,4.0,전남
24197,h002642,완도농협 하나로마트 본점,3.3333333333333335,전남
24198,h002642,완도 우성 종합 어 시장,4.0,전남
24199,h002642,서편제 촬영지,5.0,전남
24200,h002642,땅끝 전망대,4.0,전남
24201,h002642,목포근대역사관 1관,4.0,전남
24202,h002642,목포근대역사관 2관,4.333333333333333,전남
24203,h002642,서산동 시화 골목,4.0,전남
24204,h002653,수산동,3.3333333333333335,제주특별자치도
24205,h002653,제주동문시장,3.0,제주특별자치도
24206,h002653,정방폭포,4.0,제주특별자치도
24207,h002653,섭지코지,4.0,제주특별자치도
24208,h002653,성산일출봉,4.0,제주특별자치도
24209,h002653,도두봉,3.3333333333333335,제주특별자치도
24210,h002656,용연 구름다리,3.0,제주특별자치도
24211,h002656,9.81파크,4.333333333333333,제주특별자치도
24212,h002656,수목원길 야시장,3.0,제주특별자치도
24213,h002656,그리스신화 박물관,3.0,제주특별자치도
24214,h002656,사계해변,5.0,제주특별자치도
24215,h002656,남원큰엉해변,2.0,제주특별자치도
24216,h002656,제주동문시장,5.0,제주특별자치도
24217,h002656,이호 테우해수욕장,3.0,제주특별자치도
24218,h002657,애월 카페거리,1.0,제주특별자치도
24219,h002657,9.81파크,5.0,제주특별자치도
24220,h002657,제주동문시장,4.0,제주특별자치도
24221,h002657,도두몰,3.3333333333333335,제주특별자치도
24222,h002657,용연 구름다리,4.0,제주특별자치도
24223,h002658,국립제주박물관,3.3333333333333335,제주특별자치도
24224,h002659,행원 해변,5.0,제주특별자치도
24225,h002659,우도,3.0,제주특별자치도
24226,h002659,우도,3.6666666666666665,제주특별자치도
24227,h002659,우도봉,4.0,제주특별자치도
24228,h002659,목장카페드르쿰다,3.0,제주특별자치도
24229,h002659,오늘은 카트레이싱,4.0,제주특별자치도
24230,h002659,제주민속촌,4.0,제주특별자치도
24231,h002659,제주 허브동산,4.0,제주특별자치도
24232,h002659,제주민속촌,1.6666666666666667,제주특별자치도
24233,h002659,마라도,4.333333333333333,제주특별자치도
24234,h002659,점보빌리지,5.0,제주특별자치도
24235,h002659,제주아트서커스,5.0,제주특별자치도
24236,h002659,법환포구,3.0,제주특별자치도
24237,h002659,서귀포 매일 올레시장,3.0,제주특별자치도
24238,h002659,카멜리아힐,4.0,제주특별자치도
24239,h002659,그리스신화 박물관,2.6666666666666665,제주특별자치도
24240,h002665,광치기 해변,4.333333333333333,제주특별자치도
24241,h002665,월정리 해수욕장,5.0,제주특별자치도
24242,h002665,제주동문시장,3.6666666666666665,제주특별자치도
24243,h002667,협재해수욕장,5.0,제주특별자치도
24244,h002667,금오름,4.666666666666667,제주특별자치도
24245,h002667,제주 월령리 선인장 군락,4.0,제주특별자치도
24246,h002667,송악산 둘레길,5.0,제주특별자치도
24247,h002684,송악산,5.0,제주특별자치도
24248,h002684,수월봉,4.0,제주특별자치도
24249,h002684,제주도립 김창열 미술관,5.0,제주특별자치도
24250,h002684,금능해수욕장,4.0,제주특별자치도
24251,h002684,서어봉,5.0,제주특별자치도
24252,h002694,곽지해수욕장,4.0,제주특별자치도
24253,h002694,연대 포구,4.666666666666667,제주특별자치도
24254,h002694,레이저 서바이벌 M,3.6666666666666665,제주특별자치도
24255,h002694,푸르고,3.3333333333333335,제주특별자치도
24256,h002694,테디베어 하우스 테지움 제주점,2.3333333333333335,제주특별자치도
24257,h002694,목장카페드르쿰다,4.0,제주특별자치도
24258,h002694,세리월드,2.3333333333333335,제주특별자치도
24259,h002694,제주관광공사 지정면세점,3.3333333333333335,제주특별자치도
24260,h002694,오늘은 카트레이싱,3.3333333333333335,제주특별자치도
24261,h002694,제주민속촌,4.0,제주특별자치도
24262,h002701,이호 테우해수욕장,4.0,제주특별자치도
24263,h002701,제주동문재래시장,4.0,제주특별자치도
24264,h002701,용눈이오름,4.333333333333333,제주특별자치도
24265,h002701,함덕해수욕장,4.0,제주특별자치도
24266,h002713,도두봉,4.0,제주특별자치도
24267,h002713,이호 테우 등대,4.666666666666667,제주특별자치도
24268,h002713,금능해수욕장,4.0,제주특별자치도
24269,h002713,9.81파크,5.0,제주특별자치도
24270,h002713,성이시돌목장,5.0,제주특별자치도
24271,h002713,오늘은 카트레이싱,5.0,제주특별자치도
24272,h002713,서귀포 매일 올레시장,5.0,제주특별자치도
24273,h002713,서귀포 유람선,5.0,제주특별자치도
24274,h002713,이마트 신제주점,5.0,제주특별자치도
24275,h002713,제주동문시장,5.0,제주특별자치도
24276,h002721,이호 테우해수욕장,5.0,제주특별자치도
24277,h002721,애월 카페거리,5.0,제주특별자치도
24278,h002721,금오름,5.0,제주특별자치도
24279,h002721,사계해변,5.0,제주특별자치도
24280,h002721,서귀포 매일 올레시장,5.0,제주특별자치도
24281,h002721,하얘 포구,5.0,제주특별자치도
24282,h002721,용연 구름다리,5.0,제주특별자치도
24283,h002721,제주동문시장,5.0,제주특별자치도
24284,h002723,우도,5.0,제주특별자치도
24285,h002723,성산일출봉,5.0,제주특별자치도
24286,h002723,제주동문시장,4.0,제주특별자치도
24287,h002723,천제연폭포,5.0,제주특별자치도
24288,h002723,정방폭포,5.0,제주특별자치도
24289,h002723,제주 돌 문화공원,4.0,제주특별자치도
24290,h002723,애월빵공장앤 카페,2.6666666666666665,제주특별자치도
24291,h002726,비밀의 숲,5.0,제주특별자치도
24292,h002726,제주동문시장,4.0,제주특별자치도
24293,h002726,산양큰엉곶,5.0,제주특별자치도
24294,h002726,신화 워터파크,5.0,제주특별자치도
24295,h002726,신화 워터파크,4.0,제주특별자치도
24296,h002730,이호 테우해수욕장,3.3333333333333335,제주특별자치도
24297,h002730,성산일출봉,3.3333333333333335,제주특별자치도
24298,h002730,스누피가든,3.3333333333333335,제주특별자치도
24299,h002730,수목원길 야시장,4.666666666666667,제주특별자치도
24300,h002730,금능해수욕장,4.0,제주특별자치도
24301,h002730,용연 구름다리,2.3333333333333335,제주특별자치도
24302,h002733,비밀의 숲,4.0,제주특별자치도
24303,h002733,신창 풍차 해안도로,3.0,제주특별자치도
24304,h002733,사계해변,3.0,제주특별자치도
24305,h002733,노형수퍼마켙,5.0,제주특별자치도
24306,h002734,행원 해변,5.0,제주특별자치도
24307,h002734,사계해변,5.0,제주특별자치도
24308,h002734,금오름,5.0,제주특별자치도
24309,h002734,한라산국립공원 관음사 탐방로,5.0,제주특별자치도
24310,h002734,엉얼 해안,5.0,제주특별자치도
24311,h002734,신창 풍차 해안도로,5.0,제주특별자치도
24312,h002751,김경숙해바라기농장,2.6666666666666665,제주특별자치도
24313,h002751,제주 조천 스위스 마을,2.3333333333333335,제주특별자치도
24314,h002751,월정리 해수욕장,4.0,제주특별자치도
24315,h002751,오저여,3.3333333333333335,제주특별자치도
24316,h002751,섭지코지,5.0,제주특별자치도
24317,h002751,고양이 선장 카페,4.0,제주특별자치도
24318,h002751,우도,5.0,제주특별자치도
24319,h002751,이중섭미술관,5.0,제주특별자치도
24320,h002751,천지연폭포,5.0,제주특별자치도
24321,h002751,서귀포 매일 올레시장,2.0,제주특별자치도
24322,h002751,함덕해수욕장,5.0,제주특별자치도
24323,h002768,레이저 서바이벌 M,5.0,제주특별자치도
24324,h002768,9.81파크,4.0,제주특별자치도
24325,h002768,제주 제트 중문점,4.333333333333333,제주특별자치도
24326,h002768,쇠소깍,3.3333333333333335,제주특별자치도
24327,h002768,제주신라호텔 수영장,5.0,제주특별자치도
24328,h002768,스카이 워터쇼,4.333333333333333,제주특별자치도
24329,h002768,아르떼 뮤지엄 제주,2.3333333333333335,제주특별자치도
24330,h002768,세계 자동차 피아노 박물관,3.6666666666666665,제주특별자치도
24331,h002771,우도,5.0,제주특별자치도
24332,h002771,아쿠아 플라넷 제주,5.0,제주특별자치도
24333,h002771,제주항공 우주 박물관,5.0,제주특별자치도
24334,h002771,본태 박물관,5.0,제주특별자치도
24335,h002778,여미지식물원,5.0,제주특별자치도
24336,h002778,서귀포 매일 올레시장,5.0,제주특별자치도
24337,h002778,피닉스 제주 유민 미술관,5.0,제주특별자치도
24338,h002779,더클리프,3.6666666666666665,제주특별자치도
24339,h002779,금오름,5.0,제주특별자치도
24340,h002779,서귀포 매일 올레시장,5.0,제주특별자치도
24341,h002779,다구리 문화 예술공원,5.0,제주특별자치도
24342,h002779,쇠소깍,4.0,제주특별자치도
24343,h002779,이호 테우해수욕장,5.0,제주특별자치도
24344,h002784,오른(orrrn 옹알엔),4.333333333333333,제주특별자치도
24345,h002784,광치기 해변,4.333333333333333,제주특별자치도
24346,h002784,비자림,5.0,제주특별자치도
24347,h002784,함덕해수욕장,5.0,제주특별자치도
24348,h002785,김영갑갤러리 두모악,2.0,제주특별자치도
24349,h002792,스누피가든,4.0,제주특별자치도
24350,h002792,우도,4.0,제주특별자치도
24351,h002792,김녕요트투어,3.0,제주특별자치도
24352,h002792,제주동문재래시장,2.0,제주특별자치도
24353,h002792,넥슨 컴퓨터 박물관,4.0,제주특별자치도
24354,h002792,노형슈퍼,3.0,제주특별자치도
24355,h002795,애월 카페거리,4.0,제주특별자치도
24356,h002795,협재해수욕장,4.0,제주특별자치도
24357,h002795,제주동문시장,3.0,제주특별자치도
24358,h002796,중문색달해수욕장,3.6666666666666665,제주특별자치도
24359,h002796,산방산 탄산온천,4.0,제주특별자치도
24360,h002796,새별 오름,4.0,제주특별자치도
24361,h002796,제주동문시장,4.0,제주특별자치도
24362,h002809,판포 포구,3.6666666666666665,제주특별자치도
24363,h002809,곽지해수욕장,5.0,제주특별자치도
24364,h002809,애월 카페거리,5.0,제주특별자치도
24365,h002809,곽지해수욕장,5.0,제주특별자치도
24366,h002809,한담공원,5.0,제주특별자치도
24367,h002815,용두암,4.0,제주특별자치도
24368,h002815,월정리 해수욕장,3.3333333333333335,제주특별자치도
24369,h002815,쇠머리 오름,4.333333333333333,제주특별자치도
24370,h002815,월정리 해수욕장,3.3333333333333335,제주특별자치도
24371,h002815,만장굴,4.0,제주특별자치도
24372,h002819,함덕해수욕장,5.0,제주특별자치도
24373,h002819,함덕해수욕장,5.0,제주특별자치도
24374,h002819,제주동문시장,4.333333333333333,제주특별자치도
24375,h002819,행원 해변,5.0,제주특별자치도
24376,h002819,우리 회수산,4.0,제주특별자치도
24377,h002820,바리 뫼오름,5.0,제주특별자치도
24378,h002820,협재해수욕장,5.0,제주특별자치도
24379,h002820,제주 월령리 선인장 군락,5.0,제주특별자치도
24380,h002820,제주동문시장,4.0,제주특별자치도
24381,h002832,판포 포구,5.0,제주특별자치도
24382,h002832,함덕해수욕장,5.0,제주특별자치도
24383,h002838,올레길 1코스(시흥-광치기 올레),3.6666666666666665,제주특별자치도
24384,h002838,광치기 해변,5.0,제주특별자치도
24385,h002838,식산봉,5.0,제주특별자치도
24386,h002838,용눈이오름,5.0,제주특별자치도
24387,h002838,다랑쉬 오름,5.0,제주특별자치도
24388,h002838,김영갑갤러리 두모악,5.0,제주특별자치도
24389,h002842,아쿠아 플라넷 제주,4.666666666666667,제주특별자치도
24390,h002842,섭지코지,4.0,제주특별자치도
24391,h002842,서귀포 매일 올레시장,5.0,제주특별자치도
24392,h002842,성이시돌목장,2.3333333333333335,제주특별자치도
24393,h002842,다인오세아노호텔 루프탑 ARA,5.0,제주특별자치도
24394,h002842,9.81파크,4.333333333333333,제주특별자치도
24395,h002842,9.81파크,4.666666666666667,제주특별자치도
24396,h002842,협재해수욕장,3.6666666666666665,제주특별자치도
24397,h002843,창금,3.3333333333333335,제주특별자치도
24398,h002843,함덕해수욕장,3.0,제주특별자치도
24399,h002843,비밀의 숲,4.666666666666667,제주특별자치도
24400,h002843,허니문하우스,3.6666666666666665,제주특별자치도
24401,h002843,정방폭포,5.0,제주특별자치도
24402,h002843,원 앤 온리,4.333333333333333,제주특별자치도
24403,h002843,사계해변,4.0,제주특별자치도
24404,h002843,사계해변,4.0,제주특별자치도
24405,h002843,서귀포 매일 올레시장,2.6666666666666665,제주특별자치도
24406,h002843,올레길 7코스(서귀포-월평 올레),4.0,제주특별자치도
24407,h002847,도두동 무지개 해안도로,5.0,제주특별자치도
24408,h002847,신비의도로,3.0,제주특별자치도
24409,h002847,원앙폭포,5.0,제주특별자치도
24410,h002847,스카이 워터쇼,4.333333333333333,제주특별자치도
24411,h002847,용두암,5.0,제주특별자치도
24412,h002854,제주신라호텔 수영장,4.333333333333333,제주특별자치도
24413,h002854,화순금모래해수욕장 수영장,3.6666666666666665,제주특별자치도
24414,h002854,도리빨,4.0,제주특별자치도
24415,h002854,강정천,4.0,제주특별자치도
24416,h002854,소천지,4.0,제주특별자치도
24417,h002854,범 섬,4.666666666666667,제주특별자치도
24418,h002854,송악산,4.333333333333333,제주특별자치도
24419,h002854,사계해변,3.0,제주특별자치도
24420,h002865,이호 테우 등대,3.6666666666666665,제주특별자치도
24421,h002865,상가리 야자숲,2.6666666666666665,제주특별자치도
24422,h002865,곽지해수욕장,3.0,제주특별자치도
24423,h002865,산방산 탄산온천,5.0,제주특별자치도
24424,h002865,마리메 주차장,4.333333333333333,제주특별자치도
24425,h002865,금오름,3.6666666666666665,제주특별자치도
24426,h002865,판포 포구,4.0,제주특별자치도
24427,h002865,제주동문재래시장,2.0,제주특별자치도
24428,h002865,창금,5.0,제주특별자치도
24429,h002865,도두봉,3.3333333333333335,제주특별자치도
24430,h002866,하루 필름 제주 애월점,5.0,제주특별자치도
24431,h002866,서귀포 매일 올레시장,5.0,제주특별자치도
24432,h002866,오조포구,5.0,제주특별자치도
24433,h002866,휴애리 자연생활공원,4.666666666666667,제주특별자치도
24434,h002868,용두암,2.3333333333333335,제주특별자치도
24435,h002868,용연 구름다리,3.0,제주특별자치도
24436,h002868,돌 염전,4.0,제주특별자치도
24437,h002868,상가리 야자숲,5.0,제주특별자치도
24438,h002868,신창 풍차 해안도로,5.0,제주특별자치도
24439,h002868,제주 시범바다목장,5.0,제주특별자치도
24440,h002868,약천사,5.0,제주특별자치도
24441,h002868,천지연폭포,3.3333333333333335,제주특별자치도
24442,h002868,외돌개,3.0,제주특별자치도
24443,h002868,올레길 7코스(서귀포-월평 올레),5.0,제주특별자치도
24444,h002868,정방폭포,3.3333333333333335,제주특별자치도
24445,h002868,남원큰엉해변,4.0,제주특별자치도
24446,h002868,광치기 해변,4.0,제주특별자치도
24447,h002868,비밀의 숲,4.333333333333333,제주특별자치도
24448,h002868,만장굴,3.0,제주특별자치도
24449,h002868,창금,5.0,제주특별자치도
24450,h002868,이호 테우해수욕장,1.6666666666666667,제주특별자치도
24451,h002868,지그 라나다,1.3333333333333333,제주특별자치도
24452,h002873,세기알 해변,3.3333333333333335,제주특별자치도
24453,h002873,김녕 용암해수사우나,4.0,제주특별자치도
24454,h002873,서귀포 매일 올레시장,4.333333333333333,제주특별자치도
24455,h002873,송악산 둘레길,5.0,제주특별자치도
24456,h002873,제주관광공사 지정면세점,2.3333333333333335,제주특별자치도
24457,h002873,태웃개,4.666666666666667,제주특별자치도
24458,h002873,서귀포 매일 올레시장,3.6666666666666665,제주특별자치도
24459,h002873,윈드 1947카트 테마파크,3.6666666666666665,제주특별자치도
24460,h002873,11고지 습지,5.0,제주특별자치도
24461,h002873,이중섭미술관,3.3333333333333335,제주특별자치도
24462,h002873,노형수퍼마켙,4.333333333333333,제주특별자치도
24463,h002873,디앤디파트먼트 제주,3.3333333333333335,제주특별자치도
24464,h002884,제주 투사관,4.666666666666667,제주특별자치도
24465,h002884,무민 랜드 제주,4.333333333333333,제주특별자치도
24466,h002884,포도 뮤지엄,4.666666666666667,제주특별자치도
24467,h002889,사계해변,4.333333333333333,제주특별자치도
24468,h002889,천제연폭포,4.666666666666667,제주특별자치도
24469,h002889,용눈이오름,3.3333333333333335,제주특별자치도
24470,h002889,세화해변,3.6666666666666665,제주특별자치도
24471,h002889,제주 레일바이크,4.333333333333333,제주특별자치도
24472,h002889,만장굴,5.0,제주특별자치도
24473,h002889,함덕해수욕장,3.3333333333333335,제주특별자치도
24474,h002899,곽지해수욕장,5.0,제주특별자치도
24475,h002899,비자림,3.6666666666666665,제주특별자치도
24476,h002899,만장굴,3.6666666666666665,제주특별자치도
24477,h002899,함덕해수욕장,4.0,제주특별자치도
24478,h002899,제주동문시장,3.3333333333333335,제주특별자치도
24479,h002899,이호 테우 등대,3.6666666666666665,제주특별자치도
24480,h002905,개 이름,4.0,제주특별자치도
24481,h002905,서귀포 매일 올레시장,5.0,제주특별자치도
24482,h002905,판포 포구,5.0,제주특별자치도
24483,h002905,애월 해안도로,5.0,제주특별자치도
24484,h002905,함덕해수욕장,5.0,제주특별자치도
24485,h002913,제주항공 우주 박물관,5.0,제주특별자치도
24486,h002913,제주항공 우주 박물관,4.0,제주특별자치도
24487,h002921,태웃개,5.0,제주특별자치도
24488,h002921,성산일출봉,5.0,제주특별자치도
24489,h002921,제주동문시장,5.0,제주특별자치도
24490,h002921,김녕해수욕장,5.0,제주특별자치도
24491,h002927,세기알 해변,3.3333333333333335,제주특별자치도
24492,h002927,함덕해수욕장,3.3333333333333335,제주특별자치도
24493,h002927,제주동문시장,2.0,제주특별자치도
24494,h002927,만장굴,5.0,제주특별자치도
24495,h002927,표선해수욕장,3.3333333333333335,제주특별자치도
24496,h002934,수목원길 야시장,1.6666666666666667,제주특별자치도
24497,h002934,판포 포구,3.6666666666666665,제주특별자치도
24498,h002934,쇠소깍,3.0,제주특별자치도
24499,h002934,서귀포 매일 올레시장,4.0,제주특별자치도
24500,h002941,마켓 제주,4.0,제주특별자치도
24501,h002941,김녕해수욕장,4.0,제주특별자치도
24502,h002944,마라도,2.0,제주특별자치도
24503,h002944,천지연폭포,4.0,제주특별자치도
24504,h002944,서귀포 매일 올레시장,4.0,제주특별자치도
24505,h002944,제주시 민속 오일 시장,4.0,제주특별자치도
24506,h002944,만장굴,3.0,제주특별자치도
24507,h002948,제주동문시장,3.0,제주특별자치도
24508,h002948,함덕해수욕장,5.0,제주특별자치도
24509,h002948,함덕해수욕장,3.6666666666666665,제주특별자치도
24510,h002948,김녕해수욕장,3.0,제주특별자치도
24511,h002948,세화해변,3.3333333333333335,제주특별자치도
24512,h002948,제주 코코몽 에코파크,4.0,제주특별자치도
24513,h002948,표선해수욕장,2.6666666666666665,제주특별자치도
24514,h002955,도두봉,3.6666666666666665,제주특별자치도
24515,h002955,제주동문시장,4.0,제주특별자치도
24516,h002955,퐁당 제주,5.0,
24517,h002955,스누피가든,3.3333333333333335,제주특별자치도
24518,h002955,섭지코지,3.3333333333333335,제주특별자치도
24519,h002955,아쿠아 플라넷 제주,4.333333333333333,제주특별자치도
24520,h002955,세기알 해변,5.0,제주특별자치도
24521,h002964,정방폭포,5.0,제주특별자치도
24522,h002964,쇠머리 오름,5.0,제주특별자치도
24523,h002964,성산일출봉,3.3333333333333335,제주특별자치도
24524,h002964,비밀의 숲,3.3333333333333335,제주특별자치도
24525,h002976,비케이브,5.0,제주특별자치도
24526,h002976,소천지,3.0,제주특별자치도
24527,h002976,원앙폭포,4.0,제주특별자치도
24528,h002976,아르떼 뮤지엄 제주,2.3333333333333335,제주특별자치도
24529,h002977,수목원길 야시장,3.6666666666666665,제주특별자치도
24530,h002977,곽지해수욕장,3.6666666666666665,제주특별자치도
24531,h002977,함덕해수욕장,4.0,제주특별자치도
24532,h002982,곽지해수욕장,4.333333333333333,제주특별자치도
24533,h002982,협재해수욕장,5.0,제주특별자치도
24534,h002982,제주동문시장,5.0,제주특별자치도
24535,h002994,우도,5.0,제주특별자치도
24536,h002994,우도 산호 레저,4.0,
24537,h002994,우도,5.0,제주특별자치도
24538,h002994,월정리 해수욕장,5.0,제주특별자치도
24539,h002994,아쿠아 플라넷 제주,5.0,제주특별자치도
24540,h002994,제주동문시장,5.0,제주특별자치도
24541,h002995,톨칸이해변,3.3333333333333335,제주특별자치도
24542,h002995,우도,4.0,제주특별자치도
24543,h002995,표선해수욕장,4.0,제주특별자치도
24544,h002995,서귀포 매일 올레시장,4.0,제주특별자치도
24545,h002995,올레 야시장,3.0,제주특별자치도
24546,h003006,원앙폭포,4.0,제주특별자치도
24547,h003006,중문색달해수욕장,4.0,제주특별자치도
24548,h003006,서귀포 매일 올레시장,3.0,제주특별자치도
24549,h003006,하도 해변,3.0,제주특별자치도
24550,h003009,제주동문시장,5.0,제주특별자치도
24551,h003009,코코 나라,5.0,제주특별자치도
24552,h003009,하도 해변,5.0,제주특별자치도
24553,h003009,오조포구,5.0,제주특별자치도
24554,h003009,도두동 무지개 해안도로,5.0,제주특별자치도
24555,h003009,998서프,5.0,제주특별자치도
24556,h003009,삼양해수욕장,5.0,제주특별자치도
24557,h003012,피겨 뮤지엄 제주,5.0,제주특별자치도
24558,h003012,9.81파크,5.0,제주특별자치도
24559,h003019,서귀포 매일 올레시장,4.0,제주특별자치도
24560,h003019,에브리바디 빈티지 본점,3.3333333333333335,제주특별자치도
24561,h003024,성산일출봉,3.3333333333333335,제주특별자치도
24562,h003024,올레길 1코스(시흥-광치기 올레),3.0,제주특별자치도
24563,h003024,우도,5.0,제주특별자치도
24564,h003024,우도,4.333333333333333,제주특별자치도
24565,h003024,우도,3.3333333333333335,제주특별자치도
24566,h003024,세화해변,5.0,제주특별자치도
24567,h003024,제주동문시장,4.333333333333333,제주특별자치도
24568,h003036,코난 비치,5.0,
24569,h003036,함덕해수욕장,3.0,제주특별자치도
24570,h003036,9.81파크,4.333333333333333,제주특별자치도
24571,h003036,황이지 선녀탕,2.3333333333333335,제주특별자치도
24572,h003036,서귀포 매일 올레시장,4.0,제주특별자치도
24573,h003038,협재해수욕장,4.0,제주특별자치도
24574,h003038,한림공원,4.0,제주특별자치도
24575,h003038,9.81파크,4.0,제주특별자치도
24576,h003038,청아 투명 카약,3.0,제주특별자치도
24577,h003038,금능해수욕장,5.0,제주특별자치도
24578,h003038,금능해수욕장,5.0,제주특별자치도
24579,h003042,비밀의 숲,5.0,제주특별자치도
24580,h003042,만장굴,5.0,제주특별자치도
24581,h003042,김녕해수욕장,5.0,제주특별자치도
24582,h003042,비자림,5.0,제주특별자치도
24583,h003042,아르떼 뮤지엄 제주,5.0,제주특별자치도
24584,h003042,올레길 17코스(광령-제주 원도심 올레),4.0,제주특별자치도
24585,h003056,협재해수욕장,5.0,제주특별자치도
24586,h003056,산방산,5.0,제주특별자치도
24587,h003056,플레이 판포,3.3333333333333335,제주특별자치도
24588,h003056,협재해수욕장,4.333333333333333,제주특별자치도
24589,h003056,한라수목원,5.0,제주특별자치도
24590,h003057,곽지해수욕장,4.666666666666667,제주특별자치도
24591,h003057,천지연폭포,3.6666666666666665,제주특별자치도
24592,h003057,서귀포 유람선,3.3333333333333335,제주특별자치도
24593,h003057,제주관광공사 지정면세점,3.0,제주특별자치도
24594,h003057,곽지해수욕장,4.0,제주특별자치도
24595,h003057,제주 기념품 선물고팡 함덕점,3.3333333333333335,제주특별자치도
24596,h003057,제주동문시장,4.0,제주특별자치도
24597,h003057,제주동문시장,3.3333333333333335,제주특별자치도
24598,h003057,용두암,3.3333333333333335,제주특별자치도
24599,h003058,종달리 해변,5.0,제주특별자치도
24600,h003082,테디베어뮤지엄 제주점,5.0,제주특별자치도
24601,h003082,영락리 방파제,5.0,제주특별자치도
24602,h003082,신창 풍차 해안도로,5.0,제주특별자치도
24603,h003092,제주동문시장,3.0,제주특별자치도
24604,h003092,아워아일랜드 아워제주,3.3333333333333335,제주특별자치도
24605,h003092,금오름,4.666666666666667,제주특별자치도
24606,h003092,협재해수욕장,3.6666666666666665,제주특별자치도
24607,h003092,호텔 샌드,4.0,제주특별자치도
24608,h003092,협재해수욕장,3.6666666666666665,제주특별자치도
24609,h003092,도두동 무지개 해안도로,3.3333333333333335,제주특별자치도
24610,h003094,노형수퍼마켙,4.666666666666667,
24611,h003094,루나폴,5.0,제주특별자치도
24612,h003094,물영아리,5.0,제주특별자치도
24613,h003094,목장카페드르쿰다,4.0,제주특별자치도
24614,h003094,우도,5.0,제주특별자치도
24615,h003094,하도 해변,4.0,제주특별자치도
24616,h003094,제주민속촌,4.333333333333333,제주특별자치도
24617,h003094,런던 베이글 뮤지엄 제주점,4.0,제주특별자치도
24618,h003096,판포 포구,5.0,제주특별자치도
24619,h003096,아르떼 뮤지엄 제주,5.0,제주특별자치도
24620,h003096,제주동문시장,5.0,제주특별자치도
24621,h003101,제주동문시장,4.666666666666667,제주특별자치도
24622,h003101,황위치해변,5.0,제주특별자치도
24623,h003101,산방산,5.0,제주특별자치도
24624,h003101,원앙폭포,5.0,제주특별자치도
24625,h003101,서귀포 매일 올레시장,4.666666666666667,제주특별자치도
24626,h003111,무무제주,4.0,제주특별자치도
24627,h003111,아쿠아 플라넷 제주,4.0,제주특별자치도
24628,h003111,새별 프렌즈,4.0,제주특별자치도
24629,h003120,플레이 판포,5.0,제주특별자치도
24630,h003120,제주아트서커스,5.0,제주특별자치도
24631,h003120,사계해변,3.6666666666666665,제주특별자치도
24632,h003120,사계해변,5.0,제주특별자치도
24633,h003120,중문색달해수욕장,3.0,제주특별자치도
24634,h003120,화순금모래해수욕장,3.0,제주특별자치도
24635,h003120,박수기정,5.0,제주특별자치도
24636,h003120,정방폭포,5.0,제주특별자치도
24637,h003120,서귀포 매일 올레시장,5.0,제주특별자치도
24638,h003121,금오름,4.666666666666667,제주특별자치도
24639,h003121,판포 포구,5.0,제주특별자치도
24640,h003121,씽씽 전기자전거,5.0,제주특별자치도
24641,h003121,신창 풍차 해안도로,5.0,제주특별자치도
24642,h003121,사계해변,5.0,제주특별자치도
24643,h003121,용머리해안 공영주차장,2.3333333333333335,제주특별자치도
24644,h003121,중문색달해수욕장,4.333333333333333,제주특별자치도
24645,h003121,제주동문시장,3.3333333333333335,제주특별자치도
24646,h003123,정모시 쉼터,4.0,제주특별자치도
24647,h003123,건강과 성 박물관,3.0,제주특별자치도
24648,h003123,제주동문재래시장,4.0,제주특별자치도
24649,h003135,아르떼 뮤지엄 제주,5.0,제주특별자치도
24650,h003135,카멜리아힐,5.0,제주특별자치도
24651,h003135,서귀포 매일 올레시장,5.0,제주특별자치도
24652,h003135,빛의 벙커,5.0,제주특별자치도
24653,h003135,아쿠아 플라넷 제주,5.0,제주특별자치도
24654,h003136,서귀포 매일 올레시장,3.0,제주특별자치도
24655,h003136,판포 포구,4.0,제주특별자치도
24656,h003136,아르떼 뮤지엄 제주,3.6666666666666665,제주특별자치도
24657,h003136,제주동문시장,3.3333333333333335,제주특별자치도
24658,h003136,이호 테우해수욕장,3.6666666666666665,제주특별자치도
24659,h003140,화순 곶자왈 생태탐방 숲길,5.0,제주특별자치도
24660,h003140,문도지오름,5.0,제주특별자치도
24661,h003140,저지 오름,5.0,제주특별자치도
24662,h003140,제주 월령리 선인장 군락,5.0,제주특별자치도
24663,h003140,황이지 선녀탕,5.0,제주특별자치도
24664,h003140,큰엉,5.0,제주특별자치도
24665,h003140,표선해수욕장,5.0,제주특별자치도
24666,h003142,올리브영 제주 협재점,5.0,제주특별자치도
24667,h003148,삼양해수욕장,3.3333333333333335,제주특별자치도
24668,h003148,쇠소깍,4.0,제주특별자치도
24669,h003148,우도,3.0,제주특별자치도
24670,h003148,금능해수욕장,4.0,제주특별자치도
24671,h003148,원 앤 온리,4.0,제주특별자치도
24672,h003159,물영아리,3.3333333333333335,제주특별자치도
24673,h003159,대왕 수천 예래생태공원,4.0,제주특별자치도
24674,h003159,논짓물해변,4.0,제주특별자치도
24675,h003159,사계해변,4.666666666666667,제주특별자치도
24676,h003159,보문사,4.0,제주특별자치도
24677,h003159,사계해변,4.0,제주특별자치도
24678,h003190,제주동문시장,4.0,제주특별자치도
24679,h003190,협재해수욕장,4.0,제주특별자치도
24680,h003190,아쿠아 플라넷 제주,5.0,제주특별자치도
24681,h003190,성산일출봉,4.0,제주특별자치도
24682,h003191,함덕해수욕장,4.333333333333333,제주특별자치도
24683,h003191,세기알 해변,5.0,제주특별자치도
24684,h003191,함덕해수욕장,3.6666666666666665,제주특별자치도
24685,h003191,롯데몰 김포공항점,5.0,서울
24686,h003195,새별 프렌즈,5.0,제주특별자치도
24687,h003195,바리 뫼오름,5.0,제주특별자치도
24688,h003195,함덕해수욕장,5.0,제주특별자치도
24689,h003195,백약이 오름,5.0,제주특별자치도
24690,h003195,서귀포 매일 올레시장,5.0,제주특별자치도
24691,h003197,삼성혈,5.0,제주특별자치도
24692,h003197,관음사,5.0,제주특별자치도
24693,h003197,윗세오름,5.0,제주특별자치도
24694,h003197,천지연폭포,5.0,제주특별자치도
24695,h003197,서귀포 유람선,5.0,제주특별자치도
24696,h003197,약천사,5.0,제주특별자치도
24697,h003204,곽지해수욕장,5.0,제주특별자치도
24698,h003204,제주동문시장,5.0,제주특별자치도
24699,h003204,수목원길 야시장,5.0,제주특별자치도
24700,h003204,도두동 무지개 해안도로,5.0,제주특별자치도
24701,h003217,금능해수욕장,3.3333333333333335,제주특별자치도
24702,h003217,사계해변,5.0,제주특별자치도
24703,h003217,서귀포 매일 올레시장,5.0,제주특별자치도
24704,h003217,9.81파크,5.0,제주특별자치도
24705,h003217,엄장해암길,3.3333333333333335,제주특별자치도
24706,h003217,제주동문재래시장,4.0,제주특별자치도
24707,h003217,제주동문시장,5.0,제주특별자치도
24708,h003218,마코다이브,5.0,제주특별자치도
24709,h003218,서귀포 매일 올레시장,5.0,제주특별자치도
24710,h003218,천지연폭포,5.0,제주특별자치도
24711,h003218,새연교,5.0,제주특별자치도
24712,h003218,마코다이브,5.0,제주특별자치도
24713,h003218,마코다이브,5.0,제주특별자치도
24714,h003218,마코다이브,5.0,제주특별자치도
24715,h003218,서귀포 매일 올레시장,5.0,제주특별자치도
24716,h003218,마코다이브,5.0,제주특별자치도
24717,h003218,마코다이브,5.0,제주특별자치도
24718,h003218,외돌개,5.0,제주특별자치도
24719,h003218,황이지 선녀탕,5.0,제주특별자치도
24720,h003218,곽지해수욕장,5.0,제주특별자치도
24721,h003218,과물 노천탕,5.0,제주특별자치도
24722,h003218,제주동문시장,5.0,제주특별자치도
24723,h003219,서귀포 매일 올레시장,2.6666666666666665,제주특별자치도
24724,h003219,윈드 1947카트 테마파크,5.0,제주특별자치도
24725,h003219,드르쿰다in성산,5.0,제주특별자치도
24726,h003219,제주동문시장,5.0,제주특별자치도
24727,h003219,아르떼 뮤지엄 제주,5.0,제주특별자치도
24728,h003223,제주동문공설시장,4.333333333333333,제주특별자치도
24729,h003223,용두암,5.0,제주특별자치도
24730,h003223,도두동 무지개 해안도로,4.666666666666667,제주특별자치도
24731,h003223,하루 필름 제주 애월점,5.0,제주특별자치도
24732,h003223,노을리 카페,3.0,제주특별자치도
24733,h003223,신창 풍차 해안,3.3333333333333335,제주특별자치도
24734,h003223,엉얼 해안,3.0,제주특별자치도
24735,h003223,사계해변,5.0,제주특별자치도
24736,h003223,황이지 해안,4.0,제주특별자치도
24737,h003223,천지연폭포,4.666666666666667,제주특별자치도
24738,h003223,쇠소깍 관광지,4.333333333333333,제주특별자치도
24739,h003223,비자림,5.0,제주특별자치도
24740,h003223,성산일출봉,5.0,제주특별자치도
24741,h003223,월정리 해수욕장,4.333333333333333,제주특별자치도
24742,h003243,사려니숲길,3.6666666666666665,제주특별자치도
24743,h003243,물영아리,3.0,제주특별자치도
24744,h003243,녹차 동굴,2.3333333333333335,제주특별자치도
24745,h003243,사계해변,1.0,제주특별자치도
24746,h003243,사계해변,4.333333333333333,제주특별자치도
24747,h003243,서귀포 매일 올레시장,4.0,제주특별자치도
24748,h003243,쇠소깍,4.333333333333333,제주특별자치도
24749,h003263,서귀포 치유의 숲,4.666666666666667,제주특별자치도
24750,h003264,기당미술관,4.666666666666667,제주특별자치도
24751,h003264,이중섭미술관,4.0,제주특별자치도
24752,h003266,고흐의 정원,5.0,제주특별자치도
24753,h003266,김영갑갤러리 두모악,4.0,제주특별자치도
24754,h003267,금능해수욕장,5.0,
24755,h003267,원더 아일랜드,5.0,제주특별자치도
24756,h003270,큰엉,5.0,제주특별자치도
24757,h003270,큰엉,3.0,제주특별자치도
24758,h003271,소천지,5.0,제주특별자치도
24759,h003272,기당미술관,4.333333333333333,제주특별자치도
24760,h003272,이중섭미술관,4.0,제주특별자치도
24761,h003272,원앙폭포,5.0,제주특별자치도
24762,h003273,오설록 티 뮤지엄,5.0,제주특별자치도
24763,h003276,보문사,5.0,인천
24764,h003277,사계해변,4.0,제주특별자치도
24765,h003278,사려니숲길,4.333333333333333,제주특별자치도
24766,h003278,천지연폭포,5.0,제주특별자치도
24767,h003278,중문 대표 주상절리대,3.6666666666666665,제주특별자치도
24768,h003278,카멜리아힐,5.0,제주특별자치도
24769,h003299,이호 테우 등대,5.0,제주특별자치도
24770,h003299,제주동문시장,5.0,제주특별자치도
24771,h003299,만두 상점,5.0,제주특별자치도
24772,h003299,제주 기념품 선물고팡 함덕점,5.0,제주특별자치도
24773,h003299,우도,5.0,제주특별자치도
24774,h003303,이호 테우해수욕장,2.6666666666666665,제주특별자치도
24775,h003303,함덕해수욕장,5.0,제주특별자치도
24776,h003303,비밀의 숲,3.6666666666666665,제주특별자치도
24777,h003303,한라산 11고지,3.0,제주특별자치도
24778,h003303,스누피가든,3.6666666666666665,제주특별자치도
24779,h003303,제주동문시장,4.0,제주특별자치도
24780,h003306,홈플러스 거제점,1.6666666666666667,경남
24781,h003306,학동 흑진주 몽돌해변,5.0,경남
24782,h003306,일운농협 하나로마트 본점,5.0,경남
24783,h003306,롯데 워터파크,5.0,경남
24784,h003308,우도,5.0,제주특별자치도
24785,h003308,서귀포 유람선,5.0,제주특별자치도
24786,h003308,정방폭포,5.0,제주특별자치도
24787,h003308,서귀포 매일 올레시장,5.0,제주특별자치도
24788,h003308,협재해수욕장,5.0,제주특별자치도
24789,h003308,테디베어 하우스 테지움 제주점,3.0,제주특별자치도
24790,h003308,노형수퍼마켙,5.0,제주특별자치도
24791,h003308,롯데시네마 제주 연동,5.0,제주특별자치도
24792,h003322,수목원 테마파크,3.6666666666666665,제주특별자치도
24793,h003322,헬로키티 아일랜드,3.3333333333333335,제주특별자치도
24794,h003322,노형수퍼마켙,3.6666666666666665,제주특별자치도
24795,h003322,김녕해수욕장,4.666666666666667,제주특별자치도
24796,h003322,월정리 해수욕장,5.0,제주특별자치도
24797,h003322,제주동문시장,5.0,제주특별자치도
24798,h003322,서귀포 매일 올레시장,5.0,제주특별자치도
24799,h003322,우도 산호 레저,1.0,
24800,h003322,우도 산호 레저,1.0,
24801,h003327,서귀포 매일 올레시장,4.0,제주특별자치도
24802,h003327,외돌개,4.0,제주특별자치도
24803,h003327,천지연폭포,5.0,제주특별자치도
24804,h003327,법환포구,5.0,제주특별자치도
24805,h003327,애월 카페거리,5.0,제주특별자치도
24806,h003327,제주동문시장,5.0,제주특별자치도
24807,h003330,애월 카페거리,5.0,제주특별자치도
24808,h003330,협재해수욕장,5.0,제주특별자치도
24809,h003330,판포 포구,5.0,제주특별자치도
24810,h003330,서귀포 매일 올레시장,5.0,제주특별자치도
24811,h003330,서귀포 매일 올레시장,5.0,제주특별자치도
24812,h003330,성이시돌목장,5.0,제주특별자치도
24813,h003331,라마다플라자 제주호텔,5.0,
24814,h003331,협재해수욕장,5.0,제주특별자치도
24815,h003331,하귀농협 하나로마트,5.0,제주특별자치도
24816,h003331,함덕해수욕장,5.0,제주특별자치도
24817,h003331,메종글래드 제주 더 파티오 풀,5.0,제주특별자치도
24818,h003332,제주동문시장,4.666666666666667,제주특별자치도
24819,h003332,성산일출봉,5.0,제주특별자치도
24820,h003332,태웃개,4.333333333333333,제주특별자치도
24821,h003332,원앙폭포,4.333333333333333,제주특별자치도
24822,h003332,강정천,5.0,제주특별자치도
24823,h003332,새별 오름,4.0,제주특별자치도
24824,h003337,수목원 테마파크,3.0,제주특별자치도
24825,h003337,도두동 무지개 해안도로,5.0,제주특별자치도
24826,h003337,제주 해양레저사계,4.0,제주특별자치도
24827,h003340,올레길 7코스(서귀포-월평 올레),4.0,제주특별자치도
24828,h003340,JW 메리어트 제주리조트 스파,5.0,제주특별자치도
24829,h003340,JW 메리어트 제주리조트 스파,5.0,제주특별자치도
24830,h003340,JW 메리어트 제주리조트 스파,5.0,제주특별자치도
24831,h003340,중문색달해수욕장,5.0,제주특별자치도
24832,h003340,JW 메리어트 제주리조트 스파,5.0,제주특별자치도
24833,h003343,김녕해수욕장,4.666666666666667,제주특별자치도
24834,h003343,성산일출봉,4.0,제주특별자치도
24835,h003343,우도,4.666666666666667,제주특별자치도
24836,h003343,아르떼 뮤지엄 제주,5.0,제주특별자치도
24837,h003343,신창 풍차 해안도로,5.0,제주특별자치도
24838,h003344,한담 해안산책로,5.0,제주특별자치도
24839,h003344,신창 풍차 해안도로,5.0,제주특별자치도
24840,h003344,사계항,5.0,제주특별자치도
24841,h003344,협재해수욕장,5.0,제주특별자치도
24842,h003344,사계해변,4.0,제주특별자치도
24843,h003344,포도 뮤지엄,3.0,제주특별자치도
24844,h003344,도두봉,5.0,제주특별자치도
24845,h003344,도두동 무지개 해안도로,5.0,제주특별자치도
24846,h003344,제주동문시장,5.0,제주특별자치도
24847,h003346,건강과 성 박물관,2.6666666666666665,제주특별자치도
24848,h003346,서귀포 매일 올레시장,4.666666666666667,제주특별자치도
24849,h003346,청아 투명 카약,5.0,제주특별자치도
24850,h003346,캐니언 파크 제주점,5.0,제주특별자치도
24851,h003347,협재해수욕장,5.0,제주특별자치도
24852,h003347,문도지오름,5.0,제주특별자치도
24853,h003347,사계해변,1.6666666666666667,제주특별자치도
24854,h003347,사계해변,5.0,제주특별자치도
24855,h003347,두구리알,1.0,제주특별자치도
24856,h003347,금능해수욕장,5.0,제주특별자치도
24857,h003347,금오름,4.0,제주특별자치도
24858,h003347,외돌개,3.0,제주특별자치도
24859,h003347,새연교,2.3333333333333335,제주특별자치도
24860,h003347,천지연폭포,4.0,제주특별자치도
24861,h003350,메종글래드 제주 더 파티오 풀,4.0,제주특별자치도
24862,h003350,제주동문시장,5.0,제주특별자치도
24863,h003350,이호 테우해수욕장,5.0,제주특별자치도
24864,h003350,메종글래드 제주 더 파티오 풀,5.0,제주특별자치도
24865,h003353,아쿠아 플라넷 제주,5.0,제주특별자치도
24866,h003353,우도,3.3333333333333335,제주특별자치도
24867,h003353,우도,5.0,제주특별자치도
24868,h003353,우도,4.333333333333333,제주특별자치도
24869,h003353,훈데르트바서 파크,2.6666666666666665,제주특별자치도
24870,h003353,우도,3.6666666666666665,제주특별자치도
24871,h003353,비자림,5.0,제주특별자치도
24872,h003353,만장굴,4.0,제주특별자치도
24873,h003353,성산일출봉,3.6666666666666665,제주특별자치도
24874,h003355,수목원길 야시장,4.333333333333333,제주특별자치도
24875,h003355,금오름,3.6666666666666665,제주특별자치도
24876,h003355,곽지해수욕장,3.6666666666666665,제주특별자치도
24877,h003355,용연계곡,4.333333333333333,제주특별자치도
24878,h003355,제주동문재래시장,4.0,제주특별자치도
24879,h003355,송당 무끈모루,4.666666666666667,제주특별자치도
24880,h003355,비밀의 숲,4.0,제주특별자치도
24881,h003359,제주 4.3평화공원,5.0,제주특별자치도
24882,h003359,함덕해수욕장,5.0,제주특별자치도
24883,h003359,함덕해수욕장,5.0,제주특별자치도
24884,h003359,사계해변,4.0,제주특별자치도
24885,h003359,안덕계곡,4.0,제주특별자치도
24886,h003359,방주교회,5.0,제주특별자치도
24887,h003359,본태 박물관,5.0,제주특별자치도
24888,h003373,우도,3.6666666666666665,제주특별자치도
24889,h003373,함덕해수욕장,5.0,제주특별자치도
24890,h003373,마방목지,2.6666666666666665,제주특별자치도
24891,h003373,안도라,5.0,제주특별자치도
24892,h003373,비밀의 숲,5.0,제주특별자치도
24893,h003383,월정리 해수욕장,5.0,제주특별자치도
24894,h003383,월정리 해수욕장,5.0,제주특별자치도
24895,h003383,제주동문시장,4.0,제주특별자치도
24896,h003386,애월빵공장앤 카페,5.0,제주특별자치도
24897,h003386,제주동문시장,4.333333333333333,제주특별자치도
24898,h003389,판포 포구,4.333333333333333,제주특별자치도
24899,h003389,금능해수욕장,4.333333333333333,제주특별자치도
24900,h003389,신화 워터파크,2.3333333333333335,제주특별자치도
24901,h003389,제주동문재래시장 공영주차장,2.3333333333333335,제주특별자치도
24902,h003389,지그 라나다,3.3333333333333335,제주특별자치도
24903,h003405,판포 포구,3.3333333333333335,제주특별자치도
24904,h003405,금오름,3.3333333333333335,제주특별자치도
24905,h003405,쇠소깍,3.6666666666666665,제주특별자치도
24906,h003406,섭지코지 전망대,4.666666666666667,
24907,h003406,세화해변,5.0,제주특별자치도
24908,h003410,도두동 무지개 해안도로,3.0,제주특별자치도
24909,h003410,한담 해안산책로,4.666666666666667,제주특별자치도
24910,h003410,비양도,5.0,제주특별자치도
24911,h003410,월령 선인장 마을,3.0,제주특별자치도
24912,h003410,신창 풍차 해안,3.0,제주특별자치도
24913,h003410,제주현대미술관,5.0,제주특별자치도
24914,h003410,사계해변,4.0,제주특별자치도
24915,h003410,박물관은 살아있다 제주 중문점,5.0,제주특별자치도
24916,h003410,제주 제트 중문점,5.0,제주특별자치도
24917,h003410,영락리 방파제,4.333333333333333,제주특별자치도
24918,h003410,포도 뮤지엄,5.0,제주특별자치도
24919,h003410,제주동문시장,2.6666666666666665,제주특별자치도
24920,h003431,제동목장,5.0,제주특별자치도
24921,h003431,비밀의 숲,5.0,제주특별자치도
24922,h003431,협재해수욕장,4.0,제주특별자치도
24923,h003431,판포 포구,4.0,제주특별자치도
24924,h003431,금오름,4.0,제주특별자치도
24925,h003431,명성 목장,4.0,제주특별자치도
24926,h003431,도두봉,3.0,제주특별자치도
24927,h003431,제주동문시장,4.0,제주특별자치도
24928,h003441,제주동문시장,4.0,제주특별자치도
24929,h003441,창금,4.0,제주특별자치도
24930,h003441,사려니숲길,4.0,제주특별자치도
24931,h003441,휴애리 자연생활공원,2.3333333333333335,제주특별자치도
24932,h003441,황이지 선녀탕,4.0,제주특별자치도
24933,h003441,외돌개,4.333333333333333,제주특별자치도
24934,h003441,서귀포 매일 올레시장,5.0,제주특별자치도
24935,h003441,허니문하우스,3.0,제주특별자치도
24936,h003441,논짓물해변,4.333333333333333,제주특별자치도
24937,h003441,박수기정,4.333333333333333,제주특별자치도
24938,h003441,영락리 방파제,4.333333333333333,제주특별자치도
24939,h003441,황이지 선녀탕,3.6666666666666665,제주특별자치도
24940,h003441,사계해변,4.0,제주특별자치도
24941,h003441,사계해변,3.3333333333333335,제주특별자치도
24942,h003441,대정 오일시장,5.0,제주특별자치도
24943,h003443,강정천,5.0,제주특별자치도
24944,h003443,도리빨,5.0,제주특별자치도
24945,h003443,김녕해수욕장,5.0,제주특별자치도
24946,h003443,이호 테우해수욕장,2.3333333333333335,제주특별자치도
24947,h003444,만장굴,3.3333333333333335,제주특별자치도
24948,h003444,섭지코지,4.0,제주특별자치도
24949,h003444,아쿠아 플라넷 제주,5.0,제주특별자치도
24950,h003444,스누피가든,5.0,제주특별자치도
24951,h003444,제주 코코몽 에코파크,2.3333333333333335,제주특별자치도
24952,h003444,협재해수욕장,4.0,제주특별자치도
24953,h003444,신화 테마파크,4.0,제주특별자치도
24954,h003444,제주동문시장,4.0,제주특별자치도
24955,h003448,사려니숲길,4.0,제주특별자치도
24956,h003448,비자림,5.0,제주특별자치도
24957,h003448,하도 해변,4.0,제주특별자치도
24958,h003448,제주 성읍마을,2.6666666666666665,제주특별자치도
24959,h003448,상효인 수목원,5.0,제주특별자치도
24960,h003448,서귀포 매일 올레시장,3.6666666666666665,제주특별자치도
24961,h003448,중문 대표 주상절리대,3.0,제주특별자치도
24962,h003448,천제연폭포,4.333333333333333,제주특별자치도
24963,h003448,용두암,3.0,제주특별자치도
24964,h003451,제주동문공설시장,4.0,제주특별자치도
24965,h003451,용연 구름다리,5.0,제주특별자치도
24966,h003451,사려니숲길,5.0,제주특별자치도
24967,h003451,광치기 해변,5.0,제주특별자치도
24968,h003451,섭지코지,5.0,제주특별자치도
24969,h003451,오조포구,4.0,제주특별자치도
24970,h003451,별 방진,5.0,제주특별자치도
24971,h003451,세화해변,5.0,제주특별자치도
24972,h003451,비자림,5.0,제주특별자치도
24973,h003451,월정리 해수욕장,5.0,제주특별자치도
24974,h003451,창금,5.0,제주특별자치도
24975,h003453,제동목장 입구 교차로,5.0,제주특별자치도
24976,h003453,곽지해수욕장,5.0,제주특별자치도
24977,h003453,금오름,4.0,제주특별자치도
24978,h003453,정방폭포,5.0,제주특별자치도
24979,h003453,방주교회,5.0,제주특별자치도
24980,h003453,사계해변,5.0,제주특별자치도
24981,h003453,이호 테우해수욕장,5.0,제주특별자치도
24982,h003453,도두동 무지개 해안도로,5.0,제주특별자치도
24983,h003477,이호 테우해수욕장,4.0,제주특별자치도
24984,h003477,금오름,5.0,제주특별자치도
24985,h003477,성이시돌목장,5.0,제주특별자치도
24986,h003481,표선해수욕장,5.0,제주특별자치도
24987,h003481,제주민속촌,4.333333333333333,제주특별자치도
24988,h003481,성산일출봉,4.333333333333333,제주특별자치도
24989,h003481,목장카페드르쿰다,5.0,제주특별자치도
24990,h003483,제주동문시장,3.6666666666666665,제주특별자치도
24991,h003483,제동목장 입구 교차로,4.333333333333333,제주특별자치도
24992,h003483,액티브 파크,2.6666666666666665,제주특별자치도
24993,h003483,허니문하우스,4.0,제주특별자치도
24994,h003483,금오름,4.0,제주특별자치도
24995,h003483,제주동문시장,4.333333333333333,제주특별자치도
24996,h003487,제주동문시장,4.666666666666667,제주특별자치도
24997,h003487,함덕해수욕장,5.0,제주특별자치도
24998,h003496,애월 카페거리,4.333333333333333,제주특별자치도
24999,h003496,금능해수욕장,4.0,제주특별자치도
25000,h003496,성이시돌목장,5.0,제주특별자치도
25001,h003496,중문색달해수욕장,3.6666666666666665,제주특별자치도
25002,h003496,마라도 가는 여객선,4.333333333333333,제주특별자치도
25003,h003496,사계해변,4.333333333333333,제주특별자치도
25004,h003496,천지연폭포,5.0,제주특별자치도
25005,h003496,용눈이오름,4.333333333333333,제주특별자치도
25006,h003496,행원 해변,4.333333333333333,제주특별자치도
25007,h003496,김녕해수욕장,4.333333333333333,제주특별자치도
25008,h003507,창금,4.333333333333333,제주특별자치도
25009,h003507,함덕해수욕장,5.0,제주특별자치도
25010,h003507,함덕해수욕장,5.0,제주특별자치도
25011,h003507,함덕해수욕장,5.0,제주특별자치도
25012,h003507,도두동 무지개 해안도로,5.0,제주특별자치도
25013,h003507,도두봉,5.0,제주특별자치도
25014,h003514,아르떼 뮤지엄 제주,3.6666666666666665,제주특별자치도
25015,h003514,인카페 온 더 비치,3.6666666666666665,제주특별자치도
25016,h003514,코난 해변,4.333333333333333,
25017,h003514,제주동문시장,2.0,제주특별자치도
25018,h003514,소길별하,4.333333333333333,제주특별자치도
25019,h003524,런던 베이글 뮤지엄 제주점,5.0,제주특별자치도
25020,h003524,서귀포 매일 올레시장,5.0,제주특별자치도
25021,h003524,포도 뮤지엄,5.0,제주특별자치도
25022,h003524,협재해수욕장,5.0,제주특별자치도
25023,h003524,한림수협 다목적 어업인 종합지원센터,5.0,제주특별자치도
25024,h003524,곽지해수욕장,3.0,제주특별자치도
25025,h003531,제주동문시장,4.333333333333333,제주특별자치도
25026,h003531,델문도,4.0,제주특별자치도
25027,h003531,월정리 해수욕장,3.6666666666666665,제주특별자치도
25028,h003531,행원 해변,4.0,제주특별자치도
25029,h003531,절물자연휴양림,3.3333333333333335,제주특별자치도
25030,h003531,금능해수욕장,3.3333333333333335,제주특별자치도
25031,h003531,신창 풍차 해안도로,4.666666666666667,제주특별자치도
25032,h003536,우도,5.0,제주특별자치도
25033,h003536,비양도,3.3333333333333335,제주특별자치도
25034,h003536,우도,5.0,제주특별자치도
25035,h003536,성산일출봉,5.0,제주특별자치도
25036,h003536,섭지코지,5.0,제주특별자치도
25037,h003536,스누피가든,5.0,제주특별자치도
25038,h003536,만장굴,5.0,제주특별자치도
25039,h003536,9.81파크,5.0,제주특별자치도
25040,h003536,수산동,5.0,제주특별자치도
25041,h003539,용연계곡,4.0,제주특별자치도
25042,h003539,제주동문시장,4.0,제주특별자치도
25043,h003539,태웃개,4.333333333333333,제주특별자치도
25044,h003539,표선해수욕장,5.0,제주특별자치도
25045,h003539,백약이 오름,5.0,제주특별자치도
25046,h003539,행원 해변,5.0,제주특별자치도
25047,h003539,제주동문시장,4.0,제주특별자치도
25048,h003540,범서프,5.0,제주특별자치도
25049,h003540,제주동문재래시장,5.0,제주특별자치도
25050,h003540,김녕해수욕장,5.0,제주특별자치도
25051,h003540,아르떼 뮤지엄 제주,5.0,제주특별자치도
25052,h003540,귀덕바다 투명카약,5.0,제주특별자치도
25053,h003540,도두봉,5.0,제주특별자치도
25054,h003543,이마트 신제주점,5.0,제주특별자치도
25055,h003543,구좌농협 하나로마트 중부점,5.0,제주특별자치도
25056,h003543,세화해변,5.0,제주특별자치도
25057,h003543,제주동문시장,5.0,제주특별자치도
25058,h003553,서귀포 매일 올레시장,5.0,제주특별자치도
25059,h003553,우도,5.0,제주특별자치도
25060,h003553,아쿠아 플라넷 제주,5.0,제주특별자치도
25061,h003553,표선해수욕장,4.666666666666667,제주특별자치도
25062,h003553,서귀포 매일 올레시장,4.333333333333333,제주특별자치도
25063,h003553,제주 실탄사격장,4.666666666666667,제주특별자치도
25064,h003553,제주동문시장,5.0,제주특별자치도
25065,h003556,용두암,5.0,제주특별자치도
25066,h003556,제주동문시장,4.0,제주특별자치도
25067,h003556,제주민속촌,5.0,제주특별자치도
25068,h003556,쇠소깍,3.3333333333333335,제주특별자치도
25069,h003556,여미지식물원,5.0,제주특별자치도
25070,h003556,천제연폭포,4.0,제주특별자치도
25071,h003556,서귀포 매일 올레시장,5.0,제주특별자치도
25072,h003556,섭지코지,5.0,제주특별자치도
25073,h003556,성산일출봉,5.0,제주특별자치도
25074,h003556,해녀박물관,4.0,제주특별자치도
25075,h003556,국립제주박물관,5.0,제주특별자치도
25076,h003560,김녕해수욕장,4.0,제주특별자치도
25077,h003560,함덕해수욕장,5.0,제주특별자치도
25078,h003560,함덕해수욕장,2.3333333333333335,제주특별자치도
25079,h003560,비자림,4.0,제주특별자치도
25080,h003560,함덕해수욕장,4.0,제주특별자치도
25081,h003560,서어봉 산책로,4.0,제주특별자치도
25082,h003561,제주동문시장,4.333333333333333,제주특별자치도
25083,h003561,이호 테우해수욕장,3.6666666666666665,제주특별자치도
25084,h003561,협재해수욕장,3.3333333333333335,제주특별자치도
25085,h003561,금오름,5.0,제주특별자치도
25086,h003561,오설록 티 뮤지엄,4.0,제주특별자치도
25087,h003561,송악산,5.0,제주특별자치도
25088,h003561,중문 대표 주상절리대,3.3333333333333335,제주특별자치도
25089,h003561,정방폭포,4.0,제주특별자치도
25090,h003561,마방목지,3.0,제주특별자치도
25091,h003563,제주동문시장,5.0,제주특별자치도
25092,h003563,세리월드,3.0,제주특별자치도
25093,h003563,박물관은 살아있다 제주 중문점,3.0,제주특별자치도
25094,h003563,서귀포 매일 올레시장,3.6666666666666665,제주특별자치도
25095,h003563,이중섭미술관,3.3333333333333335,제주특별자치도
25096,h003563,서귀 본향당,2.3333333333333335,제주특별자치도
25097,h003563,이중섭 거주지,5.0,제주특별자치도
25098,h003563,소천지,5.0,제주특별자치도
25099,h003563,소정방폭포,5.0,제주특별자치도
25100,h003563,이호 테우해수욕장,5.0,제주특별자치도
25101,h003565,한림공원,5.0,제주특별자치도
25102,h003565,협재해수욕장,5.0,제주특별자치도
25103,h003565,섭지코지,5.0,제주특별자치도
25104,h003565,창고 만난 돌,5.0,제주특별자치도
25105,h003565,서귀포 매일 올레시장,5.0,제주특별자치도
25106,h003567,제주동문시장,4.0,제주특별자치도
25107,h003567,비밀의 숲,3.6666666666666665,제주특별자치도
25108,h003567,세기알 해변,5.0,제주특별자치도
25109,h003567,성이시돌목장,3.3333333333333335,제주특별자치도
25110,h003567,마이테르수영장,5.0,제주특별자치도
25111,h003570,김서프제주,4.333333333333333,제주특별자치도
25112,h003570,테디베어뮤지엄 제주점,4.333333333333333,제주특별자치도
25113,h003570,표선해수욕장,1.6666666666666667,제주특별자치도
25114,h003570,행원 해변,5.0,제주특별자치도
25115,h003570,노형수퍼마켙,5.0,제주특별자치도
25116,h003571,제주동문시장,3.0,제주특별자치도
25117,h003571,함덕해수욕장,5.0,제주특별자치도
25118,h003571,올레길 19코스(조천-김녕 올레),3.3333333333333335,제주특별자치도
25119,h003571,만장굴,3.3333333333333335,제주특별자치도
25120,h003571,섭지코지,5.0,제주특별자치도
25121,h003572,신창 풍차 해안도로,3.3333333333333335,제주특별자치도
25122,h003572,새연교,3.6666666666666665,제주특별자치도
25123,h003572,세계 자동차 피아노 박물관,2.3333333333333335,제주특별자치도
25124,h003572,제주동문시장,1.3333333333333333,제주특별자치도
25125,h003572,이호 테우해수욕장,4.0,제주특별자치도
25126,h003576,곽지해수욕장,2.6666666666666665,제주특별자치도
25127,h003576,판포 포구,1.6666666666666667,제주특별자치도
25128,h003576,문도지오름,5.0,제주특별자치도
25129,h003576,이호 테우해수욕장,2.3333333333333335,제주특별자치도
25130,h003578,국립항공박물관,3.6666666666666665,서울
25131,h003578,국립제주박물관,4.333333333333333,제주특별자치도
25132,h003578,더마파크,5.0,제주특별자치도
25133,h003578,신창풍차 전기자전거,5.0,제주특별자치도
25134,h003578,M1971 요트투어,5.0,제주특별자치도
25135,h003578,제주항공 우주 박물관,3.3333333333333335,제주특별자치도
25136,h003578,문도지오름,3.3333333333333335,제주특별자치도
25137,h003578,씽씽 전기자전거,4.333333333333333,제주특별자치도
25138,h003578,서귀포 유람선,3.0,제주특별자치도
25139,h003578,성산일출봉,5.0,제주특별자치도
25140,h003578,제주해양 동물 박물관,4.333333333333333,제주특별자치도
25141,h003578,우도,3.0,제주특별자치도
25142,h003578,월정리 해수욕장,3.0,제주특별자치도
25143,h003578,만장굴,5.0,제주특별자치도
25144,h003579,판포 포구,5.0,제주특별자치도
25145,h003579,하우 목동 하이,2.6666666666666665,제주특별자치도
25146,h003579,우도,3.6666666666666665,제주특별자치도
25147,h003579,월정리 해수욕장,4.0,제주특별자치도
25148,h003579,함덕해수욕장,4.666666666666667,제주특별자치도
25149,h003579,제주동문시장,4.0,제주특별자치도
25150,h003579,에코랜드 테마파크,4.333333333333333,제주특별자치도
25151,h003579,비밀의 숲,4.0,제주특별자치도
25152,h003579,제주동문시장,4.0,제주특별자치도
25153,h003588,김녕해수욕장,5.0,제주특별자치도
25154,h003588,카페글렌코,5.0,제주특별자치도
25155,h003588,쇠소깍,4.0,제주특별자치도
25156,h003588,외돌개,4.0,제주특별자치도
25157,h003588,천제연폭포,4.333333333333333,제주특별자치도
25158,h003588,사계해변,4.333333333333333,제주특별자치도
25159,h003588,오설록 티 뮤지엄,2.6666666666666665,제주특별자치도
25160,h003596,섭지코지 전망대,4.0,제주특별자치도
25161,h003596,아쿠아 플라넷 제주,4.0,제주특별자치도
25162,h003596,성산일출봉,4.0,제주특별자치도
25163,h003596,협재해수욕장,4.0,제주특별자치도
25164,h003596,산양큰엉곶,4.0,제주특별자치도
25165,h003596,노형수퍼마켙,4.0,제주특별자치도
25166,h003599,판포 포구,4.0,제주특별자치도
25167,h003599,협재해수욕장,4.0,제주특별자치도
25168,h003599,올리브영 제주 협재점,3.6666666666666665,제주특별자치도
25169,h003599,서귀포 매일 올레시장,4.0,제주특별자치도
25170,h003599,올레 야시장,5.0,제주특별자치도
25171,h003599,비밀의 숲,5.0,제주특별자치도
25172,h003614,함덕해수욕장,3.3333333333333335,제주특별자치도
25173,h003614,성산일출봉,3.6666666666666665,제주특별자치도
25174,h003614,사계해변,1.0,제주특별자치도
25175,h003614,약천사,5.0,제주특별자치도
25176,h003614,송악산,4.0,제주특별자치도
25177,h003614,제주 곶자왈 도립공원,3.0,제주특별자치도
25178,h003619,약천사,5.0,제주특별자치도
25179,h003619,성이시돌목장,2.6666666666666665,제주특별자치도
25180,h003619,금오름,5.0,제주특별자치도
25181,h003619,판포 포구,5.0,제주특별자치도
25182,h003619,행원 해변,4.333333333333333,제주특별자치도
25183,h003627,서귀포 매일 올레시장,3.3333333333333335,제주특별자치도
25184,h003627,군산,3.6666666666666665,제주특별자치도
25185,h003627,성이시돌목장,4.0,제주특별자치도
25186,h003627,판포 포구,4.0,제주특별자치도
25187,h003627,아베베 베이커리,3.3333333333333335,제주특별자치도
25188,h003629,다랑쉬 오름,5.0,제주특별자치도
25189,h003629,함덕해수욕장,5.0,제주특별자치도
25190,h003637,월령포구,5.0,제주특별자치도
25191,h003637,오설록 티 뮤지엄,5.0,제주특별자치도
25192,h003637,천지연폭포,4.666666666666667,제주특별자치도
25193,h003637,서귀포 매일 올레시장,4.333333333333333,제주특별자치도
25194,h003637,신비의도로,5.0,제주특별자치도
25195,h003637,제주동문시장,5.0,제주특별자치도
25196,h003638,서귀포 매일 올레시장,3.6666666666666665,제주특별자치도
25197,h003638,제주관광공사 지정면세점,4.333333333333333,제주특별자치도
25198,h003638,군산,4.666666666666667,제주특별자치도
25199,h003638,영락리 방파제,4.333333333333333,제주특별자치도
25200,h003638,협재해수욕장,3.6666666666666665,제주특별자치도
25201,h003641,서귀포 유람선,4.0,제주특별자치도
25202,h003641,그랜드 조선 제주,5.0,제주특별자치도
25203,h003642,제주 라프,5.0,제주특별자치도
25204,h003642,관곶,5.0,제주특별자치도
25205,h003642,서귀 다원,5.0,제주특별자치도
25206,h003642,제주동문시장,5.0,제주특별자치도
25207,h003642,제주현대미술관,5.0,제주특별자치도
25208,h003642,금능해수욕장,5.0,제주특별자치도
25209,h003642,비밀의 숲,5.0,제주특별자치도
25210,h003642,성산일출봉,5.0,제주특별자치도
25211,h003642,런던 베이글 뮤지엄 제주점,3.6666666666666665,제주특별자치도
25212,h003642,김녕해수욕장,5.0,제주특별자치도
25213,h003643,비진도,2.0,경남
25214,h003653,올레길 17코스(광령-제주 원도심 올레),5.0,제주특별자치도
25215,h003653,에코랜드 테마파크,5.0,제주특별자치도
25216,h003653,제주동문시장,5.0,제주특별자치도
25217,h003654,성이시돌목장,4.0,제주특별자치도
25218,h003660,비자림,4.0,제주특별자치도
25219,h003660,성산일출봉,4.0,제주특별자치도
25220,h003660,신화 워터파크,3.0,제주특별자치도
25221,h003660,무민 랜드 제주,4.0,제주특별자치도
25222,h003660,중문색달해수욕장,3.0,제주특별자치도
25223,h003660,서귀포 매일 올레시장,3.3333333333333335,제주특별자치도
25224,h003660,제주아트서커스,3.3333333333333335,제주특별자치도
25225,h003660,신창 풍차 해안도로,4.0,제주특별자치도
25226,h003671,프라이탁 제주점,4.0,제주특별자치도
25227,h003671,제주동문시장,3.3333333333333335,제주특별자치도
25228,h003671,백약이 오름,3.3333333333333335,제주특별자치도
25229,h003671,김녕해수욕장,3.3333333333333335,제주특별자치도
25230,h003675,제주동문재래시장,4.0,제주특별자치도
25231,h003675,한담공원,3.6666666666666665,제주특별자치도
25232,h003675,협재해수욕장,4.666666666666667,제주특별자치도
25233,h003675,제주동문수산시장,5.0,제주특별자치도
25234,h003675,중문 대표 주상절리대,4.0,제주특별자치도
25235,h003675,천제연폭포,3.3333333333333335,제주특별자치도
25236,h003675,포토이즘박스 제주동문시장점,4.0,제주특별자치도
25237,h003675,제주동문시장,5.0,제주특별자치도
25238,h003675,제주동문시장,5.0,제주특별자치도
25239,h003675,도두동 무지개 해안도로,5.0,제주특별자치도
25240,h003684,제주 성읍마을,3.0,제주특별자치도
25241,h003684,우도,5.0,제주특별자치도
25242,h003684,비자림,4.0,제주특별자치도
25243,h003684,제주동문시장,4.0,제주특별자치도
25244,h003684,중문 대표 주상절리대,4.0,제주특별자치도
25245,h003684,천제연폭포,5.0,제주특별자치도
25246,h003684,제주항공 우주 박물관,3.3333333333333335,제주특별자치도
25247,h003684,김녕해수욕장,5.0,제주특별자치도
25248,h003684,이마트 서귀포점,3.3333333333333335,제주특별자치도
25249,h003692,사계해변,2.6666666666666665,제주특별자치도
25250,h003692,사계해변,3.0,제주특별자치도
25251,h003692,송악산 둘레길,4.0,제주특별자치도
25252,h003692,천지연폭포,3.3333333333333335,제주특별자치도
25253,h003692,쇠소깍 관광지,4.0,제주특별자치도
25254,h003692,섭지코지,4.0,제주특별자치도
25255,h003692,제주동문시장,3.0,제주특별자치도
25256,h003702,김녕해수욕장,5.0,제주특별자치도
25257,h003702,성산일출봉,3.6666666666666665,제주특별자치도
25258,h003702,제주동문시장,5.0,제주특별자치도
25259,h003702,성이시돌목장,4.333333333333333,제주특별자치도
25260,h003702,금오름,4.0,제주특별자치도
25261,h003702,서귀포 매일 올레시장,5.0,제주특별자치도
25262,h003702,중문 대표 주상절리대,4.666666666666667,제주특별자치도
25263,h003702,사계해변,5.0,제주특별자치도
25264,h003702,제주동문시장,5.0,제주특별자치도
25265,h003703,뽀로로 앤 타요 테마파크 제주,5.0,제주특별자치도
25266,h003703,M1971 요트투어,5.0,제주특별자치도
25267,h003717,항파두리 항몽 유적지,5.0,제주특별자치도
25268,h003717,제주 4.3평화공원,5.0,제주특별자치도
25269,h003717,한라산국립공원 성판악탐방로,4.0,제주특별자치도
25270,h003717,비케이브,5.0,제주특별자치도
25271,h003717,약천사,5.0,제주특별자치도
25272,h003717,중문 대표 주상절리대,5.0,제주특별자치도
25273,h003717,아르떼 뮤지엄 제주,5.0,제주특별자치도
25274,h003717,선물고팡 제주공항점,5.0,제주특별자치도
25275,h003719,판포 포구,3.3333333333333335,제주특별자치도
25276,h003719,차귀도 포구,5.0,제주특별자치도
25277,h003719,수목원길 야시장,4.0,제주특별자치도
25278,h003719,제주 서핑,5.0,제주특별자치도
25279,h003719,성산일출봉,4.333333333333333,제주특별자치도
25280,h003719,한라수목원,4.0,제주특별자치도
25281,h003719,도두봉,3.0,제주특별자치도
25282,h003719,이호 테우해수욕장,3.3333333333333335,제주특별자치도
25283,h003719,새별 오름,3.6666666666666665,제주특별자치도
25284,h003719,제주동문시장,4.0,제주특별자치도
25285,h003720,동일리 포구,4.0,제주특별자치도
25286,h003720,우도봉,4.0,제주특별자치도
25287,h003720,우도,5.0,제주특별자치도
25288,h003720,우도 i,4.0,제주특별자치도
25289,h003720,성산일출봉,4.0,제주특별자치도
25290,h003722,한림공원,3.3333333333333335,제주특별자치도
25291,h003722,약천사,3.3333333333333335,제주특별자치도
25292,h003722,건강과 성 박물관,3.3333333333333335,제주특별자치도
25293,h003722,신창 풍차 해안도로,3.3333333333333335,제주특별자치도
25294,h003722,애월 카페거리,3.3333333333333335,제주특별자치도
25295,h003723,함덕해수욕장,5.0,제주특별자치도
25296,h003723,월정리 해수욕장,3.3333333333333335,제주특별자치도
25297,h003723,카멜리아힐,3.0,제주특별자치도
25298,h003723,아르떼 뮤지엄 제주,4.666666666666667,제주특별자치도
25299,h003723,수목원길 야시장,3.6666666666666665,제주특별자치도
25300,h003723,이호 테우해수욕장,3.3333333333333335,제주특별자치도
25301,h003723,도두동 무지개 해안도로,3.6666666666666665,제주특별자치도
25302,h003724,제주동문시장,5.0,제주특별자치도
25303,h003724,판포 포구,5.0,제주특별자치도
25304,h003724,성이시돌목장,5.0,제주특별자치도
25305,h003724,제주동문시장,5.0,제주특별자치도
25306,h003725,관음도,4.0,경북
25307,h003725,천부해 중전 망대,5.0,경북
25308,h003725,혜림원,2.3333333333333335,경북
25309,h003725,독도,5.0,경북
25310,h003725,울라 웰컴하우스,4.0,경북
25311,h003725,나리분지,3.3333333333333335,경북
25312,h003725,독도 문방구,3.3333333333333335,경북
25313,h003725,성인봉 봉래폭포,3.3333333333333335,경북
25314,h003725,독도박물관,5.0,경북
25315,h003725,행남해안산책로,5.0,경북
25316,h003726,금오름,4.0,제주특별자치도
25317,h003726,서귀포 매일 올레시장,5.0,제주특별자치도
25318,h003726,김녕해수욕장,5.0,제주특별자치도
25319,h003726,월정리 해수욕장,5.0,제주특별자치도
25320,h003726,보문사,5.0,제주특별자치도
25321,h003726,사계해변,4.0,제주특별자치도
25322,h003726,제주동문시장,5.0,제주특별자치도
25323,h003727,함덕해수욕장,4.666666666666667,제주특별자치도
25324,h003727,함덕 돌핀 레저 본사,2.3333333333333335,제주특별자치도
25325,h003727,성산일출봉,4.0,제주특별자치도
25326,h003727,성산일출 해양도립공원,5.0,제주특별자치도
25327,h003727,제주동문재래시장,5.0,제주특별자치도
25328,h003727,하나로마트 제주점,5.0,제주특별자치도
25329,h003727,제주 국제공항,5.0,제주특별자치도
25330,h003729,제주동문재래시장,4.0,제주특별자치도
25331,h003729,올레길 17코스(광령-제주 원도심 올레),4.666666666666667,제주특별자치도
25332,h003729,탑동 광장,5.0,제주특별자치도
25333,h003729,비밀의 숲,5.0,제주특별자치도
25334,h003729,함덕해수욕장,5.0,제주특별자치도
25335,h003729,고내포구,4.666666666666667,제주특별자치도
25336,h003729,수유동,3.0,제주특별자치도
25337,h003729,협재해수욕장,5.0,제주특별자치도
25338,h003729,신창 풍차 해안도로,4.666666666666667,제주특별자치도
25339,h003729,사계해변,5.0,제주특별자치도
25340,h003729,고내포구,5.0,제주특별자치도
25341,h003729,노형수퍼마켙,1.6666666666666667,제주특별자치도
25342,h003729,이호 테우 등대,3.3333333333333335,제주특별자치도
25343,h003729,도두동 무지개 해안도로,5.0,제주특별자치도
25344,h003731,제주 스카이랩 패러글라이딩 체험비행장소,4.333333333333333,제주특별자치도
25345,h003731,우도,3.0,제주특별자치도
25346,h003731,우도,3.0,제주특별자치도
25347,h003731,노을 승마장,4.0,제주특별자치도
25348,h003731,리치망고 협재점,4.666666666666667,제주특별자치도
25349,h003731,9.81파크,4.0,제주특별자치도
25350,h003731,수유동,2.6666666666666665,제주특별자치도
25351,h003731,협재해수욕장,4.0,제주특별자치도
25352,h003738,한라산국립공원,5.0,제주특별자치도
25353,h003738,이호 테우해수욕장,5.0,제주특별자치도
25354,h003742,탑동 광장,5.0,
25355,h003742,수목원길 야시장,5.0,제주특별자치도
25356,h003742,제주동문재래시장,5.0,제주특별자치도
25357,h003742,신화 워터파크,5.0,제주특별자치도
25358,h003742,신화 테마파크,5.0,제주특별자치도
25359,h003742,노형수퍼마켙,5.0,제주특별자치도
25360,h003742,사계해변,5.0,제주특별자치도
25361,h003742,산방산 랜드,5.0,제주특별자치도
25362,h003742,포도 뮤지엄,5.0,제주특별자치도
25363,h003742,문화 예술 공공수장고,5.0,제주특별자치도
25364,h003742,제주현대미술관,5.0,제주특별자치도
25365,h003742,여미지식물원,5.0,제주특별자치도
25366,h003742,허니문하우스,5.0,제주특별자치도
25367,h003742,윈드 1947카트 테마파크,5.0,제주특별자치도
25368,h003742,아쿠아 플라넷 제주,5.0,제주특별자치도
25369,h003742,섭지코지,5.0,제주특별자치도
25370,h003742,성산일출봉,5.0,제주특별자치도
25371,h003742,우도,5.0,제주특별자치도
25372,h003742,우도,5.0,제주특별자치도
25373,h003742,우도,5.0,제주특별자치도
25374,h003742,세화해변,5.0,제주특별자치도
25375,h003742,월정리 해수욕장,5.0,제주특별자치도
25376,h003742,김녕해수욕장,5.0,제주특별자치도
25377,h003742,함덕해수욕장,5.0,제주특별자치도
25378,h003744,우도,4.333333333333333,제주특별자치도
25379,h003744,성산일출봉,3.6666666666666665,제주특별자치도
25380,h003744,빛의 벙커,3.6666666666666665,제주특별자치도
25381,h003744,중문색달해수욕장,4.0,제주특별자치도
25382,h003744,소랑 아시,5.0,제주특별자치도
25383,h003744,물영아리,3.3333333333333335,제주특별자치도
25384,h003744,태웃개,4.0,제주특별자치도
25385,h003744,윈드 1947카트 테마파크,4.333333333333333,제주특별자치도
25386,h003744,사계해변,4.0,제주특별자치도
25387,h003744,금능해수욕장,4.0,제주특별자치도
25388,h003763,제주도립 김창열 미술관,5.0,제주특별자치도
25389,h003763,제주현대미술관,4.0,제주특별자치도
25390,h003763,협재해수욕장,5.0,제주특별자치도
25391,h003763,금능해수욕장,5.0,제주특별자치도
25392,h003774,제주동문시장,5.0,제주특별자치도
25393,h003774,세화해변,5.0,제주특별자치도
25394,h003774,성산일출봉,5.0,제주특별자치도
25395,h003774,용두암,3.6666666666666665,제주특별자치도
25396,h003778,제주동문재래시장,3.6666666666666665,제주특별자치도
25397,h003778,비밀의 숲,5.0,제주특별자치도
25398,h003778,세기알 해변,5.0,제주특별자치도
25399,h003778,금오름,3.6666666666666665,제주특별자치도
25400,h003778,판포 포구,5.0,제주특별자치도
25401,h003778,우도,5.0,제주특별자치도
25402,h003783,절물자연휴양림,4.333333333333333,제주특별자치도
25403,h003783,함덕해수욕장,3.0,제주특별자치도
25404,h003783,김녕해수욕장,3.6666666666666665,제주특별자치도
25405,h003783,피닉스 제주 유민 미술관,5.0,제주특별자치도
25406,h003783,비양도,5.0,제주특별자치도
25407,h003783,우도,5.0,제주특별자치도
25408,h003783,성산일출봉,4.333333333333333,제주특별자치도
25409,h003789,신화 테마파크,5.0,제주특별자치도
25410,h003789,아쿠아 플라넷 제주,3.0,제주특별자치도
25411,h003789,신화 워터파크,4.333333333333333,제주특별자치도
25412,h003790,수월봉,4.0,제주특별자치도
25413,h003790,새별 오름,3.3333333333333335,제주특별자치도
25414,h003790,곽지해수욕장,4.0,제주특별자치도
25415,h003790,제주동문시장,5.0,제주특별자치도
25416,h003791,사계해변,4.333333333333333,제주특별자치도
25417,h003791,금오름,4.333333333333333,제주특별자치도
25418,h003791,곽지해수욕장,4.333333333333333,제주특별자치도
25419,h003808,한라수목원,5.0,제주특별자치도
25420,h003808,넥슨 컴퓨터 박물관,5.0,제주특별자치도
25421,h003808,새별 오름,5.0,제주특별자치도
25422,h003827,아르떼 뮤지엄 제주,2.6666666666666665,제주특별자치도
25423,h003827,서귀포 매일 올레시장,3.6666666666666665,제주특별자치도
25424,h003827,섭지코지,4.0,제주특별자치도
25425,h003827,성산일출봉,4.0,제주특별자치도
25426,h003827,김녕해수욕장,3.3333333333333335,제주특별자치도
25427,h003827,사려니숲길,4.0,제주특별자치도
25428,h003827,제주동문시장,3.3333333333333335,제주특별자치도
25429,h003842,제주동문재래시장,4.333333333333333,제주특별자치도
25430,h003842,도두동 무지개 해안도로,4.0,제주특별자치도
25431,h003842,에코랜드 테마파크,5.0,제주특별자치도
25432,h003842,제주 레포츠 랜드,3.3333333333333335,제주특별자치도
25433,h003842,바이 제주,4.0,제주특별자치도
25434,h003849,중문색달해수욕장,5.0,제주특별자치도
25435,h003849,월령포구,5.0,제주특별자치도
25436,h003849,중문색달해수욕장,5.0,제주특별자치도
25437,h003849,항파두리 항몽 유적지,5.0,제주특별자치도
25438,h003867,함덕해수욕장,5.0,제주특별자치도
25439,h003867,김녕해수욕장,4.666666666666667,제주특별자치도
25440,h003867,성산일출봉,4.333333333333333,제주특별자치도
25441,h003867,섭지코지,4.0,제주특별자치도
25442,h003867,우도,3.6666666666666665,제주특별자치도
25443,h003867,우도,4.666666666666667,제주특별자치도
25444,h003867,서귀포 매일 올레시장,4.0,제주특별자치도
25445,h003867,우도,4.0,제주특별자치도
25446,h003867,곽지해수욕장,5.0,제주특별자치도
25447,h003867,천제연폭포,4.0,제주특별자치도
25448,h003871,9.81파크,3.0,제주특별자치도
25449,h003871,원앙폭포,3.0,제주특별자치도
25450,h003871,우도,3.3333333333333335,제주특별자치도
25451,h003871,더블유,5.0,제주특별자치도
25452,h003871,코난 해변,3.3333333333333335,
25453,h003871,제주시 민속 오일 시장,2.0,제주특별자치도
25454,h003871,수목원길 야시장,5.0,제주특별자치도
25455,h003871,제주동문시장,3.3333333333333335,제주특별자치도
25456,h003871,도두동 무지개 해안도로,3.3333333333333335,제주특별자치도
25457,h003871,수목원길 야시장,4.333333333333333,제주특별자치도
25458,h003872,절물자연휴양림,5.0,제주특별자치도
25459,h003872,올레길 7코스(서귀포-월평 올레),5.0,제주특별자치도
25460,h003876,법화사,5.0,제주특별자치도
25461,h003876,강정천,5.0,제주특별자치도
25462,h003876,정모시 쉼터,5.0,제주특별자치도
25463,h003876,항파두리 항몽 유적지,3.6666666666666665,제주특별자치도
25464,h003876,한라수목원,4.0,제주특별자치도
25465,h003876,김만덕기념관,3.0,제주특별자치도
25466,h003876,샛도 피물,2.6666666666666665,제주특별자치도
25467,h003876,관덕정,3.6666666666666665,제주특별자치도
25468,h003876,절물자연휴양림,4.0,제주특별자치도
25469,h003876,삼성혈,4.0,제주특별자치도
25470,h003880,금오름,5.0,제주특별자치도
25471,h003880,신창 풍차 해안도로,5.0,
25472,h003880,마라도,5.0,제주특별자치도
25473,h003880,산방산 랜드,3.0,제주특별자치도
25474,h003880,중문색달해수욕장,3.0,제주특별자치도
25475,h003880,이마트 서귀포점,3.6666666666666665,제주특별자치도
25476,h003880,천지연폭포,4.0,제주특별자치도
25477,h003880,세리월드 카트레이싱,5.0,제주특별자치도
25478,h003880,서귀포 유람선,5.0,제주특별자치도
25479,h003880,상효인 수목원,3.6666666666666665,제주특별자치도
25480,h003880,목장카페드르쿰다,5.0,제주특별자치도
25481,h003880,오늘은 카트레이싱,5.0,제주특별자치도
25482,h003880,제주민속촌,3.0,제주특별자치도
25483,h003880,드르쿰다in성산,4.0,제주특별자치도
25484,h003880,성산일출봉,5.0,제주특별자치도
25485,h003880,비자림,4.0,제주특별자치도
25486,h003885,성산일출봉,3.3333333333333335,제주특별자치도
25487,h003885,신화 워터파크,3.3333333333333335,제주특별자치도
25488,h003895,표선해수욕장,4.666666666666667,제주특별자치도
25489,h003895,표선해수욕장,3.3333333333333335,제주특별자치도
25490,h003895,중문색달해수욕장,5.0,제주특별자치도
25491,h003895,마라도 가는 여객선,3.6666666666666665,제주특별자치도
25492,h003895,마라도,4.0,제주특별자치도
25493,h003895,한라산,4.0,제주특별자치도
25494,h003895,수월봉,4.0,제주특별자치도
25495,h003895,국립제주박물관,3.6666666666666665,제주특별자치도
25496,h003906,제주동문시장,5.0,제주특별자치도
25497,h003906,런던 베이글 뮤지엄 제주점,5.0,제주특별자치도
25498,h003906,우도,5.0,제주특별자치도
25499,h003906,성산일출봉,5.0,제주특별자치도
25500,h003906,스누피가든,5.0,제주특별자치도
25501,h003906,올레 야시장,5.0,제주특별자치도
25502,h003906,9.81파크,5.0,제주특별자치도
25503,h003906,바이 제주,4.666666666666667,제주특별자치도
25504,h003920,제주 웨이브 서핑,5.0,제주특별자치도
25505,h003920,11고지 휴게소,5.0,제주특별자치도
25506,h003920,더블유,5.0,제주특별자치도
25507,h003925,영일고,5.0,경북
25508,h003925,행남해안산책로,5.0,경북
25509,h003925,성인봉 봉래폭포,4.0,경북
25510,h003925,카페 울라,2.6666666666666665,경북
25511,h003925,나리분지,2.0,경북
25512,h003925,독도박물관,2.3333333333333335,경북
25513,h003925,관음도,5.0,경북
25514,h003925,태하 향목 관광모노레일,5.0,경북
25515,h003953,김녕해수욕장,5.0,제주특별자치도
25516,h003953,델문도 김녕점,5.0,제주특별자치도
25517,h003959,테디베어뮤지엄 제주점,2.6666666666666665,제주특별자치도
25518,h003961,우도,5.0,제주특별자치도
25519,h003961,성산일출봉,5.0,제주특별자치도
25520,h003961,김녕해수욕장,5.0,제주특별자치도
25521,h003961,스타벅스 제주 일도 DT 점,4.0,제주특별자치도
25522,h003961,문도지오름,3.3333333333333335,제주특별자치도
25523,h003961,협재해수욕장,5.0,제주특별자치도
25524,h003961,곽지해수욕장,5.0,제주특별자치도
25525,h003978,제주 코코몽 에코파크,5.0,제주특별자치도
25526,h003978,서귀포 매일 올레시장,5.0,제주특별자치도
25527,h003978,협재해수욕장,5.0,제주특별자치도
25528,h003978,호텔 샌드,5.0,제주특별자치도
25529,h003980,곽지해수욕장,5.0,제주특별자치도
25530,h003980,한림공원,4.0,제주특별자치도
25531,h003980,제주도립 김창열 미술관,5.0,제주특별자치도
25532,h004032,오설록 티 뮤지엄,5.0,제주특별자치도
25533,h004032,산방산,5.0,제주특별자치도
25534,h004032,사계해변,5.0,제주특별자치도
25535,h004032,사계해변,5.0,제주특별자치도
25536,h004032,송악산 둘레길,5.0,제주특별자치도
25537,h004032,절물자연휴양림,5.0,제주특별자치도
25538,h004032,성산일출봉,5.0,제주특별자치도
25539,h004032,광치기 해변,5.0,제주특별자치도
25540,h004032,천지연폭포,5.0,제주특별자치도
25541,h004032,새연교,4.0,제주특별자치도
25542,h004032,더클리프,2.6666666666666665,제주특별자치도
25543,h004032,중문 대표 주상절리대,2.0,제주특별자치도
25544,h004032,천제연폭포,5.0,제주특별자치도
25545,h004032,성판악 주차장,4.0,제주특별자치도
25546,h004032,서귀포 매일 올레시장,5.0,제주특별자치도
25547,h004045,제주동문시장,3.0,제주특별자치도
25548,h004045,함덕해수욕장,4.333333333333333,제주특별자치도
25549,h004045,세화해변,4.0,제주특별자치도
25550,h004045,서어봉 산책로,4.0,제주특별자치도
25551,h004045,함덕해수욕장,4.0,제주특별자치도
25552,h004045,아라리오 뮤지엄 탑동 시네마,4.0,제주특별자치도
25553,h004055,마방목지,5.0,제주특별자치도
25554,h004055,한라생태숲,5.0,제주특별자치도
25555,h004055,저지예술인 마을,5.0,제주특별자치도
25556,h004055,제주항공 우주 박물관,5.0,제주특별자치도
25557,h004055,서귀포 매일 올레시장,5.0,제주특별자치도
25558,h004055,걸어가는 늑대들 전이 수 갤러리,5.0,제주특별자치도
25559,h004055,제주동문시장,5.0,제주특별자치도
25560,h004060,제주 돌 문화공원,5.0,제주특별자치도
25561,h004060,에코랜드 테마파크,5.0,제주특별자치도
25562,h004063,판포 포구,5.0,제주특별자치도
25563,h004063,섭지코지,5.0,제주특별자치도
25564,h004063,김녕해수욕장,4.666666666666667,제주특별자치도
25565,h004082,소천지,5.0,제주특별자치도
25566,h004082,대정농협 하나로마트,5.0,제주특별자치도
25567,h004082,사계해변,5.0,제주특별자치도
25568,h004082,군산오름 등산로 입구,5.0,제주특별자치도
25569,h004082,사계해변,5.0,제주특별자치도
25570,h004099,삼양해수욕장,5.0,제주특별자치도
25571,h004099,제주 월드컵 경기장,5.0,제주특별자치도
25572,h004099,제주동문시장,5.0,제주특별자치도
25573,h004101,곽지해수욕장,2.6666666666666665,제주특별자치도
25574,h004101,쇠소깍,3.0,제주특별자치도
25575,h004101,원앙폭포,5.0,제주특별자치도
25576,h004101,중문 대표 주상절리대,2.0,제주특별자치도
25577,h004101,서귀포 치유의 숲,3.3333333333333335,제주특별자치도
25578,h004101,섭지코지,4.0,제주특별자치도
25579,h004101,성산일출봉,3.6666666666666665,제주특별자치도
25580,h004101,만장굴,1.6666666666666667,제주특별자치도
25581,h004101,함덕해수욕장,5.0,제주특별자치도
25582,h004102,롯데몰 김포공항점,4.0,서울
25583,h004102,함덕해수욕장,4.333333333333333,제주특별자치도
25584,h004102,제주동문시장,3.3333333333333335,제주특별자치도
25585,h004102,스누피가든,3.6666666666666665,제주특별자치도
25586,h004105,에스 츄어 인피니티풀,5.0,
25587,h004105,중문색달해수욕장,3.3333333333333335,제주특별자치도
25588,h004105,더클리프,3.3333333333333335,
25589,h004105,에스 츄어 인피니티풀,5.0,
25590,h004105,누워 마루 거리,3.3333333333333335,제주특별자치도
25591,h004105,민오름,5.0,제주특별자치도
25592,h004106,평대리 해수욕장,5.0,제주특별자치도
25593,h004106,오저여,4.333333333333333,제주특별자치도
25594,h004106,평대리 해수욕장,5.0,제주특별자치도
25595,h004106,함덕해수욕장,4.0,제주특별자치도
25596,h004106,금능해수욕장,4.0,제주특별자치도
25597,h004106,월령 선인장 마을,2.6666666666666665,제주특별자치도
25598,h004108,세기알 해변,4.0,제주특별자치도
25599,h004108,성산일출봉,4.0,제주특별자치도
25600,h004108,강정천,5.0,제주특별자치도
25601,h004108,원앙폭포,4.0,제주특별자치도
25602,h004108,제주동문시장,3.3333333333333335,제주특별자치도
25603,h004109,세기알 해변,4.333333333333333,제주특별자치도
25604,h004109,이승이오름,5.0,제주특별자치도
25605,h004109,더클리프,5.0,제주특별자치도
25606,h004109,테디 제주 바이 올레,3.3333333333333335,제주특별자치도
25607,h004109,판포 포구,5.0,제주특별자치도
25608,h004109,쉼표,3.3333333333333335,제주특별자치도
25609,h004109,애월 돌고래 전망대,3.3333333333333335,제주특별자치도
25610,h004109,제주동문시장,5.0,제주특별자치도
25611,h004118,함덕해수욕장,4.0,제주특별자치도
25612,h004118,협재해수욕장,4.0,제주특별자치도
25613,h004118,소라의 성,4.0,제주특별자치도
25614,h004118,유동룡 이타미 준 미술관,4.666666666666667,제주특별자치도
25615,h004118,삼양해수욕장,5.0,제주특별자치도
25616,h004119,제주동문시장,2.3333333333333335,제주특별자치도
25617,h004119,함덕해수욕장,4.333333333333333,제주특별자치도
25618,h004119,올레길 18코스(제주 원도심-조천 올레),3.3333333333333335,제주특별자치도
25619,h004119,월정리 해수욕장,4.0,제주특별자치도
25620,h004124,협재해수욕장,5.0,제주특별자치도
25621,h004124,비양도,4.666666666666667,제주특별자치도
25622,h004133,이호 테우해수욕장,5.0,제주특별자치도
25623,h004133,우도,5.0,제주특별자치도
25624,h004133,비양도,5.0,제주특별자치도
25625,h004133,우도,5.0,제주특별자치도
25626,h004133,함덕해수욕장,5.0,제주특별자치도
25627,h004133,제주동문시장,5.0,제주특별자치도
25628,h004143,제주동문시장,4.333333333333333,제주특별자치도
25629,h004143,고내포구,4.666666666666667,제주특별자치도
25630,h004143,고내포구,5.0,제주특별자치도
25631,h004143,박물관은 살아있다 제주 중문점,5.0,제주특별자치도
25632,h004143,이호 테우해수욕장,5.0,제주특별자치도
25633,h004143,곽지해수욕장,5.0,제주특별자치도
25634,h004143,올레길 15-B코스(한림-고내 올레),5.0,제주특별자치도
25635,h004143,협재해수욕장,5.0,제주특별자치도
25636,h004146,용연 구름다리,5.0,제주특별자치도
25637,h004146,비밀의 숲,5.0,제주특별자치도
25638,h004146,표선해수욕장,4.333333333333333,제주특별자치도
25639,h004146,정방폭포,5.0,제주특별자치도
25640,h004146,11고지 휴게소,5.0,제주특별자치도
25641,h004146,제주동문재래시장,5.0,제주특별자치도
25642,h004146,상가리 야자숲,3.0,제주특별자치도
25643,h004146,협재해수욕장,5.0,제주특별자치도
25644,h004146,금오름,5.0,제주특별자치도
25645,h004146,오조포구,3.0,제주특별자치도
25646,h004146,코난 해변,5.0,
25647,h004146,함덕해수욕장,4.0,제주특별자치도
25648,h004146,제주 소품 숍 모이소,5.0,제주특별자치도
25649,h004146,이호 테우 등대,3.6666666666666665,제주특별자치도
25650,h004150,다이소 제주동문시장점,5.0,
25651,h004150,스누피가든,5.0,제주특별자치도
25652,h004150,성산일출봉,5.0,제주특별자치도
25653,h004150,섭지코지,3.6666666666666665,제주특별자치도
25654,h004150,비자림,5.0,제주특별자치도
25655,h004150,정방폭포,3.3333333333333335,제주특별자치도
25656,h004150,천지연폭포,3.3333333333333335,제주특별자치도
25657,h004150,서귀포 매일 올레시장,3.0,제주특별자치도
25658,h004150,오설록 티 뮤지엄,4.0,제주특별자치도
25659,h004150,한림공원,3.3333333333333335,제주특별자치도
25660,h004150,금오름,2.0,제주특별자치도
25661,h004150,노형수퍼마켙,2.3333333333333335,제주특별자치도
25662,h004150,제주동문시장,3.3333333333333335,제주특별자치도
25663,h004154,국립제주박물관,3.3333333333333335,제주특별자치도
25664,h004154,함덕해수욕장,5.0,제주특별자치도
25665,h004154,금능해수욕장,5.0,제주특별자치도
25666,h004154,서귀포 매일 올레시장,2.6666666666666665,제주특별자치도
25667,h004154,에코랜드 테마파크,5.0,제주특별자치도
25668,h004163,김녕해수욕장,5.0,제주특별자치도
25669,h004163,행원 해변,5.0,제주특별자치도
25670,h004163,우도,5.0,제주특별자치도
25671,h004163,우도,4.0,제주특별자치도
25672,h004163,우도,5.0,제주특별자치도
25673,h004163,제주동문재래시장,4.333333333333333,제주특별자치도
25674,h004163,함덕해수욕장,4.0,제주특별자치도
25675,h004163,아침미소목장,5.0,제주특별자치도
25676,h004179,리치망고 협재점,3.6666666666666665,제주특별자치도
25677,h004179,금능해수욕장,5.0,제주특별자치도
25678,h004179,협재해수욕장,5.0,제주특별자치도
25679,h004179,금오름,3.0,제주특별자치도
25680,h004179,판포 포구,5.0,제주특별자치도
25681,h004184,코난 해변,5.0,
25682,h004184,서귀포 매일 올레시장,5.0,제주특별자치도
25683,h004184,오설록 티 뮤지엄,2.6666666666666665,제주특별자치도
25684,h004184,캐니언 파크 제주점,5.0,제주특별자치도
25685,h004184,아르떼 뮤지엄 제주,5.0,제주특별자치도
25686,h004193,비자림,5.0,제주특별자치도
25687,h004193,섭지코지,4.333333333333333,제주특별자치도
25688,h004193,광치기 해변,5.0,제주특별자치도
25689,h004204,올래국수 본점,2.6666666666666665,제주특별자치도
25690,h004204,비자림,5.0,제주특별자치도
25691,h004204,서귀포 매일 올레시장,5.0,제주특별자치도
25692,h004204,우도,5.0,제주특별자치도
25693,h004204,서귀포 매일 올레시장,2.6666666666666665,제주특별자치도
25694,h004204,드르쿰다in성산,5.0,제주특별자치도
25695,h004206,오설록 티 뮤지엄,5.0,제주특별자치도
25696,h004206,산방산,5.0,제주특별자치도
25697,h004206,금오름,5.0,제주특별자치도
25698,h004206,협재해수욕장,5.0,제주특별자치도
25699,h004206,제주동문시장,5.0,제주특별자치도
25700,h004207,수목원 테마파크,3.6666666666666665,제주특별자치도
25701,h004207,여미지식물원,5.0,제주특별자치도
25702,h004207,9.81파크,3.3333333333333335,제주특별자치도
25703,h004207,김녕떠오르길,4.333333333333333,제주특별자치도
25704,h004207,청굴물,5.0,
25705,h004207,함덕해수욕장,5.0,제주특별자치도
25706,h004207,넥슨 컴퓨터 박물관,4.0,제주특별자치도
25707,h004208,협재해수욕장,4.0,제주특별자치도
25708,h004208,아르떼 뮤지엄 제주,3.6666666666666665,제주특별자치도
25709,h004208,제주시 민속 오일 시장,4.0,제주특별자치도
25710,h004215,다이소 용담점,5.0,제주특별자치도
25711,h004215,영락리 방파제,4.0,제주특별자치도
25712,h004215,천지연폭포,5.0,제주특별자치도
25713,h004215,서귀포 매일 올레시장,5.0,제주특별자치도
25714,h004215,안돌오름,5.0,제주특별자치도
25715,h004216,델문도,5.0,제주특별자치도
25716,h004216,우도,5.0,제주특별자치도
25717,h004216,다랑쉬 오름,5.0,제주특별자치도
25718,h004216,비자림,5.0,제주특별자치도
25719,h004216,함덕해수욕장,5.0,제주특별자치도
25720,h004216,제주동문시장,5.0,제주특별자치도
25721,h004218,도두봉,5.0,제주특별자치도
25722,h004218,도두동 무지개 해안도로,5.0,제주특별자치도
25723,h004218,제주동문재래시장,5.0,제주특별자치도
25724,h004218,만장굴,4.333333333333333,제주특별자치도
25725,h004218,비밀의 숲,3.0,제주특별자치도
25726,h004218,스누피가든,4.666666666666667,제주특별자치도
25727,h004218,천지연폭포,4.333333333333333,제주특별자치도
25728,h004218,서귀포 매일 올레시장,5.0,제주특별자치도
25729,h004218,금오름,4.333333333333333,제주특별자치도
25730,h004218,한담 해안산책로,5.0,제주특별자치도
25731,h004218,협재해수욕장,3.3333333333333335,제주특별자치도
25732,h004218,오설록 티 뮤지엄,4.333333333333333,제주특별자치도
25733,h004218,서귀포 매일 올레시장,5.0,제주특별자치도
25734,h004218,광치기 해변,5.0,제주특별자치도
25735,h004218,함덕해수욕장,5.0,제주특별자치도
25736,h004219,오설록 티 뮤지엄,5.0,제주특별자치도
25737,h004219,무민 랜드 제주,4.666666666666667,제주특별자치도
25738,h004219,테디베어뮤지엄 제주점,5.0,제주특별자치도
25739,h004219,건강과 성 박물관,4.666666666666667,제주특별자치도
25740,h004219,노형수퍼마켙,5.0,제주특별자치도
25741,h004219,이호 테우해수욕장,5.0,제주특별자치도
25742,h004220,제주동문시장,5.0,제주특별자치도
25743,h004220,관덕정,5.0,제주특별자치도
25744,h004220,아베베 베이커리,5.0,제주특별자치도
25745,h004220,이승이오름,5.0,제주특별자치도
25746,h004220,원앙폭포,5.0,제주특별자치도
25747,h004220,서귀포 매일 올레시장,5.0,제주특별자치도
25748,h004220,쇠소깍 관광지,5.0,제주특별자치도
25749,h004220,아쿠아 플라넷 제주,5.0,제주특별자치도
25750,h004220,성산일출봉,5.0,제주특별자치도
25751,h004220,오조포구,5.0,제주특별자치도
25752,h004220,행원 해변,5.0,제주특별자치도
25753,h004220,세화 소품과,5.0,제주특별자치도
25754,h004220,청굴물,5.0,제주특별자치도
25755,h004220,모리아 상점,5.0,제주특별자치도
25756,h004220,도두동 무지개 해안도로,5.0,제주특별자치도
25757,h004223,도리빨,5.0,제주특별자치도
25758,h004223,제주관광공사 지정면세점,5.0,제주특별자치도
25759,h004223,더클리프,5.0,제주특별자치도
25760,h004223,판포 포구,4.0,제주특별자치도
25761,h004223,어영공원,5.0,제주특별자치도
25762,h004223,제주동문시장,5.0,제주특별자치도
25763,h004224,한담 해안산책로,4.0,제주특별자치도
25764,h004224,군산,5.0,제주특별자치도
25765,h004224,서귀포 매일 올레시장,3.3333333333333335,제주특별자치도
25766,h004224,휴애리 자연생활공원,2.6666666666666665,제주특별자치도
25767,h004224,가파도,3.3333333333333335,제주특별자치도
25768,h004224,월정리 해수욕장,3.3333333333333335,제주특별자치도
25769,h004225,상가리 야자숲,5.0,제주특별자치도
25770,h004225,판포 포구,2.3333333333333335,제주특별자치도
25771,h004225,안덕계곡,3.0,제주특별자치도
25772,h004225,톨칸이해변,5.0,제주특별자치도
25773,h004225,우도,5.0,제주특별자치도
25774,h004225,우도,5.0,제주특별자치도
25775,h004225,서귀포 매일 올레시장,5.0,제주특별자치도
25776,h004225,천제연폭포,4.333333333333333,제주특별자치도
25777,h004225,금능해수욕장,5.0,제주특별자치도
25778,h004225,금오름,5.0,제주특별자치도
25779,h004225,보롬왓,5.0,제주특별자치도
25780,h004225,제주동문시장,5.0,제주특별자치도
25781,h004226,원앙폭포,4.666666666666667,제주특별자치도
25782,h004226,서귀포 매일 올레시장,4.0,제주특별자치도
25783,h004226,제주관광공사 지정면세점,1.6666666666666667,제주특별자치도
25784,h004226,사계해변,4.0,제주특별자치도
25785,h004226,금능해수욕장,4.666666666666667,제주특별자치도
25786,h004226,아르떼 뮤지엄 제주,3.3333333333333335,제주특별자치도
25787,h004226,금오름,5.0,제주특별자치도
25788,h004226,협재해수욕장,5.0,제주특별자치도
25789,h004226,제주동문시장,4.0,제주특별자치도
25790,h004233,협재해수욕장,3.3333333333333335,제주특별자치도
25791,h004233,엉또폭포,3.3333333333333335,제주특별자치도
25792,h004233,우도,3.3333333333333335,제주특별자치도
25793,h004233,서귀포 매일 올레시장,5.0,제주특별자치도
25794,h004233,바이 제주,5.0,제주특별자치도
25795,h004234,용담해안도로,4.0,
25796,h004234,제주동문시장,4.0,제주특별자치도
25797,h004234,청아 투명 카약,5.0,제주특별자치도
25798,h004234,곽지해수욕장,2.3333333333333335,제주특별자치도
25799,h004234,애월 해안도로,5.0,제주특별자치도
25800,h004234,스누피가든,4.0,제주특별자치도
25801,h004234,김녕해수욕장,3.3333333333333335,제주특별자치도
25802,h004234,제주동문재래시장,3.0,제주특별자치도
25803,h004234,도두동 무지개 해안도로,4.0,제주특별자치도
25804,h004242,표선해수욕장,5.0,제주특별자치도
25805,h004242,표선해수욕장,5.0,제주특별자치도
25806,h004242,제주동문시장,4.0,제주특별자치도
25807,h004244,제주동문재래시장 공영주차장,3.0,제주특별자치도
25808,h004244,제주동문시장,4.0,제주특별자치도
25809,h004244,절물자연휴양림,5.0,제주특별자치도
25810,h004244,주주표 서 서핑스쿨,3.0,제주특별자치도
25811,h004244,표선해수욕장,5.0,제주특별자치도
25812,h004244,섭지코지,3.3333333333333335,제주특별자치도
25813,h004244,인터포레스트,4.0,제주특별자치도
25814,h004244,함덕해수욕장,4.0,제주특별자치도
25815,h004251,제주목 관아,4.0,제주특별자치도
25816,h004251,프라이탁 제주점,3.3333333333333335,제주특별자치도
25817,h004251,디앤디파트먼트 제주,4.333333333333333,제주특별자치도
25818,h004251,제주도립 김창열 미술관,5.0,제주특별자치도
25819,h004251,제주현대미술관,3.3333333333333335,제주특별자치도
25820,h004251,에브리바디 빈티지 본점,4.333333333333333,제주특별자치도
25821,h004288,닭머르,4.0,제주특별자치도
25822,h004288,사려니숲길 붉은오름 입구,4.0,제주특별자치도
25823,h004288,제주 4.3평화공원,5.0,제주특별자치도
25824,h004288,한라산국립공원 성판악탐방로,5.0,제주특별자치도
25825,h004288,광치기 해변,4.0,제주특별자치도
25826,h004288,섭지코지,4.333333333333333,제주특별자치도
25827,h004288,성산일출봉,4.666666666666667,제주특별자치도
25828,h004288,제주동문시장,3.3333333333333335,제주특별자치도
25829,h004288,오조포구,3.6666666666666665,제주특별자치도
25830,h004288,용두암,4.0,제주특별자치도
25831,h004288,이호 테우 등대,4.0,제주특별자치도
25832,h004298,제주아트서커스,5.0,제주특별자치도
25833,h004298,서귀포 매일 올레시장,5.0,제주특별자치도
25834,h004298,퍼시픽 마리나 요트계류장,5.0,제주특별자치도
25835,h004298,윈드 1947카트 테마파크,2.3333333333333335,제주특별자치도
25836,h004298,제주민속촌,3.3333333333333335,제주특별자치도
25837,h004298,앙투아네트 용담점,5.0,제주특별자치도
25838,h004298,용두암,5.0,제주특별자치도
25839,h004300,한라수목원,5.0,제주특별자치도
25840,h004300,용두암,5.0,제주특별자치도
25841,h004300,천지연폭포,5.0,제주특별자치도
25842,h004300,이중섭미술관,5.0,제주특별자치도
25843,h004300,표선해수욕장,5.0,제주특별자치도
25844,h004300,우도,5.0,제주특별자치도
25845,h004315,용연계곡,3.3333333333333335,제주특별자치도
25846,h004315,도두봉,3.3333333333333335,제주특별자치도
25847,h004315,도두동 무지개 해안도로,3.3333333333333335,제주특별자치도
25848,h004315,제주동문시장,3.3333333333333335,제주특별자치도
25849,h004315,금능해수욕장,3.3333333333333335,제주특별자치도
25850,h004315,한담 해안산책로,3.3333333333333335,제주특별자치도
25851,h004315,사계해변,3.3333333333333335,제주특별자치도
25852,h004315,카멜리아힐,4.0,제주특별자치도
25853,h004315,성산일출봉,3.3333333333333335,제주특별자치도
25854,h004315,우도,3.3333333333333335,제주특별자치도
25855,h004324,화순금모래해수욕장,2.0,제주특별자치도
25856,h004324,사계해변,4.0,제주특별자치도
25857,h004325,올레길 17코스(광령-제주 원도심 올레),4.666666666666667,제주특별자치도
25858,h004325,제주동문재래시장,3.6666666666666665,제주특별자치도
25859,h004325,협재해수욕장,5.0,제주특별자치도
25860,h004325,애월 카페거리,5.0,제주특별자치도
25861,h004325,제주동문재래시장,4.0,제주특별자치도
25862,h004326,꽃길만걷자 애월점,5.0,제주특별자치도
25863,h004326,곽지해수욕장,5.0,제주특별자치도
25864,h004326,꽃길만걷자 애월점,5.0,제주특별자치도
25865,h004326,도두동 무지개 해안도로,5.0,제주특별자치도
25866,h004326,제주동문시장,5.0,제주특별자치도
25867,h004327,상가리 야자숲,5.0,제주특별자치도
25868,h004327,협재해수욕장,5.0,제주특별자치도
25869,h004328,유동룡 이타미 준 미술관,3.3333333333333335,제주특별자치도
25870,h004328,제주현대미술관,5.0,제주특별자치도
25871,h004328,협재해수욕장,4.333333333333333,제주특별자치도
25872,h004328,신창 풍차 해안도로,5.0,제주특별자치도
25873,h004328,항파두리 항몽 유적지,4.0,제주특별자치도
25874,h004330,수목원길 야시장,2.3333333333333335,제주특별자치도
25875,h004330,제주아트서커스,2.0,제주특별자치도
25876,h004330,점보빌리지,5.0,제주특별자치도
25877,h004330,노형수퍼마켙,5.0,제주특별자치도
25878,h004330,협재해수욕장,3.0,제주특별자치도
25879,h004330,신화 워터파크,5.0,제주특별자치도
25880,h004330,신화 워터파크,5.0,제주특별자치도
25881,h004330,액트몬 제주 중문점,2.6666666666666665,제주특별자치도
25882,h004330,신화 테마파크,3.0,제주특별자치도
25883,h004331,서귀포 매일 올레시장,5.0,제주특별자치도
25884,h004331,남원큰엉해변,5.0,제주특별자치도
25885,h004331,빛의 벙커,5.0,제주특별자치도
25886,h004331,김녕해수욕장,5.0,제주특별자치도
25887,h004331,만장굴,3.0,제주특별자치도
25888,h004331,제주동문시장,5.0,제주특별자치도
25889,h004331,자매 국수,3.0,제주특별자치도
25890,h004331,이호 테우해수욕장,5.0,제주특별자치도
25891,h004332,오저여,3.3333333333333335,제주특별자치도
25892,h004332,해맞이 해안로,3.3333333333333335,
25893,h004332,행원 연대봉,4.333333333333333,제주특별자치도
25894,h004332,해맞이 해안로,3.3333333333333335,
25895,h004332,용연계곡,3.6666666666666665,제주특별자치도
25896,h004332,제주동문재래시장,4.0,제주특별자치도
25897,h004348,천제연폭포,3.6666666666666665,제주특별자치도
25898,h004348,중문색달해수욕장,3.6666666666666665,제주특별자치도
25899,h004351,함덕해수욕장,5.0,제주특별자치도
25900,h004351,함덕해수욕장,5.0,제주특별자치도
25901,h004359,제주동문시장,4.333333333333333,제주특별자치도
25902,h004359,함덕해수욕장,5.0,제주특별자치도
25903,h004359,함덕해수욕장,5.0,제주특별자치도
25904,h004359,김녕해수욕장,5.0,제주특별자치도
25905,h004359,아부오름,5.0,제주특별자치도
25906,h004359,함덕해수욕장,5.0,제주특별자치도
25907,h004361,신화 워터파크,2.0,제주특별자치도
25908,h004361,런던 베이글 뮤지엄 제주점,2.3333333333333335,제주특별자치도
25909,h004361,삼양해수욕장,5.0,제주특별자치도
25910,h004361,용연 구름다리,5.0,제주특별자치도
25911,h004362,제주동문시장,4.0,제주특별자치도
25912,h004362,판포 포구,5.0,제주특별자치도
25913,h004362,협재해수욕장,5.0,제주특별자치도
25914,h004362,문도지오름,5.0,제주특별자치도
25915,h004363,성이시돌목장,4.0,제주특별자치도
25916,h004363,금오름,4.0,제주특별자치도
25917,h004363,협재해수욕장,4.0,제주특별자치도
25918,h004363,금능해수욕장,4.0,제주특별자치도
25919,h004363,한담 해안산책로,3.6666666666666665,제주특별자치도
25920,h004365,에코랜드 테마파크,5.0,제주특별자치도
25921,h004365,뽀로로 앤 타요 테마파크 제주,5.0,제주특별자치도
25922,h004365,협재해수욕장,5.0,제주특별자치도
25923,h004376,항파두리 항몽 유적지,4.0,제주특별자치도
25924,h004376,호텔 샌드,2.6666666666666665,제주특별자치도
25925,h004376,협재해수욕장,4.0,제주특별자치도
25926,h004376,신창 풍차 해안,4.0,제주특별자치도
25927,h004376,수월봉,4.0,제주특별자치도
25928,h004376,이마트 서귀포점,4.0,제주특별자치도
25929,h004376,산방산 탄산온천,5.0,제주특별자치도
25930,h004376,인스밀,3.6666666666666665,제주특별자치도
25931,h004376,사계해변,4.0,제주특별자치도
25932,h004376,논짓물해변,3.0,제주특별자치도
25933,h004376,이중섭미술관,2.6666666666666665,제주특별자치도
25934,h004376,서귀포 매일 올레시장,4.0,제주특별자치도
25935,h004376,보롬왓,4.0,제주특별자치도
25936,h004376,비자림,3.6666666666666665,제주특별자치도
25937,h004376,덕인당 보리빵,4.0,제주특별자치도
25938,h004385,성산일출봉,5.0,제주특별자치도
25939,h004385,김녕해수욕장,5.0,제주특별자치도
25940,h004385,서어봉,2.3333333333333335,제주특별자치도
25941,h004385,윗세오름,5.0,제주특별자치도
25942,h004385,함덕해수욕장,5.0,제주특별자치도
25943,h004385,제주동문시장,5.0,제주특별자치도
25944,h004385,함덕해수욕장,5.0,제주특별자치도
25945,h004386,돌 염전,3.0,제주특별자치도
25946,h004386,가르 송티 미드 제주점,4.333333333333333,제주특별자치도
25947,h004386,협재해수욕장,4.666666666666667,제주특별자치도
25948,h004386,판포 포구,1.3333333333333333,제주특별자치도
25949,h004386,서귀포 매일 올레시장,4.333333333333333,제주특별자치도
25950,h004386,원앙폭포,5.0,제주특별자치도
25951,h004386,허니문하우스,4.666666666666667,제주특별자치도
25952,h004386,중문색달해수욕장,4.333333333333333,제주특별자치도
25953,h004386,비밀의 숲,5.0,제주특별자치도
25954,h004386,월정리 해수욕장,5.0,제주특별자치도
25955,h004386,김녕해수욕장,3.0,제주특별자치도
25956,h004398,올레길 18코스(제주 원도심-조천 올레),5.0,제주특별자치도
25957,h004398,주정공장 수용소 4.3역사관,5.0,제주특별자치도
25958,h004398,사라봉,5.0,제주특별자치도
25959,h004398,올레길 18코스(제주 원도심-조천 올레),5.0,제주특별자치도
25960,h004398,삼양해수욕장,5.0,제주특별자치도
25961,h004398,올레길 18코스(제주 원도심-조천 올레),5.0,제주특별자치도
25962,h004399,빛의 벙커,2.0,제주특별자치도
25963,h004399,성산일출봉,4.333333333333333,제주특별자치도
25964,h004402,오조포구,2.3333333333333335,제주특별자치도
25965,h004404,송악산,5.0,제주특별자치도
25966,h004404,안덕계곡,5.0,제주특별자치도
25967,h004406,오설록 티 뮤지엄,4.0,제주특별자치도
25968,h004406,오설록 티 뮤지엄,4.0,제주특별자치도
25969,h004406,대정 오일시장,2.3333333333333335,제주특별자치도
25970,h004406,약천사,4.0,제주특별자치도
25971,h004406,법화사,5.0,제주특별자치도
25972,h004410,우도,4.333333333333333,제주특별자치도
25973,h004410,빛의 벙커,4.333333333333333,제주특별자치도
25974,h004410,세화해변,4.333333333333333,제주특별자치도
25975,h004410,월정리 해수욕장,4.333333333333333,제주특별자치도
25976,h004410,섭지코지,4.333333333333333,제주특별자치도
25977,h004410,제주종합 경기장,4.333333333333333,제주특별자치도
25978,h004410,이호 테우해수욕장,4.333333333333333,제주특별자치도
25979,h004411,롯데몰 김포공항점,4.0,서울
25980,h004411,민오름,4.0,제주특별자치도
25981,h004411,섭지코지,4.0,제주특별자치도
25982,h004411,금능해수욕장,4.0,제주특별자치도
25983,h004411,제주동문시장,3.6666666666666665,제주특별자치도
25984,h004411,성이시돌목장,4.0,제주특별자치도
25985,h004415,카페 모알보알,3.6666666666666665,제주특별자치도
25986,h004415,섭지코지,4.333333333333333,제주특별자치도
25987,h004415,행원 해변,4.333333333333333,제주특별자치도
25988,h004415,서귀포 매일 올레시장,5.0,제주특별자치도
25989,h004415,신화 워터파크,4.666666666666667,제주특별자치도
25990,h004415,신화 워터파크,5.0,제주특별자치도
25991,h004415,신화 테마파크,3.3333333333333335,제주특별자치도
25992,h004415,곽지해수욕장,3.0,제주특별자치도
25993,h004415,용마 마을,3.0,
25994,h004427,월령포구,4.0,제주특별자치도
25995,h004427,중문색달해수욕장,4.333333333333333,제주특별자치도
25996,h004427,서귀포 매일 올레시장,4.0,제주특별자치도
25997,h004427,소노캄 제주,5.0,제주특별자치도
25998,h004427,드르쿰다in성산,3.6666666666666665,제주특별자치도
25999,h004427,행원 해변,5.0,제주특별자치도
26000,h004427,김녕해수욕장,2.6666666666666665,제주특별자치도
26001,h004427,신비의도로,2.0,제주특별자치도
26002,h004427,이마트 신제주점,3.3333333333333335,제주특별자치도
26003,h004446,용두암,4.666666666666667,제주특별자치도
26004,h004446,김녕해수욕장,5.0,제주특별자치도
26005,h004446,비밀의 숲,5.0,제주특별자치도
26006,h004446,백약이 오름,5.0,제주특별자치도
26007,h004446,성산일출봉,5.0,제주특별자치도
26008,h004446,광치기 해변,2.6666666666666665,제주특별자치도
26009,h004446,섭지코지,5.0,제주특별자치도
26010,h004446,서귀포 매일 올레시장,5.0,제주특별자치도
26011,h004446,이중섭미술관,5.0,제주특별자치도
26012,h004446,천지연폭포,5.0,제주특별자치도
26013,h004446,노형수퍼마켙,5.0,제주특별자치도
26014,h004459,아르떼 뮤지엄 제주,5.0,제주특별자치도
26015,h004459,포도 뮤지엄,4.333333333333333,제주특별자치도
26016,h004459,세계 자동차 피아노 박물관,2.3333333333333335,제주특별자치도
26017,h004459,본태 박물관,4.333333333333333,제주특별자치도
26018,h004459,방주교회,4.333333333333333,제주특별자치도
26019,h004459,군산,4.333333333333333,제주특별자치도
26020,h004459,서귀포자연휴양림,4.333333333333333,제주특별자치도
26021,h004474,협재해수욕장,5.0,제주특별자치도
26022,h004474,액티브 파크,5.0,제주특별자치도
26023,h004474,소인국테마파크,4.666666666666667,제주특별자치도
26024,h004474,천제연폭포,4.666666666666667,제주특별자치도
26025,h004474,제주관광공사 지정면세점,5.0,제주특별자치도
26026,h004474,올레 야시장,5.0,제주특별자치도
26027,h004474,돌멩이 감성 소품,5.0,제주특별자치도
26028,h004474,제주 국제공항,5.0,제주특별자치도
26029,h004492,곽지해수욕장,3.6666666666666665,제주특별자치도
26030,h004499,성산일출봉,4.0,제주특별자치도
26031,h004499,쇠소깍,5.0,제주특별자치도
26032,h004499,허니문하우스,2.6666666666666665,제주특별자치도
26033,h004499,서귀포 매일 올레시장,4.0,제주특별자치도
26034,h004499,포도 뮤지엄,5.0,제주특별자치도
26035,h004515,금오름,4.0,제주특별자치도
26036,h004515,우도,5.0,제주특별자치도
26037,h004517,이중섭거리,3.0,제주특별자치도
26038,h004517,새연교,4.0,제주특별자치도
26039,h004523,사계해변,5.0,제주특별자치도
26040,h004523,천지연폭포,5.0,제주특별자치도
26041,h004523,쇠소깍,5.0,제주특별자치도
26042,h004523,판포 포구,5.0,제주특별자치도
26043,h004523,제주동문재래시장,3.0,제주특별자치도
26044,h004523,금능해수욕장,5.0,제주특별자치도
26045,h004523,애월 카페거리,5.0,제주특별자치도
26046,h004523,도두동 무지개 해안도로,5.0,제주특별자치도
26047,h004523,어영공원,5.0,제주특별자치도
26048,h004523,이호 테우해수욕장,5.0,제주특별자치도
26049,h004530,제주동문시장,3.0,제주특별자치도
26050,h004530,남해수산,5.0,제주특별자치도
26051,h004530,협재해수욕장,5.0,제주특별자치도
26052,h004530,판포 포구,3.3333333333333335,제주특별자치도
26053,h004530,협재해수욕장,5.0,제주특별자치도
26054,h004530,협재해수욕장,5.0,제주특별자치도
26055,h004530,제주아트서커스,5.0,제주특별자치도
26056,h004530,기흥어물,4.333333333333333,제주특별자치도
26057,h004530,제주동문시장,5.0,제주특별자치도
26058,h004530,아베베 베이커리,5.0,제주특별자치도
26059,h004543,곽지해수욕장,4.0,제주특별자치도
26060,h004543,협재해수욕장,5.0,제주특별자치도
26061,h004543,서귀포 매일 올레시장,5.0,제주특별자치도
26062,h004543,천지연폭포,5.0,제주특별자치도
26063,h004543,정방폭포,5.0,제주특별자치도
26064,h004543,테디베어뮤지엄 제주점,5.0,제주특별자치도
26065,h004543,황위치해변,3.0,제주특별자치도
26066,h004543,루나폴,5.0,제주특별자치도
26067,h004543,광치기 해변,4.0,제주특별자치도
26068,h004543,성산일출봉,4.0,제주특별자치도
26069,h004552,월령포구,5.0,제주특별자치도
26070,h004552,성이시돌목장,1.6666666666666667,제주특별자치도
26071,h004552,송악산 둘레길,5.0,제주특별자치도
26072,h004552,서귀포 유람선,3.3333333333333335,제주특별자치도
26073,h004552,약천사,1.6666666666666667,제주특별자치도
26074,h004552,천제연폭포,3.3333333333333335,제주특별자치도
26075,h004552,산방산 탄산온천,2.3333333333333335,제주특별자치도
26076,h004573,서어봉,3.0,제주특별자치도
26077,h004573,창금,3.6666666666666665,제주특별자치도
26078,h004573,세기알 해변,3.0,제주특별자치도
26079,h004573,행원 해변,5.0,제주특별자치도
26080,h004573,오저여,5.0,제주특별자치도
26081,h004573,9.81파크,5.0,제주특별자치도
26082,h004573,제주동문시장,5.0,제주특별자치도
26083,h004573,제동목장 입구 교차로,5.0,제주특별자치도
26084,h004577,송당 무끈모루,5.0,제주특별자치도
26085,h004577,인터포레스트,5.0,제주특별자치도
26086,h004577,행원 해변,5.0,제주특별자치도
26087,h004579,다이소 용담점,4.666666666666667,제주특별자치도
26088,h004579,성이시돌목장,5.0,제주특별자치도
26089,h004579,판포 포구,5.0,제주특별자치도
26090,h004579,협재해수욕장,5.0,제주특별자치도
26091,h004579,제주동문시장,5.0,제주특별자치도
26092,h004593,제주동문시장,5.0,제주특별자치도
26093,h004593,비자림,5.0,제주특별자치도
26094,h004593,만장굴,5.0,제주특별자치도
26095,h004593,사계해변,5.0,제주특별자치도
26096,h004593,금오름,4.0,제주특별자치도
26097,h004593,협재해수욕장,5.0,제주특별자치도
26098,h004593,디앤디파트먼트 제주,5.0,제주특별자치도
26099,h004593,도두동 무지개 해안도로,5.0,제주특별자치도
26100,h004611,판포 포구,4.0,제주특별자치도
26101,h004611,브릭 캠퍼스 제주,3.0,제주특별자치도
26102,h004611,제주동문시장,4.0,제주특별자치도
26103,h004611,아쿠아 플라넷 제주,4.0,제주특별자치도
26104,h004611,김녕해수욕장,4.0,제주특별자치도
26105,h004621,올레길 17코스(광령-제주 원도심 올레),4.666666666666667,제주특별자치도
26106,h004621,제주종합 경기장,5.0,제주특별자치도
26107,h004636,협재해수욕장,5.0,제주특별자치도
26108,h004636,씽씽 전기자전거,5.0,제주특별자치도
26109,h004636,월령포구,5.0,제주특별자치도
26110,h004640,세기알 해변,5.0,제주특별자치도
26111,h004640,비밀의 숲,5.0,제주특별자치도
26112,h004640,아쿠아 플라넷 제주,5.0,제주특별자치도
26113,h004640,원앙폭포,5.0,제주특별자치도
26114,h004640,서귀포 매일 올레시장,2.6666666666666665,제주특별자치도
26115,h004640,루나폴,4.333333333333333,제주특별자치도
26116,h004640,금오름,5.0,제주특별자치도
26117,h004640,서부농업기술센터,2.3333333333333335,제주특별자치도
26118,h004640,이호 테우해수욕장,5.0,제주특별자치도
26119,h004654,제주동문재래시장,3.6666666666666665,제주특별자치도
26120,h004654,산지천,4.0,제주특별자치도
26121,h004654,탑동 광장,4.333333333333333,제주특별자치도
26122,h004654,금오름,5.0,제주특별자치도
26123,h004654,금능해수욕장,5.0,제주특별자치도
26124,h004654,성이시돌목장,2.6666666666666665,제주특별자치도
26125,h004654,차귀도 포구,5.0,제주특별자치도
26126,h004654,송당 무끈모루,5.0,제주특별자치도
26127,h004654,비밀의 숲,4.333333333333333,제주특별자치도
26128,h004654,스누피가든,5.0,제주특별자치도
26129,h004654,평대리 해수욕장,4.333333333333333,제주특별자치도
26130,h004654,우리 회수산,2.6666666666666665,제주특별자치도
26131,h004654,런던 베이글 뮤지엄 제주점,4.0,제주특별자치도
26132,h004654,청굴물,5.0,제주특별자치도
26133,h004654,오저여,5.0,제주특별자치도
26134,h004654,김녕해수욕장,5.0,제주특별자치도
26135,h004654,서어봉 산책로,5.0,제주특별자치도
26136,h004654,월정리 해안도로,5.0,제주특별자치도
26137,h004660,청굴물,5.0,제주특별자치도
26138,h004660,오조포구,2.0,제주특별자치도
26139,h004660,브라보 비치,5.0,제주특별자치도
26140,h004660,창금,5.0,제주특별자치도
26141,h004660,도두봉,5.0,제주특별자치도
26142,h004660,제주동문시장,3.0,제주특별자치도
26143,h004696,김녕해수욕장,4.666666666666667,제주특별자치도
26144,h004696,성산일출봉,5.0,제주특별자치도
26145,h004696,섭지코지,5.0,제주특별자치도
26146,h004696,아쿠아 플라넷 제주,5.0,제주특별자치도
26147,h004696,천지연폭포,5.0,제주특별자치도
26148,h004696,서귀포 매일 올레시장,5.0,제주특별자치도
26149,h004696,판포 포구,5.0,제주특별자치도
26150,h004703,판포 포구,4.666666666666667,제주특별자치도
26151,h004703,월령포구,4.0,제주특별자치도
26152,h004703,금능해수욕장,3.6666666666666665,제주특별자치도
26153,h004703,산방산 탄산온천,5.0,제주특별자치도
26154,h004703,가파도,3.6666666666666665,제주특별자치도
26155,h004703,월평포구,4.0,제주특별자치도
26156,h004703,협재해수욕장,4.333333333333333,제주특별자치도
26157,h004703,원앙폭포,5.0,제주특별자치도
26158,h004703,도리빨,4.333333333333333,제주특별자치도
26159,h004703,세기알 해변,5.0,제주특별자치도
26160,h004703,사계해변,4.0,제주특별자치도
26161,h004712,아르떼 뮤지엄 제주,3.6666666666666665,제주특별자치도
26162,h004712,뿔소라공원,3.0,제주특별자치도
26163,h004712,협재해수욕장,4.333333333333333,제주특별자치도
26164,h004721,제주동문시장,3.0,제주특별자치도
26165,h004721,비자림,5.0,제주특별자치도
26166,h004721,목장 카페 밭디,4.0,제주특별자치도
26167,h004721,용눈이오름,5.0,제주특별자치도
26168,h004721,오저여,5.0,제주특별자치도
26169,h004732,금오름,4.0,제주특별자치도
26170,h004732,문도지오름,5.0,제주특별자치도
26171,h004732,협재해수욕장,3.6666666666666665,제주특별자치도
26172,h004732,제주동문시장,4.0,제주특별자치도
26173,h004739,제주동문시장,4.0,제주특별자치도
26174,h004739,비밀의 숲,5.0,제주특별자치도
26175,h004739,김녕해수욕장,5.0,제주특별자치도
26176,h004739,행원 해변,3.3333333333333335,제주특별자치도
26177,h004739,제주동문시장,3.3333333333333335,제주특별자치도
26178,h004739,한담 몰,4.0,제주특별자치도
26179,h004739,애월 카페거리,5.0,제주특별자치도
26180,h004739,한담 해안산책로,5.0,제주특별자치도
26181,h004746,신비의도로,2.0,제주특별자치도
26182,h004746,소라의 성,4.0,제주특별자치도
26183,h004746,행원 해변,5.0,제주특별자치도
26184,h004752,곽지해수욕장,3.0,제주특별자치도
26185,h004752,이마트 신제주점,4.0,제주특별자치도
26186,h004755,법환포구,3.6666666666666665,제주특별자치도
26187,h004756,스타벅스 제주 용담 DT 점,3.3333333333333335,제주특별자치도
26188,h004756,11고지 습지,5.0,제주특별자치도
26189,h004756,새별 오름,5.0,제주특별자치도
26190,h004756,테디베어 하우스 테지움 제주점,3.3333333333333335,제주특별자치도
26191,h004756,남원큰엉해변,3.3333333333333335,제주특별자치도
26192,h004756,천지연폭포,5.0,제주특별자치도
26193,h004756,제주동문시장,5.0,제주특별자치도
26194,h004757,제주동문재래시장,5.0,제주특별자치도
26195,h004757,협재해수욕장,3.6666666666666665,제주특별자치도
26196,h004757,금오름,5.0,제주특별자치도
26197,h004757,애월 카페거리,5.0,제주특별자치도
26198,h004757,사진 놀이터,5.0,제주특별자치도
26199,h004773,소금막해변,5.0,
26200,h004773,광치기 해변,4.333333333333333,제주특별자치도
26201,h004773,플레이스 캠프 제주,3.3333333333333335,제주특별자치도
26202,h004773,스누피가든,5.0,제주특별자치도
26203,h004796,제주동문시장,4.0,제주특별자치도
26204,h004796,서귀피안베이커리,5.0,제주특별자치도
26205,h004796,성산일출봉 농협 하나로마트,5.0,제주특별자치도
26206,h004796,스누피가든,5.0,제주특별자치도
26207,h004796,코난 해변,3.6666666666666665,
26208,h004796,만장굴,2.6666666666666665,제주특별자치도
26209,h004796,삼양해수욕장,5.0,제주특별자치도
26210,h004796,에오마르,5.0,제주특별자치도
26211,h004845,올래국수 본점,5.0,제주특별자치도
26212,h004845,윈드 1947카트 테마파크,3.6666666666666665,제주특별자치도
26213,h004845,천지연폭포,5.0,제주특별자치도
26214,h004845,금능해수욕장,5.0,제주특별자치도
26215,h004845,피겨 뮤지엄 제주,5.0,제주특별자치도
26216,h004845,오설록 티 뮤지엄,5.0,제주특별자치도
26217,h004845,만장굴,5.0,제주특별자치도
26218,h004851,김녕해수욕장,4.0,제주특별자치도
26219,h004851,오저여,5.0,제주특별자치도
26220,h004851,종달리 746,3.6666666666666665,제주특별자치도
26221,h004851,소심한 책방,3.3333333333333335,제주특별자치도
26222,h004851,책 약방,1.6666666666666667,제주특별자치도
26223,h004851,디앤디파트먼트 제주,2.6666666666666665,제주특별자치도
26224,h004860,함덕해수욕장,5.0,제주특별자치도
26225,h004860,제주동문시장,3.3333333333333335,제주특별자치도
26226,h004860,사려니숲길,5.0,제주특별자치도
26227,h004860,한담 해안산책로,3.3333333333333335,제주특별자치도
26228,h004860,이호 테우해수욕장,4.0,제주특별자치도
26229,h004860,금오름,4.0,제주특별자치도
26230,h004860,협재해수욕장,4.0,제주특별자치도
26231,h004865,바이 제주,5.0,제주특별자치도
26232,h004865,모퉁이 옷장,3.0,제주특별자치도
26233,h004865,제주중앙 지하상가,4.0,제주특별자치도
26234,h004865,제주동문시장,4.0,제주특별자치도
26235,h004876,함덕해수욕장,4.0,제주특별자치도
26236,h004876,런던 베이글 뮤지엄 제주점,3.6666666666666665,제주특별자치도
26237,h004876,우도,4.0,제주특별자치도
26238,h004876,협재해수욕장,5.0,제주특별자치도
26239,h004876,곽지해수욕장,5.0,제주특별자치도
26240,h004877,방주교회,3.0,제주특별자치도
26241,h004895,세기알 해변,4.666666666666667,제주특별자치도
26242,h004895,행원 해변,5.0,제주특별자치도
26243,h004895,함덕해수욕장,4.0,제주특별자치도
26244,h004895,월정서핑 랑서프,5.0,제주특별자치도
26245,h004895,소천지,3.0,제주특별자치도
26246,h004895,제주 해비치호텔 앤리조트 수영장 1,5.0,제주특별자치도
26247,h004895,제주 해비치호텔 앤리조트 수영장 1,5.0,제주특별자치도
26248,h004895,해비치 호텔&리조트 제주,5.0,제주특별자치도
26249,h004895,빛의 벙커,5.0,제주특별자치도
26250,h004895,비밀의 숲,3.6666666666666665,제주특별자치도
26251,h004905,이호 테우해수욕장,4.0,제주특별자치도
26252,h004905,김녕해수욕장,5.0,제주특별자치도
26253,h004911,제주 해양레저사계,4.0,제주특별자치도
26254,h004911,알뜨르 비행장,2.6666666666666665,제주특별자치도
26255,h004911,산양큰엉곶,4.0,제주특별자치도
26256,h004911,제주도 나이,4.0,제주특별자치도
26257,h004911,서귀포 유람선,4.333333333333333,제주특별자치도
26258,h004911,상효인 수목원,4.333333333333333,제주특별자치도
26259,h004911,사려니숲길,2.0,제주특별자치도
26260,h004911,절물자연휴양림,4.0,제주특별자치도
26261,h004911,제주 4.3평화공원,3.6666666666666665,제주특별자치도
26262,h004919,한담 해안산책로,5.0,제주특별자치도
26263,h004919,신창 풍차 해안도로,5.0,제주특별자치도
26264,h004919,금오름,5.0,제주특별자치도
26265,h004919,쇠소깍,5.0,제주특별자치도
26266,h004919,윈드 1947카트 테마파크,5.0,제주특별자치도
26267,h004919,제주동문시장,5.0,제주특별자치도
26268,h004920,사계해변,2.6666666666666665,제주특별자치도
26269,h004920,서귀포 매일 올레시장,4.0,제주특별자치도
26270,h004920,송당 무끈모루,5.0,제주특별자치도
26271,h004920,비밀의 숲,5.0,제주특별자치도
26272,h004920,제주동문시장,3.6666666666666665,제주특별자치도
26273,h004920,인피니티리조트,5.0,제주특별자치도
26274,h004947,성산일출봉,3.6666666666666665,제주특별자치도
26275,h004947,비자림,3.6666666666666665,제주특별자치도
26276,h004947,함덕해수욕장,4.0,제주특별자치도
26277,h004947,용두암,3.6666666666666665,제주특별자치도
26278,h004947,도두동 무지개 해안도로,5.0,제주특별자치도
26279,h004947,산지 등대,3.3333333333333335,제주특별자치도
26280,h004947,관덕정,3.3333333333333335,제주특별자치도
26281,h004947,어영공원,3.6666666666666665,제주특별자치도
26282,h004947,비양도,4.0,제주특별자치도
26283,h004947,우도,4.0,제주특별자치도
26284,h004947,훈데르트바서 파크,5.0,제주특별자치도
26285,h004947,고양이 선장 카페,5.0,제주특별자치도
26286,h004949,항파두리 항몽 유적지,5.0,제주특별자치도
26287,h004949,알자 크지 해변,3.0,제주특별자치도
26288,h004949,이호 테우 등대,4.0,제주특별자치도
26289,h004962,서어봉,4.0,제주특별자치도
26290,h004962,함덕해수욕장,4.0,제주특별자치도
26291,h004962,제주 레저 힐링 축제,3.0,
26292,h004962,제주 레저 힐링 축제,4.0,
26293,h004968,곽지해수욕장,5.0,제주특별자치도
26294,h004968,협재해수욕장,5.0,제주특별자치도
26295,h004968,사계해변,4.0,제주특별자치도
26296,h004968,송악산,5.0,제주특별자치도
26297,h004968,제주동문시장,5.0,제주특별자치도
26298,h004970,광치기 해변,5.0,제주특별자치도
26299,h004970,빛의 벙커,5.0,제주특별자치도
26300,h004970,올레길 20코스(김녕-하도 올레),5.0,제주특별자치도
26301,h004970,평대리 해수욕장,5.0,제주특별자치도
26302,h004970,성산일출봉,5.0,제주특별자치도
26303,h004970,성산일출봉 농협 하나로마트,5.0,제주특별자치도
26304,h004970,솟솟리버스,5.0,제주특별자치도
26305,h004970,제주목 관아,5.0,제주특별자치도
26306,h004977,쇠소깍,4.0,제주특별자치도
26307,h004977,사계해변,4.0,제주특별자치도
26308,h004977,송악산,4.333333333333333,제주특별자치도
26309,h004977,금능해수욕장,5.0,제주특별자치도
26310,h004992,함덕 북촌마을 길,4.0,제주특별자치도
26311,h004992,올레길 19코스(조천-김녕 올레),5.0,제주특별자치도
26312,h004997,비밀의 숲,5.0,제주특별자치도
26313,h004997,성산일출봉,4.333333333333333,제주특별자치도
26314,h004997,사계해변,4.0,제주특별자치도
26315,h004997,중문 대표 주상절리대,5.0,제주특별자치도
26316,h004997,천제연폭포,4.333333333333333,제주특별자치도
26317,h004997,더클리프,3.6666666666666665,제주특별자치도
26318,h004997,서귀포 매일 올레시장,5.0,제주특별자치도
26319,h004997,신화 테마파크,4.0,제주특별자치도
26320,h004997,협재해수욕장,5.0,제주특별자치도
26321,h004998,서귀포 매일 올레시장,5.0,제주특별자치도
26322,h004998,천지연폭포,5.0,제주특별자치도
26323,h004998,제주관광공사 지정면세점,3.6666666666666665,제주특별자치도
26324,h004998,서귀포 매일 올레시장,4.333333333333333,제주특별자치도
26325,h004999,표선해수욕장,4.666666666666667,제주특별자치도
26326,h005014,제주동문시장,4.666666666666667,제주특별자치도
26327,h005014,오설록 티 뮤지엄,2.3333333333333335,제주특별자치도
26328,h005014,제주동문시장,5.0,제주특별자치도
26329,h005014,제주동문시장,5.0,제주특별자치도
26330,h005017,세화해변,4.333333333333333,제주특별자치도
26331,h005017,세화해변,2.3333333333333335,제주특별자치도
26332,h005017,구좌농협 하나로마트 중부점,4.0,제주특별자치도
26333,h005017,하도 해변,4.666666666666667,제주특별자치도
26334,h005017,지미봉,5.0,제주특별자치도
26335,h005020,월정리 해수욕장,4.0,제주특별자치도
26336,h005020,행원 해변,5.0,제주특별자치도
26337,h005020,용두암,5.0,제주특별자치도
26338,h005020,용연 구름다리,5.0,제주특별자치도
26339,h005028,제주동문시장,5.0,제주특별자치도
26340,h005028,다이소 용담점,4.0,제주특별자치도
26341,h005028,돌 염전,5.0,제주특별자치도
26342,h005028,금오름,5.0,제주특별자치도
26343,h005028,한림수협 다목적 어업인 종합지원센터,5.0,제주특별자치도
26344,h005028,메리 아일랜드,5.0,제주특별자치도
26345,h005028,협재해수욕장,5.0,제주특별자치도
26346,h005028,이마트 신제주점,5.0,제주특별자치도
26347,h005037,중문색달해수욕장,4.0,제주특별자치도
26348,h005037,서귀포 매일 올레시장,4.0,제주특별자치도
26349,h005037,이중섭거리,3.0,제주특별자치도
26350,h005037,정방폭포,5.0,제주특별자치도
26351,h005037,제주동문재래시장,5.0,제주특별자치도
26352,h005037,누워 마루 거리,3.3333333333333335,
26353,h005044,천제연폭포,4.0,제주특별자치도
26354,h005044,포도 뮤지엄,5.0,제주특별자치도
26355,h005044,제주동문시장,3.3333333333333335,제주특별자치도
26356,h005044,이호 테우해수욕장,5.0,제주특별자치도
26357,h005044,오설록 티 뮤지엄,5.0,제주특별자치도
26358,h005044,오설록 티 뮤지엄,4.666666666666667,제주특별자치도
26359,h005044,한림공원,5.0,제주특별자치도
26360,h005044,노형수퍼마켙,3.6666666666666665,제주특별자치도
26361,h005044,도두봉,5.0,제주특별자치도
26362,h005052,애월 해안도로,4.666666666666667,
26363,h005052,마켓 제주,2.3333333333333335,제주특별자치도
26364,h005052,애월 돌고래 전망대,1.6666666666666667,제주특별자치도
26365,h005052,미유 애월점,3.0,제주특별자치도
26366,h005052,상가리 야자숲,5.0,제주특별자치도
26367,h005052,애월 카페거리,5.0,제주특별자치도
26368,h005052,제주동문재래시장,5.0,제주특별자치도
26369,h005058,제주동문시장,4.0,제주특별자치도
26370,h005058,국립제주박물관,5.0,제주특별자치도
26371,h005058,판포 포구,3.3333333333333335,제주특별자치도
26372,h005058,금능해수욕장,5.0,제주특별자치도
26373,h005058,제주 한림농협 하나로마트,5.0,제주특별자치도
26374,h005058,한림수협 위판장,5.0,제주특별자치도
26375,h005058,협재해수욕장,5.0,제주특별자치도
26376,h005058,오설록 티 뮤지엄,4.666666666666667,제주특별자치도
26377,h005058,신창 풍차 해안도로,3.3333333333333335,제주특별자치도
26378,h005058,제주 월령리 선인장 군락,4.0,제주특별자치도
26379,h005058,성이시돌목장,3.0,제주특별자치도
26380,h005058,한림수협 다목적 어업인 종합지원센터,5.0,제주특별자치도
26381,h005058,마트 킹 평택점,5.0,경기
26382,h005061,용두암,1.6666666666666667,제주특별자치도
26383,h005061,도두동 무지개 해안도로,3.6666666666666665,제주특별자치도
26384,h005061,새별 오름,5.0,제주특별자치도
26385,h005061,성이시돌목장,5.0,제주특별자치도
26386,h005061,서귀포 매일 올레시장,5.0,제주특별자치도
26387,h005061,서귀포 유람선,5.0,제주특별자치도
26388,h005061,천지연폭포,5.0,제주특별자치도
26389,h005061,사계해변,5.0,제주특별자치도
26390,h005061,금오름,5.0,제주특별자치도
26391,h005061,협재해수욕장,5.0,제주특별자치도
26392,h005061,판포 포구,5.0,제주특별자치도
26393,h005062,월정리 해수욕장,3.3333333333333335,제주특별자치도
26394,h005062,우도,5.0,제주특별자치도
26395,h005062,협재해수욕장,3.0,제주특별자치도
26396,h005062,곽지해수욕장,3.0,제주특별자치도
26397,h005063,수목원길 야시장,3.0,제주특별자치도
26398,h005063,협재해수욕장,4.0,제주특별자치도
26399,h005063,판포 포구,5.0,제주특별자치도
26400,h005063,판포 포구,5.0,제주특별자치도
26401,h005066,본태 박물관,3.6666666666666665,제주특별자치도
26402,h005066,윈드 1947카트 테마파크,4.0,제주특별자치도
26403,h005066,서귀포 매일 올레시장,4.0,제주특별자치도
26404,h005082,아르떼 뮤지엄 제주,4.0,제주특별자치도
26405,h005082,뽀로로 앤 타요 테마파크 제주,4.333333333333333,제주특별자치도
26406,h005082,점보빌리지,3.3333333333333335,제주특별자치도
26407,h005082,아쿠아 플라넷 제주,3.6666666666666665,제주특별자치도
26408,h005084,성산일출봉,5.0,제주특별자치도
26409,h005084,비자림,5.0,제주특별자치도
26410,h005086,천지연폭포,4.0,제주특별자치도
26411,h005086,여미지식물원,4.333333333333333,제주특별자치도
26412,h005086,중문색달해수욕장,5.0,제주특별자치도
26413,h005086,서귀포 매일 올레시장,5.0,제주특별자치도
26414,h005110,성산일출봉,4.0,제주특별자치도
26415,h005110,김녕해수욕장,5.0,제주특별자치도
26416,h005110,도두동 무지개 해안도로,5.0,제주특별자치도
26417,h005110,함덕해수욕장,5.0,제주특별자치도
26418,h005113,만장굴,5.0,제주특별자치도
26419,h005113,성산일출봉,5.0,제주특별자치도
26420,h005113,서귀포 매일 올레시장,5.0,제주특별자치도
26421,h005113,천지연폭포,5.0,제주특별자치도
26422,h005113,중문 대표 주상절리대,5.0,제주특별자치도
26423,h005113,오설록 티 뮤지엄,5.0,제주특별자치도
26424,h005113,오설록 티 뮤지엄,5.0,제주특별자치도
26425,h005113,협재해수욕장,5.0,제주특별자치도
26426,h005113,수목원길 야시장,5.0,제주특별자치도
26427,h005113,제주동문시장,5.0,제주특별자치도
26428,h005124,쇠소깍,5.0,제주특별자치도
26429,h005124,서귀포 매일 올레시장,4.0,제주특별자치도
26430,h005124,애월 해안도로,5.0,제주특별자치도
26431,h005124,제주 소품 숍 모이소,5.0,제주특별자치도
26432,h005124,제주동문시장,5.0,제주특별자치도
26433,h005136,함덕해수욕장,4.0,제주특별자치도
26434,h005136,함덕해수욕장,5.0,제주특별자치도
26435,h005136,함덕해수욕장,4.0,제주특별자치도
26436,h005136,함덕해수욕장,5.0,제주특별자치도
26437,h005136,제주 기념품 선물고팡 함덕점,5.0,제주특별자치도
26438,h005136,포토 랩 플러스 함덕점,4.0,제주특별자치도
26439,h005136,올레길 19코스(조천-김녕 올레),4.333333333333333,제주특별자치도
26440,h005138,수목원길 야시장,5.0,제주특별자치도
26441,h005138,사계해변,5.0,제주특별자치도
26442,h005138,협재해수욕장,5.0,제주특별자치도
26443,h005138,금오름,5.0,제주특별자치도
26444,h005138,아르떼 뮤지엄 제주,4.333333333333333,제주특별자치도
26445,h005138,사진 놀이터,3.3333333333333335,제주특별자치도
26446,h005138,도두동 무지개 해안도로,3.6666666666666665,제주특별자치도
26447,h005138,대평포구,3.6666666666666665,
26448,h005141,광치기 해변,5.0,제주특별자치도
26449,h005141,빛의 벙커,3.3333333333333335,제주특별자치도
26450,h005149,이호 테우해수욕장,5.0,제주특별자치도
26451,h005149,연대 포구,3.3333333333333335,제주특별자치도
26452,h005149,곽지해수욕장,5.0,제주특별자치도
26453,h005149,애월빵공장앤 카페,1.3333333333333333,제주특별자치도
26454,h005149,항파두리 항몽 유적지,5.0,제주특별자치도
26455,h005149,용연 구름다리,3.0,제주특별자치도
26456,h005149,수목원길 야시장,4.0,제주특별자치도
26457,h005149,제주동문시장,5.0,제주특별자치도
26458,h005149,이호 테우해수욕장,4.0,제주특별자치도
26459,h005150,방주교회,3.6666666666666665,제주특별자치도
26460,h005150,유동룡 이타미 준 미술관,4.666666666666667,제주특별자치도
26461,h005161,김녕해수욕장,5.0,제주특별자치도
26462,h005161,서어봉 산책로,5.0,제주특별자치도
26463,h005161,협재해수욕장,5.0,제주특별자치도
26464,h005161,9.81파크,5.0,제주특별자치도
26465,h005161,금오름,5.0,제주특별자치도
26466,h005161,바이 제주,5.0,제주특별자치도
26467,h005163,한라산국립공원 성판악탐방로,5.0,제주특별자치도
26468,h005163,한라산국립공원 성판악탐방로,5.0,제주특별자치도
26469,h005163,백록담,5.0,제주특별자치도
26470,h005163,이중섭거리,5.0,제주특별자치도
26471,h005163,판포 포구,5.0,제주특별자치도
26472,h005163,중문서핑스쿨&중문서핑샵,5.0,제주특별자치도
26473,h005163,서귀포 매일 올레시장,5.0,제주특별자치도
26474,h005163,논짓물해변,5.0,제주특별자치도
26475,h005177,도두봉,4.0,제주특별자치도
26476,h005177,도두동 무지개 해안도로,4.0,제주특별자치도
26477,h005177,제주동문재래시장,4.0,제주특별자치도
26478,h005177,천제연폭포,4.0,제주특별자치도
26479,h005177,제주신화 월드 쇼핑몰,4.0,제주특별자치도
26480,h005177,한담 해안산책로,4.0,제주특별자치도
26481,h005177,청굴물,4.0,제주특별자치도
26482,h005177,김녕해수욕장,4.0,제주특별자치도
26483,h005177,어영공원,4.0,제주특별자치도
26484,h005177,금오름,4.0,제주특별자치도
26485,h005177,제주동문시장,4.0,제주특별자치도
26486,h005177,이호 테우해수욕장,4.0,제주특별자치도
26487,h005181,서귀포 매일 올레시장,3.6666666666666665,제주특별자치도
26488,h005181,윈드 1947카트 테마파크,5.0,제주특별자치도
26489,h005181,천지연폭포,5.0,제주특별자치도
26490,h005181,오설록 티 뮤지엄,5.0,제주특별자치도
26491,h005181,세계 자동차 피아노 박물관,5.0,제주특별자치도
26492,h005181,도두봉,4.666666666666667,제주특별자치도
26493,h005184,판포 포구,4.333333333333333,제주특별자치도
26494,h005184,협재해수욕장,5.0,제주특별자치도
26495,h005184,제주동문시장,4.0,제주특별자치도
26496,h005184,월정리 해수욕장,4.333333333333333,제주특별자치도
26497,h005184,세화해변,5.0,제주특별자치도
26498,h005193,덕수초교 앞,4.0,제주특별자치도
26499,h005193,덕수초교 앞,5.0,제주특별자치도
26500,h005198,비밀의 숲,4.0,제주특별자치도
26501,h005198,스누피가든,4.666666666666667,제주특별자치도
26502,h005200,제동목장 입구 교차로,4.333333333333333,제주특별자치도
26503,h005200,아부오름,4.333333333333333,제주특별자치도
26504,h005200,비밀의 숲,4.666666666666667,제주특별자치도
26505,h005201,서어봉 산책로,4.666666666666667,제주특별자치도
26506,h005201,함덕해수욕장,5.0,제주특별자치도
26507,h005201,비밀의 숲,5.0,제주특별자치도
26508,h005201,제주동문시장,5.0,제주특별자치도
26509,h005201,상가리 야자숲,5.0,제주특별자치도
26510,h005201,오설록 티 뮤지엄,5.0,제주특별자치도
26511,h005201,월평포구,5.0,제주특별자치도
26512,h005201,천제연폭포,5.0,제주특별자치도
26513,h005201,휴애리 자연생활공원,4.666666666666667,제주특별자치도
26514,h005201,섭지코지,4.0,
26515,h005208,제주동문시장,4.0,제주특별자치도
26516,h005208,제주 웨이브 서핑,4.0,제주특별자치도
26517,h005208,제주해양레저파크,2.3333333333333335,제주특별자치도
26518,h005208,위이,4.0,제주특별자치도
26519,h005208,곽지해수욕장,4.0,제주특별자치도
26520,h005210,독도,5.0,경북
26521,h005210,행남해안산책로,4.0,경북
26522,h005210,독도박물관,3.6666666666666665,경북
26523,h005212,삼양해수욕장,5.0,제주특별자치도
26524,h005212,제주동문시장,4.666666666666667,제주특별자치도
26525,h005212,황이지 해안,2.6666666666666665,제주특별자치도
26526,h005212,천지연폭포,5.0,제주특별자치도
26527,h005212,송악산 둘레길,4.333333333333333,제주특별자치도
26528,h005212,신창풍차 전기자전거,5.0,제주특별자치도
26529,h005212,돌 염전,4.333333333333333,제주특별자치도
26530,h005212,제주동문시장,5.0,제주특별자치도
26531,h005212,9.81파크,5.0,제주특별자치도
26532,h005217,서귀포 매일 올레시장,3.0,제주특별자치도
26533,h005217,제주관광공사 지정면세점,5.0,제주특별자치도
26534,h005217,금능해수욕장,2.3333333333333335,제주특별자치도
26535,h005217,올레길 8코스(월평-대평 올레),5.0,제주특별자치도
26536,h005217,중문 대표 주상절리대,3.3333333333333335,제주특별자치도
26537,h005221,함덕해수욕장,5.0,제주특별자치도
26538,h005221,제주동문재래시장,3.3333333333333335,제주특별자치도
26539,h005221,에코랜드 테마파크,3.3333333333333335,제주특별자치도
26540,h005226,신화 워터파크,5.0,제주특별자치도
26541,h005226,신화 테마파크,4.0,제주특별자치도
26542,h005226,신화 워터파크,5.0,제주특별자치도
26543,h005226,신화 테마파크,5.0,제주특별자치도
26544,h005226,항파두리 항몽 유적지 나 홀로 나무,5.0,제주특별자치도
26545,h005232,통영중앙전통시장,4.0,경남
26546,h005233,협재해수욕장,5.0,제주특별자치도
26547,h005233,제주신라호텔 수영장,5.0,제주특별자치도
26548,h005233,제주신라호텔 수영장,5.0,제주특별자치도
26549,h005233,제주신라호텔 수영장,5.0,제주특별자치도
26550,h005233,창금,3.0,제주특별자치도
26551,h005233,함덕해수욕장,5.0,제주특별자치도
26552,h005233,제주동문시장,5.0,제주특별자치도
26553,h005234,수월봉,5.0,제주특별자치도
26554,h005234,제주 곶자왈 도립공원,5.0,제주특별자치도
26555,h005234,오설록 티 뮤지엄,5.0,제주특별자치도
26556,h005234,제동목장,5.0,제주특별자치도
26557,h005234,삼양해수욕장,4.666666666666667,제주특별자치도
26558,h005234,제주동문시장,4.0,제주특별자치도
26559,h005238,올레길 17코스(광령-제주 원도심 올레),3.0,제주특별자치도
26560,h005238,성산일출봉,4.0,제주특별자치도
26561,h005238,섭지코지,4.0,제주특별자치도
26562,h005238,금능해수욕장,4.0,제주특별자치도
26563,h005238,협재해수욕장,4.0,제주특별자치도
26564,h005245,판포 포구,5.0,제주특별자치도
26565,h005245,금능해수욕장,5.0,제주특별자치도
26566,h005245,원앙폭포,5.0,제주특별자치도
26567,h005245,김녕해수욕장,5.0,제주특별자치도
26568,h005252,도두동 무지개 해안도로,5.0,제주특별자치도
26569,h005252,금오름,5.0,제주특별자치도
26570,h005252,김녕해수욕장,5.0,제주특별자치도
26571,h005253,송악산,3.0,제주특별자치도
26572,h005253,노을해안길 1코스,3.3333333333333335,제주특별자치도
26573,h005253,곽지해수욕장,3.0,제주특별자치도
26574,h005253,도두항,4.666666666666667,제주특별자치도
26575,h005253,서부두 수산시장,1.3333333333333333,제주특별자치도
26576,h005253,하귀농협 하나로마트,1.3333333333333333,제주특별자치도
26577,h005253,도두항,3.0,제주특별자치도
26578,h005253,올레길 17코스(광령-제주 원도심 올레),5.0,제주특별자치도
26579,h005264,이호 테우해수욕장,2.0,제주특별자치도
26580,h005264,곽지해수욕장,4.0,제주특별자치도
26581,h005264,올레길 15-B코스(한림-고내 올레),5.0,제주특별자치도
26582,h005264,제주동문시장,3.3333333333333335,제주특별자치도
26583,h005264,김녕해수욕장,4.0,제주특별자치도
26584,h005264,제주동문재래시장,3.0,제주특별자치도
26585,h005264,사려니숲길,5.0,제주특별자치도
26586,h005264,휴애리 자연생활공원,3.0,제주특별자치도
26587,h005264,제주 허브동산,5.0,제주특별자치도
26588,h005264,함덕해수욕장,5.0,제주특별자치도
26589,h005267,범서프,5.0,제주특별자치도
26590,h005267,삼양해수욕장,5.0,제주특별자치도
26591,h005267,한라산국립공원 관음사 탐방로,5.0,제주특별자치도
26592,h005267,삼양해수욕장,3.0,제주특별자치도
26593,h005269,통영농협 하나로마트,5.0,경남
26594,h005269,비진도해수욕장,5.0,경남
26595,h005271,제주동문시장,5.0,제주특별자치도
26596,h005271,휴즐리 제주점,3.6666666666666665,제주특별자치도
26597,h005271,아르떼 뮤지엄 제주,3.6666666666666665,제주특별자치도
26598,h005271,협재해수욕장,4.0,제주특별자치도
26599,h005271,루나폴,5.0,제주특별자치도
26600,h005271,건강과 성 박물관,2.0,제주특별자치도
26601,h005271,서귀포 매일 올레시장,4.0,제주특별자치도
26602,h005271,빛의 벙커,5.0,제주특별자치도
26603,h005271,월정리 해수욕장,4.0,제주특별자치도
26604,h005271,제주동문시장,4.0,제주특별자치도
26605,h005274,제주 밭담 테마공원,5.0,제주특별자치도
26606,h005274,섭지코지,3.0,제주특별자치도
26607,h005274,세화 비치 서프숍,2.6666666666666665,제주특별자치도
26608,h005274,세화해변,5.0,제주특별자치도
26609,h005274,세화 비치 서프숍,3.0,제주특별자치도
26610,h005274,송당 무끈모루,3.3333333333333335,제주특별자치도
26611,h005274,백약이 오름,5.0,제주특별자치도
26612,h005274,월정리 해수욕장,3.3333333333333335,제주특별자치도
26613,h005280,비밀의 숲,5.0,제주특별자치도
26614,h005280,섭지코지,5.0,제주특별자치도
26615,h005280,금오름,5.0,제주특별자치도
26616,h005280,판포 포구,5.0,제주특별자치도
26617,h005288,본태 박물관,4.666666666666667,제주특별자치도
26618,h005288,포도 뮤지엄,4.666666666666667,제주특별자치도
26619,h005297,중문색달해수욕장,5.0,제주특별자치도
26620,h005297,하얘 포구,5.0,제주특별자치도
26621,h005297,제주동문시장,5.0,제주특별자치도
26622,h005298,998서프,5.0,제주특별자치도
26623,h005298,닭머르,5.0,제주특별자치도
26624,h005298,행원 해변,2.0,제주특별자치도
26625,h005298,성산일출봉,5.0,제주특별자치도
26626,h005298,광치기 해변,5.0,제주특별자치도
26627,h005298,원앙폭포,2.0,제주특별자치도
26628,h005298,산방산 랜드,3.0,제주특별자치도
26629,h005298,사계해변,3.6666666666666665,제주특별자치도
26630,h005298,제주동문시장,2.0,제주특별자치도
26631,h005305,행원 해변,5.0,제주특별자치도
26632,h005305,서어봉,5.0,제주특별자치도
26633,h005305,함덕해수욕장,5.0,제주특별자치도
26634,h005305,삼양해수욕장,5.0,제주특별자치도
26635,h005305,샛도 피물,5.0,제주특별자치도
26636,h005308,곽지해수욕장,3.0,제주특별자치도
26637,h005308,서귀포 매일 올레시장,3.0,제주특별자치도
26638,h005309,쇠소깍,3.3333333333333335,제주특별자치도
26639,h005309,제주 실탄사격장,5.0,제주특별자치도
26640,h005309,저지 오름,3.0,제주특별자치도
26641,h005309,올레 야시장,5.0,제주특별자치도
26642,h005309,제주항공 우주 박물관,4.333333333333333,제주특별자치도
26643,h005311,국립제주박물관,4.0,제주특별자치도
26644,h005311,삼양해수욕장,4.0,제주특별자치도
26645,h005311,닭머르,3.6666666666666665,제주특별자치도
26646,h005311,이호 테우해수욕장,4.0,제주특별자치도
26647,h005312,이호 테우해수욕장,3.3333333333333335,제주특별자치도
26648,h005312,곽지해수욕장,5.0,제주특별자치도
26649,h005312,캐럿 서프,3.6666666666666665,제주특별자치도
26650,h005312,산방산 탄산온천,5.0,제주특별자치도
26651,h005321,제주 4.3평화공원,5.0,제주특별자치도
26652,h005321,함덕해수욕장,5.0,제주특별자치도
26653,h005321,델문도 김녕점,5.0,제주특별자치도
26654,h005321,제주항공 우주 박물관,5.0,제주특별자치도
26655,h005322,도두봉 키세스존,5.0,제주특별자치도
26656,h005322,돌 염전,5.0,제주특별자치도
26657,h005322,신창 풍차 해안도로,4.666666666666667,제주특별자치도
26658,h005322,송악산 둘레길,5.0,제주특별자치도
26659,h005322,다구리 문화 예술공원,5.0,제주특별자치도
26660,h005322,소천지,5.0,제주특별자치도
26661,h005322,천지연폭포,5.0,제주특별자치도
26662,h005322,새연교,5.0,제주특별자치도
26663,h005322,약천사,5.0,제주특별자치도
26664,h005322,안덕계곡,5.0,제주특별자치도
26665,h005322,월평포구,5.0,제주특별자치도
26666,h005322,소정방폭포,5.0,제주특별자치도
26667,h005342,협재해수욕장,4.333333333333333,제주특별자치도
26668,h005342,유동룡 이타미 준 미술관,4.666666666666667,제주특별자치도
26669,h005342,제주도립 김창열 미술관,4.333333333333333,제주특별자치도
26670,h005342,협재해수욕장,4.333333333333333,제주특별자치도
26671,h005342,금능해수욕장,3.3333333333333335,제주특별자치도
26672,h005342,성산일출봉,3.3333333333333335,제주특별자치도
26673,h005345,한담 해안산책로,5.0,제주특별자치도
26674,h005345,아르떼 뮤지엄 제주,2.3333333333333335,제주특별자치도
26675,h005345,본태 박물관,5.0,제주특별자치도
26676,h005345,서귀포 매일 올레시장,4.666666666666667,제주특별자치도
26677,h005345,용연 구름다리,3.6666666666666665,제주특별자치도
26678,h005358,도두동 무지개 해안도로,4.333333333333333,제주특별자치도
26679,h005358,스타벅스 제주 서해안로 DT점 주차장,5.0,
26680,h005365,쉼표,4.0,제주특별자치도
26681,h005365,함덕해수욕장,3.6666666666666665,제주특별자치도
26682,h005365,루나폴,3.6666666666666665,제주특별자치도
26683,h005366,탑동 광장,4.0,제주특별자치도
26684,h005366,우도,4.333333333333333,제주특별자치도
26685,h005366,섭지코지,5.0,제주특별자치도
26686,h005366,김녕해수욕장,5.0,제주특별자치도
26687,h005366,제주동문시장,4.333333333333333,제주특별자치도
26688,h005367,환상숲 곶자왈 공원,3.3333333333333335,제주특별자치도
26689,h005367,퐁당 제주,2.3333333333333335,제주특별자치도
26690,h005367,돌 염전,2.6666666666666665,제주특별자치도
26691,h005367,귀덕바다 투명카약,2.0,제주특별자치도
26692,h005367,제주동문시장,4.333333333333333,제주특별자치도
26693,h005369,판포 포구,5.0,제주특별자치도
26694,h005369,서귀포 매일 올레시장,5.0,제주특별자치도
26695,h005369,9.81파크,5.0,제주특별자치도
26696,h005369,제주동문시장,5.0,제주특별자치도
26697,h005375,용연계곡,3.0,제주특별자치도
26698,h005375,용두암,4.0,제주특별자치도
26699,h005375,도두동 무지개 해안도로,5.0,제주특별자치도
26700,h005375,이호 테우해수욕장,5.0,제주특별자치도
26701,h005375,사려니숲길,5.0,제주특별자치도
26702,h005375,함덕해수욕장,5.0,제주특별자치도
26703,h005375,우리 회수산,5.0,제주특별자치도
26704,h005375,도두봉,5.0,제주특별자치도
26705,h005375,항파두리 항몽 유적지,3.0,제주특별자치도
26706,h005375,노형수퍼마켙,5.0,제주특별자치도
26707,h005377,애월 해안도로,3.6666666666666665,제주특별자치도
26708,h005377,코난 해변,5.0,
26709,h005377,월정리 해수욕장,4.0,제주특별자치도
26710,h005377,월정리 해안도로,4.0,제주특별자치도
26711,h005377,제주동문시장,4.0,제주특별자치도
26712,h005390,용두암,4.666666666666667,제주특별자치도
26713,h005390,롯데마트 제주점,5.0,제주특별자치도
26714,h005390,함덕해수욕장,5.0,제주특별자치도
26715,h005428,건강과 성 박물관,5.0,제주특별자치도
26716,h005428,서귀포 매일 올레시장,5.0,제주특별자치도
26717,h005428,올레길 7코스(서귀포-월평 올레),5.0,제주특별자치도
26718,h005428,오설록 티 뮤지엄,5.0,제주특별자치도
26719,h005428,협재해수욕장,5.0,제주특별자치도
26720,h005428,씽씽 전기자전거,5.0,제주특별자치도
26721,h005433,판포 포구,4.0,제주특별자치도
26722,h005433,델문도,4.0,제주특별자치도
26723,h005433,김녕해수욕장,4.0,제주특별자치도
26724,h005433,제주 레포츠 랜드,4.0,제주특별자치도
26725,h005433,월평포구,4.0,제주특별자치도
26726,h005433,쇠소깍,4.0,제주특별자치도
26727,h005433,9.81파크,4.0,제주특별자치도
26728,h005433,성산일출 해양도립공원,4.0,제주특별자치도
26729,h005434,행원 해변,5.0,제주특별자치도
26730,h005434,천지연폭포,3.3333333333333335,제주특별자치도
26731,h005435,용두암,3.0,제주특별자치도
26732,h005435,서귀포 매일 올레시장,1.0,제주특별자치도
26733,h005435,허니문하우스,5.0,제주특별자치도
26734,h005437,서귀포 매일 올레시장,5.0,제주특별자치도
26735,h005437,카멜리아힐,5.0,제주특별자치도
26736,h005441,테디베어 하우스 테지움 제주점,4.0,제주특별자치도
26737,h005441,이호 테우 등대,4.0,제주특별자치도
26738,h005441,도두동 무지개 해안도로,4.0,제주특별자치도
26739,h005441,김녕해수욕장,4.0,제주특별자치도
26740,h005441,성산일출봉,5.0,제주특별자치도
26741,h005441,우도,5.0,제주특별자치도
26742,h005441,스누피가든,5.0,제주특별자치도
26743,h005441,국립제주박물관,5.0,제주특별자치도
26744,h005448,성산일출봉,4.0,제주특별자치도
26745,h005448,청굴물,5.0,제주특별자치도
26746,h005448,행원 해변,5.0,제주특별자치도
26747,h005455,한라수목원,5.0,제주특별자치도
26748,h005455,송악산 둘레길,5.0,제주특별자치도
26749,h005455,서복전시관,5.0,제주특별자치도
26750,h005455,소정방폭포,5.0,제주특별자치도
26751,h005455,다구리 문화 예술공원,5.0,제주특별자치도
26752,h005455,김녕해수욕장,4.333333333333333,제주특별자치도
26753,h005455,용두암,5.0,제주특별자치도
26754,h005459,표선해수욕장,4.666666666666667,제주특별자치도
26755,h005459,새연교,5.0,제주특별자치도
26756,h005459,새별 오름,5.0,제주특별자치도
26757,h005459,누워 마루 거리,5.0,제주특별자치도
26758,h005461,용연 구름다리,4.0,제주특별자치도
26759,h005461,용두암,4.0,제주특별자치도
26760,h005461,이마트 신제주점,4.0,제주특별자치도
26761,h005461,함덕해수욕장,4.0,제주특별자치도
26762,h005461,제주동문시장,4.333333333333333,제주특별자치도
26763,h005461,큰엉,4.0,제주특별자치도
26764,h005461,남원큰엉해변,4.333333333333333,제주특별자치도
26765,h005461,도두동 무지개 해안도로,4.666666666666667,제주특별자치도
26766,h005461,도두동 무지개 해안도로,4.333333333333333,제주특별자치도
26767,h005462,한담 몰,4.0,제주특별자치도
26768,h005462,제주동문시장,5.0,제주특별자치도
26769,h005462,김녕해수욕장,5.0,제주특별자치도
26770,h005462,금오름,3.3333333333333335,제주특별자치도
26771,h005462,용연 구름다리,2.3333333333333335,제주특별자치도
26772,h005464,관덕정,5.0,제주특별자치도
26773,h005464,우도 i,5.0,제주특별자치도
26774,h005464,우도,5.0,제주특별자치도
26775,h005464,용두암,5.0,제주특별자치도
26776,h005464,우도,5.0,제주특별자치도
26777,h005464,제주동문시장,5.0,제주특별자치도
26778,h005464,도두봉,5.0,제주특별자치도
26779,h005464,도두동 무지개 해안도로,5.0,제주특별자치도
26780,h005464,이호 테우 등대,5.0,제주특별자치도
26781,h005464,제주동문시장,5.0,제주특별자치도
26782,h005464,노형수퍼마켙,5.0,제주특별자치도
26783,h005464,관덕정,5.0,제주특별자치도
26784,h005466,도두동 무지개 해안도로,4.0,제주특별자치도
26785,h005466,도두봉,4.666666666666667,제주특별자치도
26786,h005492,금오름,5.0,
26787,h005492,산양큰엉곶,5.0,제주특별자치도
26788,h005492,서귀포 유람선,3.6666666666666665,제주특별자치도
26789,h005492,상효인 수목원,4.666666666666667,제주특별자치도
26790,h005494,블랑 로쉐,3.6666666666666665,제주특별자치도
26791,h005494,우도,4.0,제주특별자치도
26792,h005494,우도,4.333333333333333,제주특별자치도
26793,h005494,스카이 워터쇼,4.0,제주특별자치도
26794,h005494,노형수퍼마켙,3.0,제주특별자치도
26795,h005494,제주드림타워,4.0,제주특별자치도
26796,h005495,오설록 티 뮤지엄,5.0,제주특별자치도
26797,h005501,윗세오름,3.0,제주특별자치도
26798,h005501,판포 포구,5.0,제주특별자치도
26799,h005509,용연 구름다리,2.6666666666666665,제주특별자치도
26800,h005509,용두암,2.3333333333333335,제주특별자치도
26801,h005509,바이 제주,3.3333333333333335,제주특별자치도
26802,h005509,애월 카페거리,4.333333333333333,제주특별자치도
26803,h005509,본태 박물관,4.333333333333333,제주특별자치도
26804,h005509,방주교회,3.6666666666666665,제주특별자치도
26805,h005509,아르떼 뮤지엄 제주,5.0,제주특별자치도
26806,h005509,수목원길 야시장,3.6666666666666665,제주특별자치도
26807,h005518,세화해변,5.0,제주특별자치도
26808,h005518,안돌오름,4.333333333333333,제주특별자치도
26809,h005518,안도라,5.0,제주특별자치도
26810,h005518,페이보릿,5.0,제주특별자치도
26811,h005518,금오름,5.0,제주특별자치도
26812,h005535,도두동 무지개 해안도로,5.0,제주특별자치도
26813,h005535,제주시 농협 하나로마트 노형점,4.0,제주특별자치도
26814,h005535,논짓물해변,5.0,제주특별자치도
26815,h005535,서귀포 유람선,3.3333333333333335,제주특별자치도
26816,h005535,새연교,4.333333333333333,제주특별자치도
26817,h005535,액트몬 제주 중문점,5.0,제주특별자치도
26818,h005535,제주아트서커스,5.0,제주특별자치도
26819,h005535,서울 앵무새 제주점,5.0,제주특별자치도
26820,h005535,로봇 플래닛,5.0,제주특별자치도
26821,h005535,오설록 티 뮤지엄,5.0,제주특별자치도
26822,h005535,점보빌리지,5.0,제주특별자치도
26823,h005535,협재해수욕장,5.0,제주특별자치도
26824,h005535,곽지해수욕장,5.0,제주특별자치도
26825,h005559,너븐숭이4.3기념관,5.0,제주특별자치도
26826,h005559,호텔 리젠트 마린,5.0,제주특별자치도
26827,h005559,제주목 관아,5.0,제주특별자치도
26828,h005559,동문 올레 수산,5.0,제주특별자치도
26829,h005559,제주 4.3평화공원,5.0,제주특별자치도
26830,h005559,주정공장 수용소 4.3역사관,5.0,제주특별자치도
26831,h005574,능가사,5.0,전남
26832,h005574,쑥섬,5.0,전남
26833,h005574,나로우주센터 우주과학관,5.0,전남
26834,h005574,염포해수욕장,1.6666666666666667,전남
26835,h005574,팔영산 편백 치유의 숲,3.6666666666666665,전남
26836,h005574,영남 용바위,3.0,전남
26837,h005574,녹동바다정원,5.0,전남
26838,h005574,순천 낙안읍성,5.0,전남
26839,h005580,절물자연휴양림,4.666666666666667,제주특별자치도
26840,h005580,함덕해수욕장,5.0,제주특별자치도
26841,h005583,제주 돌 문화공원,5.0,제주특별자치도
26842,h005583,제주 한림농협 하나로마트,4.333333333333333,제주특별자치도
26843,h005583,한림수협 다목적 어업인 종합지원센터,5.0,제주특별자치도
26844,h005583,한림수협 다목적 어업인 종합지원센터,5.0,제주특별자치도
26845,h005583,대기봉,3.6666666666666665,제주특별자치도
26846,h005583,노형수퍼마켙,5.0,제주특별자치도
26847,h005583,이마트 신제주점,5.0,제주특별자치도
26848,h005586,용두암,4.0,제주특별자치도
26849,h005586,용연 구름다리,2.6666666666666665,제주특별자치도
26850,h005586,정방폭포,5.0,제주특별자치도
26851,h005586,서귀포자연휴양림,2.3333333333333335,제주특별자치도
26852,h005586,만장굴,2.3333333333333335,제주특별자치도
26853,h005586,비자림,4.0,제주특별자치도
26854,h005589,서어봉,5.0,제주특별자치도
26855,h005589,평대리 해수욕장,2.3333333333333335,제주특별자치도
26856,h005589,삼양해수욕장,2.0,제주특별자치도
26857,h005589,성산일출봉,5.0,제주특별자치도
26858,h005589,곽지해수욕장,5.0,제주특별자치도
26859,h005590,한담 해안산책로,4.0,제주특별자치도
26860,h005590,협재해수욕장,4.0,제주특별자치도
26861,h005590,금오름,2.6666666666666665,제주특별자치도
26862,h005590,한담 해안산책로,4.0,제주특별자치도
26863,h005590,곽지해수욕장,4.0,제주특별자치도
26864,h005590,아르떼 뮤지엄 제주,2.0,제주특별자치도
26865,h005596,김영갑갤러리 두모악,5.0,제주특별자치도
26866,h005605,박수기정,4.0,제주특별자치도
26867,h005605,논짓물해변,5.0,제주특별자치도
26868,h005605,마농 르블랑,3.6666666666666665,제주특별자치도
26869,h005605,오설록 티 뮤지엄,4.0,제주특별자치도
26870,h005624,국립제주박물관,5.0,제주특별자치도
26871,h005624,문도지오름,4.666666666666667,제주특별자치도
26872,h005624,주주표 서 서핑스쿨,5.0,제주특별자치도
26873,h005629,제주동문시장,3.6666666666666665,제주특별자치도
26874,h005629,중문색달해수욕장,5.0,제주특별자치도
26875,h005629,제주동문재래시장,4.0,제주특별자치도
26876,h005629,섭지코지,4.333333333333333,제주특별자치도
26877,h005629,아쿠아 플라넷 제주,5.0,제주특별자치도
26878,h005629,용연계곡,3.0,제주특별자치도
26879,h005641,이호 테우해수욕장,5.0,제주특별자치도
26880,h005641,노티스 제주,4.0,제주특별자치도
26881,h005641,협재해수욕장,5.0,제주특별자치도
26882,h005641,항파두리 항몽 유적지,5.0,제주특별자치도
26883,h005641,제주동문시장,5.0,제주특별자치도
26884,h005641,이호 테우해수욕장,5.0,제주특별자치도
26885,h005644,도두동 무지개 해안도로,4.0,제주특별자치도
26886,h005644,쇠소깍,4.0,제주특별자치도
26887,h005644,사려니숲길,4.0,제주특별자치도
26888,h005644,협재해수욕장,4.0,제주특별자치도
26889,h005644,신창 풍차 해안,4.0,제주특별자치도
26890,h005655,포도 뮤지엄,4.0,제주특별자치도
26891,h005655,연동,4.0,제주특별자치도
26892,h005655,연동,5.0,제주특별자치도
26893,h005655,중문색달해수욕장,4.0,제주특별자치도
26894,h005655,기흥어물,5.0,제주특별자치도
26895,h005655,한라수목원,4.333333333333333,제주특별자치도
26896,h005655,제주동문시장,5.0,제주특별자치도
26897,h005655,이호 테우 등대,3.3333333333333335,제주특별자치도
26898,h005655,이호 테우해수욕장,4.0,제주특별자치도
26899,h005661,종달리 746,5.0,제주특별자치도
26900,h005661,세화해변,4.333333333333333,제주특별자치도
26901,h005661,평대리 해수욕장,3.6666666666666665,제주특별자치도
26902,h005661,청굴물,3.3333333333333335,제주특별자치도
26903,h005661,함덕해수욕장,5.0,제주특별자치도
26904,h005661,제주동문시장,3.0,제주특별자치도
26905,h005680,9.81파크,3.0,제주특별자치도
26906,h005680,오설록 티 뮤지엄,5.0,제주특별자치도
26907,h005680,피겨 뮤지엄 제주,5.0,제주특별자치도
26908,h005680,성산일출봉,5.0,제주특별자치도
26909,h005700,섭지코지,5.0,제주특별자치도
26910,h005700,표선해수욕장,5.0,제주특별자치도
26911,h005700,서귀포 매일 올레시장,3.3333333333333335,제주특별자치도
26912,h005700,천지연폭포,5.0,제주특별자치도
26913,h005700,중문 대표 주상절리대,5.0,제주특별자치도
26914,h005700,중문색달해수욕장,5.0,제주특별자치도
26915,h005713,월정리 해수욕장,4.0,제주특별자치도
26916,h005713,우도,3.6666666666666665,제주특별자치도
26917,h005713,뽀로로 앤 타요 테마파크 제주,4.666666666666667,제주특별자치도
26918,h005713,제주동문시장,4.0,제주특별자치도
26919,h005736,하트해변,5.0,전남
26920,h005736,자산어보 촬영지,5.0,전남
26921,h005746,9.81파크,4.0,제주특별자치도
26922,h005746,서귀포 매일 올레시장,4.0,제주특별자치도
26923,h005746,우도,4.0,제주특별자치도
26924,h005746,섭지코지,4.0,제주특별자치도
26925,h005746,해녀박물관,3.3333333333333335,제주특별자치도
26926,h005763,신화 워터파크,4.0,제주특별자치도
26927,h005763,제주신화 월드 쇼핑몰,4.0,제주특별자치도
26928,h005763,오설록 티 뮤지엄,4.0,제주특별자치도
26929,h005763,사계해변,4.0,제주특별자치도
26930,h005763,헬로키티 아일랜드,4.333333333333333,제주특별자치도
26931,h005771,이호 테우해수욕장,3.3333333333333335,제주특별자치도
26932,h005771,한담 해안산책로,3.6666666666666665,제주특별자치도
26933,h005771,협재해수욕장,4.333333333333333,제주특별자치도
26934,h005771,비밀의 숲,4.0,제주특별자치도
26935,h005771,제주특별자치도 민속자연사박물관,4.0,제주특별자치도
26936,h005771,제주동문재래시장,4.0,제주특별자치도
26937,h005771,도두동 무지개 해안도로,3.3333333333333335,제주특별자치도
26938,h005771,노형수퍼마켙,3.6666666666666665,제주특별자치도
26939,h005771,한라수목원,4.666666666666667,제주특별자치도
26940,h005798,금능해수욕장,5.0,제주특별자치도
26941,h005798,스타벅스 제주 서해안로 DT점 주차장,5.0,제주특별자치도
26942,h005798,용두암,5.0,제주특별자치도
26943,h005798,함덕해수욕장,5.0,제주특별자치도
26944,h005798,함덕해수욕장,5.0,제주특별자치도
26945,h005831,천지연폭포,3.6666666666666665,제주특별자치도
26946,h005831,서귀포 매일 올레시장,3.6666666666666665,제주특별자치도
26947,h005831,사려니숲길 붉은오름 입구,5.0,제주특별자치도
26948,h005831,섭지코지,4.0,제주특별자치도
26949,h005831,성산일출봉,4.333333333333333,제주특별자치도
26950,h005831,제주동문시장,4.0,제주특별자치도
26951,h005831,어영공원,5.0,제주특별자치도
26952,h005831,용두암,5.0,제주특별자치도
26953,h005841,탑동 광장,4.0,제주특별자치도
26954,h005841,젊은이의 광장,4.0,제주특별자치도
26955,h005841,호텔 리젠트 마린,3.0,제주특별자치도
26956,h005841,제주동문시장,5.0,제주특별자치도
26957,h005842,비밀의 숲,3.0,제주특별자치도
26958,h005842,김녕해수욕장,4.0,제주특별자치도
26959,h005842,함덕해수욕장,3.6666666666666665,제주특별자치도
26960,h005844,제주동문시장,5.0,제주특별자치도
26961,h005844,한담 해안산책로,5.0,제주특별자치도
26962,h005844,장한 철 생가,3.0,제주특별자치도
26963,h005844,협재해수욕장,5.0,제주특별자치도
26964,h005844,신창 풍차 해안도로,5.0,제주특별자치도
26965,h005844,문도지오름,5.0,제주특별자치도
26966,h005851,우무,5.0,제주특별자치도
26967,h005851,제주도립 김창열 미술관,5.0,제주특별자치도
26968,h005851,오설록 티 뮤지엄,5.0,제주특별자치도
26969,h005851,박수기정,5.0,제주특별자치도
26970,h005851,서귀포 매일 올레시장,4.0,제주특별자치도
26971,h005851,제주 투사관,4.0,제주특별자치도
26972,h005851,유동룡 이타미 준 미술관,5.0,제주특별자치도
26973,h005851,본태 박물관,5.0,제주특별자치도
26974,h005851,방주교회,5.0,제주특별자치도
26975,h005851,상정해 오름 노을길,5.0,제주특별자치도
26976,h005851,성산일출봉,5.0,제주특별자치도
26977,h005851,피닉스 제주 유민 미술관,5.0,제주특별자치도
26978,h005851,함덕해수욕장,5.0,
26979,h005857,금능해수욕장,5.0,제주특별자치도
26980,h005857,포도 뮤지엄,5.0,제주특별자치도
26981,h005857,영락리 방파제,5.0,제주특별자치도
26982,h005857,이호 테우해수욕장,5.0,제주특별자치도
26983,h005858,포도 뮤지엄,4.0,제주특별자치도
26984,h005858,소천지,4.0,제주특별자치도
26985,h005858,산방산 탄산온천,5.0,제주특별자치도
26986,h005858,군산,5.0,제주특별자치도
26987,h005865,신창 풍차 해안도로,5.0,제주특별자치도
26988,h005865,금오름,4.0,제주특별자치도
26989,h005865,메리 아일랜드,4.0,제주특별자치도
26990,h005865,서부농업기술센터,2.3333333333333335,제주특별자치도
26991,h005865,소색채본,3.6666666666666665,제주특별자치도
26992,h005865,산방 연대,5.0,제주특별자치도
26993,h005865,사계해변,3.3333333333333335,제주특별자치도
26994,h005884,함덕해수욕장,2.6666666666666665,제주특별자치도
26995,h005884,용눈이오름,4.333333333333333,제주특별자치도
26996,h005884,우도,3.3333333333333335,제주특별자치도
26997,h005884,노형수퍼마켙,3.0,제주특별자치도
26998,h005884,소길별하,5.0,제주특별자치도
26999,h005884,오설록 티 뮤지엄,5.0,제주특별자치도
27000,h005884,산양큰엉곶,4.333333333333333,제주특별자치도
27001,h005884,서귀포 매일 올레시장,4.666666666666667,제주특별자치도
27002,h005884,건강과 성 박물관,3.6666666666666665,제주특별자치도
27003,h005884,사계해변,4.333333333333333,제주특별자치도
27004,h005884,이호 테우 등대,3.0,제주특별자치도
27005,h005888,더클리프,5.0,제주특별자치도
27006,h005888,중문색달해수욕장,5.0,제주특별자치도
27007,h005888,곽지해수욕장,5.0,제주특별자치도
27008,h005889,노형수퍼마켙,5.0,제주특별자치도
27009,h005889,어영공원,5.0,제주특별자치도
27010,h005889,함덕해수욕장,5.0,제주특별자치도
27011,h005889,제주동문시장,3.6666666666666665,제주특별자치도
27012,h005889,사려니숲길,3.3333333333333335,제주특별자치도
27013,h005889,아쿠아 플라넷 제주,5.0,제주특별자치도
27014,h005912,용연 구름다리,3.6666666666666665,
27015,h005912,이호 테우 등대,5.0,제주특별자치도
27016,h005912,제주현대미술관,4.0,제주특별자치도
27017,h005912,문화 예술 공공수장고,4.0,제주특별자치도
27018,h005912,한라산국립공원 성판악탐방로,5.0,제주특별자치도
27019,h005917,금오름,4.333333333333333,제주특별자치도
27020,h005917,사계해변,3.3333333333333335,제주특별자치도
27021,h005917,서귀포 매일 올레시장,5.0,제주특별자치도
27022,h005917,두구리알,4.333333333333333,제주특별자치도
27023,h005917,우무,3.3333333333333335,제주특별자치도
27024,h005917,에코랜드 테마파크,4.0,제주특별자치도
27025,h005917,김녕해수욕장,4.0,제주특별자치도
27026,h005917,제주동문시장,5.0,제주특별자치도
27027,h005922,섭지코지,3.6666666666666665,제주특별자치도
27028,h005922,빛의 벙커,3.6666666666666665,제주특별자치도
27029,h005922,표선해수욕장,4.666666666666667,제주특별자치도
27030,h005922,이중섭거리,3.0,제주특별자치도
27031,h005922,서귀포 매일 올레시장,5.0,제주특별자치도
27032,h005922,엉또폭포,4.0,제주특별자치도
27033,h005951,곽지해수욕장,5.0,제주특별자치도
27034,h005953,바람의 언덕,5.0,경남
27035,h005953,학동 흑진주 몽돌해변,5.0,경남
27036,h005953,통영시립 박물관,3.0,경남
27037,h005953,통영 해상택시,5.0,경남
27038,h005953,디피랑,3.6666666666666665,경남
27039,h005953,스카이라인 루지 통영,5.0,경남
27040,h005953,통영 삼도수군통제영,5.0,경남
27041,h005953,충렬사,3.0,경남
27042,h005953,통 연달아 공원 달에 전망대,4.0,경남
27043,h005955,올레길 7코스(서귀포-월평 올레),5.0,제주특별자치도
27044,h005955,서귀포 매일 올레시장,5.0,제주특별자치도
27045,h005955,곽지해수욕장,5.0,제주특별자치도
27046,h005955,용두암,5.0,제주특별자치도
27047,h005958,이호 테우해수욕장,5.0,제주특별자치도
27048,h005958,금능해수욕장,3.6666666666666665,
27049,h005958,서귀피안베이커리,4.0,제주특별자치도
27050,h005958,광치기 해변,4.0,제주특별자치도
27051,h005958,함덕해수욕장,3.6666666666666665,제주특별자치도
27052,h005961,태화탕,5.0,제주특별자치도
27053,h005961,아르떼 뮤지엄 제주,5.0,제주특별자치도
27054,h005995,해군 영흥도 전적비,5.0,인천
27055,h005995,고양이 역 카페,5.0,인천
27056,h006037,옹암해변,3.6666666666666665,인천
27057,h006037,옹암해변,3.0,인천
27058,h006037,국사봉,3.6666666666666665,인천
27059,h006037,옹암해변,3.3333333333333335,인천
27060,h006071,걸리버 여행기,5.0,제주특별자치도
27061,h006071,우도,5.0,제주특별자치도
27062,h006071,우도,5.0,제주특별자치도
27063,h006071,제주동문수산시장,4.0,제주특별자치도
27064,h006071,용두암,2.6666666666666665,제주특별자치도
27065,h006071,용연 구름다리,4.333333333333333,제주특별자치도
27066,h006083,덕인당 보리빵,4.333333333333333,제주특별자치도
27067,h006083,우도,4.0,제주특별자치도
27068,h006083,백록담,5.0,제주특별자치도
27069,h006094,서귀포 매일 올레시장,3.3333333333333335,제주특별자치도
27070,h006094,이중섭거리,2.6666666666666665,제주특별자치도
27071,h006094,칠십리 음식특화거리,1.3333333333333333,제주특별자치도
27072,h006101,제주 성읍마을,3.6666666666666665,제주특별자치도
27073,h006101,오늘은 녹차 한 잔,5.0,제주특별자치도
27074,h006101,휴애리 자연생활공원,3.0,제주특별자치도
27075,h006102,용두암,3.3333333333333335,제주특별자치도
27076,h006102,제주동문재래시장,5.0,제주특별자치도
27077,h006102,제주도립 김창열 미술관,5.0,제주특별자치도
27078,h006114,진도향토문화회관,5.0,전남
27079,h006114,운림산방,3.6666666666666665,전남
27080,h006114,우수영 국민관광지,4.0,전남
27081,h006114,땅끝 전망대,5.0,전남
27082,h006127,영종역사관,3.6666666666666665,인천
27083,h006130,대부바다 향기테마파크,4.666666666666667,경기
27084,h006130,목섬(항도),4.0,인천
27085,h006130,해군 영흥도 전적비,4.0,인천
27086,h006130,노가리 해변,5.0,인천
27087,h006132,인천공항 전망대,4.666666666666667,인천
27088,h006150,함덕해수욕장,5.0,제주특별자치도
27089,h006150,세화해변,5.0,제주특별자치도
27090,h006150,우도,4.0,제주특별자치도
27091,h006150,비양도 등대,4.0,제주특별자치도
27092,h006150,우도,5.0,제주특별자치도
27093,h006150,제주동문시장,3.3333333333333335,제주특별자치도
27094,h006152,제주관광공사 지정면세점,1.3333333333333333,제주특별자치도
27095,h006152,중문색달해수욕장,5.0,제주특별자치도
27096,h006152,제주 부영 호텔 앤리조트,5.0,제주특별자치도
27097,h006152,베릿내오름,2.0,제주특별자치도
27098,h006152,테디베어뮤지엄 제주점,5.0,제주특별자치도
27099,h006152,올레길 8코스(월평-대평 올레),5.0,제주특별자치도
27100,h006152,천제연폭포,4.0,제주특별자치도
27101,h006162,통영농협 하나로마트,3.0,경남
27102,h006162,비진도해수욕장,4.0,경남
27103,h006162,비진도해수욕장,5.0,경남
27104,h006162,비진도해수욕장,5.0,경남
27105,h006175,용두암,3.6666666666666665,제주특별자치도
27106,h006175,함덕해수욕장,4.0,제주특별자치도
27107,h006177,대명항 수산물 직판장,3.3333333333333335,경기
27108,h006177,전등사,4.0,인천
27109,h006177,동막해수욕장,2.3333333333333335,인천
27110,h006177,대명항 수산물 직판장,3.3333333333333335,경기
27111,h006191,파라다이스 시티 씨메르,4.666666666666667,인천
27112,h006191,씨사이드 파크,3.0,인천
27113,h006192,산양큰엉곶,2.6666666666666665,제주특별자치도
27114,h006192,사계해변,3.0,제주특별자치도
27115,h006192,제주동문재래시장,5.0,제주특별자치도
27116,h006192,용연계곡,4.0,제주특별자치도
27117,h006192,용두암,2.6666666666666665,제주특별자치도
27118,h006192,이호 테우해수욕장,3.0,제주특별자치도
27119,h006215,이호 테우해수욕장,4.0,제주특별자치도
27120,h006215,협재해수욕장,5.0,제주특별자치도
27121,h006215,제주 월령리 선인장 군락,5.0,제주특별자치도
27122,h006215,논짓물해변,5.0,제주특별자치도
27123,h006215,신창 풍차 해안도로,4.333333333333333,제주특별자치도
27124,h006215,삼양해수욕장,3.0,제주특별자치도
27125,h006215,제주 항일기념관,5.0,제주특별자치도
27126,h006215,월정리 해수욕장,5.0,제주특별자치도
27127,h006215,김녕해수욕장,4.666666666666667,제주특별자치도
27128,h006215,함덕해수욕장,4.0,제주특별자치도
27129,h006222,우도,4.0,제주특별자치도
27130,h006222,비양도,3.6666666666666665,제주특별자치도
27131,h006222,우도,3.0,제주특별자치도
27132,h006222,우도,4.0,제주특별자치도
27133,h006225,산방산 탄산온천,5.0,제주특별자치도
27134,h006225,사계해변,2.3333333333333335,제주특별자치도
27135,h006283,하늘정원,5.0,인천
27136,h006283,영종 씨사이드 레일바이크,5.0,인천
27137,h006283,구읍뱃터,5.0,인천
27138,h006285,강화역사박물관,3.0,인천
27139,h006285,강화 부근리 고인돌,4.666666666666667,인천
27140,h006285,동막해수욕장,5.0,인천
27141,h006286,국립제주박물관,4.333333333333333,제주특별자치도
27142,h006286,제주동문시장,1.3333333333333333,제주특별자치도
27143,h006286,제주목 관아,3.3333333333333335,제주특별자치도
27144,h006286,탑동 광장,5.0,제주특별자치도
27145,h006286,김만덕기념관,2.3333333333333335,제주특별자치도
27146,h006290,하나개해수욕장,4.0,인천
27147,h006302,대부바다 향기테마파크,5.0,경기
27148,h006302,방아머리 해변,5.0,경기
27149,h006303,곽지해수욕장,5.0,제주특별자치도
27150,h006304,함덕해수욕장,5.0,제주특별자치도
27151,h006304,행원 해변,5.0,제주특별자치도
27152,h006304,광치기 해변,5.0,제주특별자치도
27153,h006304,제주동문시장,3.3333333333333335,제주특별자치도
27154,h006305,강화 광성보,3.6666666666666665,인천
27155,h006305,조양 방직,4.0,인천
27156,h006305,대한 성공회 강화성당,4.666666666666667,인천
27157,h006305,고려궁지,2.3333333333333335,인천
27158,h006305,동막해수욕장,3.0,인천
27159,h006305,보문사,3.0,인천
27160,h006311,학동 흑진주 몽돌해변,4.0,경남
27161,h006311,바람의 언덕,4.0,경남
27162,h006313,행원 해변,4.333333333333333,제주특별자치도
27163,h006313,월정서핑 랑서프,5.0,제주특별자치도
27164,h006315,군산근대역사박물관,3.3333333333333335,전북
27165,h006315,선유도해수욕장,4.666666666666667,전북
27166,h006315,옥돌해수욕장,5.0,전북
27167,h006315,무녀 2구 마을버스,3.6666666666666665,전북
27168,h006316,해금강테마 박물관,3.0,경남
27169,h006316,신선대,4.0,경남
27170,h006316,학동 흑진주 몽돌해변,5.0,경남
27171,h006316,와현모래숲해수욕장,4.333333333333333,경남
27172,h006316,외도 보타니아,4.666666666666667,경남
27173,h006316,거제 파노라마 케이블카,4.0,경남
27174,h006321,사계해변,5.0,제주특별자치도
27175,h006326,연미정,5.0,인천
27176,h006334,을왕리 해수욕장,4.0,인천
27177,h006334,영종 씨사이드 레일바이크,4.0,인천
27178,h006334,예단포둘레길,5.0,인천
27179,h006338,해녀박물관,3.0,제주특별자치도
27180,h006338,세화해변,5.0,제주특별자치도
27181,h006338,용두암,3.6666666666666665,제주특별자치도
27182,h006340,왕산해수욕장,3.0,인천
27183,h006340,구읍뱃터,4.0,인천
27184,h006344,보문사,4.0,인천
27185,h006344,현대 프리미엄 아울렛 김포점,3.6666666666666665,경기
27186,h006394,구읍뱃터,3.3333333333333335,인천
27187,h006395,제주 시범바다목장,4.333333333333333,제주특별자치도
27188,h006398,국립제주박물관,5.0,제주특별자치도
27189,h006398,사라봉,5.0,제주특별자치도
27190,h006398,제주동문시장,5.0,제주특별자치도
27191,h006398,이호 테우해수욕장,5.0,제주특별자치도
27192,h006398,사려니숲길,5.0,제주특별자치도
27193,h006398,알자 크지 해변,5.0,제주특별자치도
27194,h006402,산방산 탄산온천,5.0,제주특별자치도
27195,h006402,카멜리아힐,3.3333333333333335,제주특별자치도
27196,h006402,제주아트서커스,5.0,제주특별자치도
27197,h006403,우도,5.0,제주특별자치도
27198,h006408,백운산,5.0,
27199,h006409,영종 씨사이드 레일바이크,5.0,인천
27200,h006410,세화해변,5.0,제주특별자치도
27201,h006410,세화 소품과,5.0,제주특별자치도
27202,h006410,케미스트,5.0,제주특별자치도
27203,h006411,방아머리 해변,5.0,경기
27204,h006413,신흥동 일본식 가옥,3.0,전북
27205,h006413,군산근대역사박물관,3.0,전북
27206,h006413,초원 사진관,4.0,전북
27207,h006413,은파호수공원,2.6666666666666665,전북
27208,h006413,대장봉,4.0,전북
27209,h006413,선유도,3.0,전북
27210,h006416,이호 테우해수욕장,3.6666666666666665,제주특별자치도
27211,h006416,이호 테우해수욕장,4.333333333333333,제주특별자치도
27212,h006416,제주특별자치도 민속자연사박물관,2.3333333333333335,제주특별자치도
27213,h006416,삼성혈,3.3333333333333335,제주특별자치도
27214,h006416,제주동문시장,1.6666666666666667,제주특별자치도
27215,h006416,탑동 광장,2.0,제주특별자치도
27216,h006416,이마트 제주점,4.0,제주특별자치도
27217,h006416,용두암,4.666666666666667,제주특별자치도
27218,h006418,포도 뮤지엄,4.0,제주특별자치도
27219,h006418,모슬포항,3.0,제주특별자치도
27220,h006418,이마트 서귀포점,3.0,제주특별자치도
27221,h006431,성산일출봉,5.0,제주특별자치도
27222,h006431,섭지코지 전망대,3.3333333333333335,제주특별자치도
27223,h006433,항파두리 항몽 유적지,2.6666666666666665,제주특별자치도
27224,h006434,제주동문시장,4.666666666666667,제주특별자치도
27225,h006434,탑동 광장,4.666666666666667,제주특별자치도
27226,h006435,오설록 티 뮤지엄,4.333333333333333,제주특별자치도
27227,h006435,송악산 둘레길,4.0,제주특별자치도
27228,h006435,제주 곶자왈 도립공원,4.0,제주특별자치도
27229,h006436,피닉스 제주 유민 미술관,5.0,제주특별자치도
27230,h006436,성산일출봉,5.0,제주특별자치도
27231,h006436,섭지코지,5.0,제주특별자치도
27232,h006438,표선해수욕장,4.666666666666667,제주특별자치도
27233,h006438,남원큰엉해변,4.333333333333333,제주특별자치도
27234,h006439,산방산,3.3333333333333335,제주특별자치도
27235,h006439,사계해변,5.0,제주특별자치도
27236,h006440,뽀로로 앤 타요 테마파크 제주,5.0,제주특별자치도
27237,h006440,카멜리아힐,3.3333333333333335,제주특별자치도
27238,h006443,오설록 티 뮤지엄,5.0,제주특별자치도
27239,h006443,사계해변,4.0,제주특별자치도
27240,h006443,산방산 랜드,4.666666666666667,제주특별자치도
27241,h006450,이호 테우해수욕장,3.6666666666666665,제주특별자치도
27242,h006450,제주동문시장,2.3333333333333335,제주특별자치도
27243,h006450,롯데마트 제주점,3.0,제주특별자치도
27244,h006455,알뜨르 비행장,2.3333333333333335,제주특별자치도
27245,h006455,카멜리아힐,4.333333333333333,제주특별자치도
27246,h006457,본태 박물관,5.0,제주특별자치도
27247,h006457,보문사,3.6666666666666665,제주특별자치도
27248,h006458,협재해수욕장,5.0,제주특별자치도
27249,h006459,사계해변,4.0,제주특별자치도
27250,h006459,루나폴,4.666666666666667,제주특별자치도
27251,h006462,제주 곶자왈 도립공원,4.666666666666667,제주특별자치도
27252,h006464,이중섭미술관,5.0,제주특별자치도
27253,h006464,서귀포 매일 올레시장,4.0,제주특별자치도
27254,h006464,이마트 서귀포점,4.333333333333333,제주특별자치도
27255,h006465,제주목 관아,4.0,
27256,h006465,칠성으로 쇼핑거리,4.0,제주특별자치도
27257,h006465,삼성혈,3.6666666666666665,제주특별자치도
27258,h006467,중문 대표 주상절리대,5.0,제주특별자치도
27259,h006467,바람 모루공원,5.0,제주특별자치도
27260,h006468,이마트 서귀포점,4.666666666666667,제주특별자치도
27261,h006469,마마롱,5.0,제주특별자치도
27262,h006469,윈드스톤,3.6666666666666665,제주특별자치도
27263,h006470,액트몬 제주 중문점,4.0,제주특별자치도
27264,h006472,제주 돌 문화공원,5.0,제주특별자치도
27265,h006477,이마트 서귀포점,5.0,제주특별자치도
27266,h006478,아라리오 뮤지엄 탑동 시네마,3.0,제주특별자치도
27267,h006478,우리 회수산,3.3333333333333335,제주특별자치도
27268,h006480,올레길 15-B코스(한림-고내 올레),5.0,제주특별자치도
27269,h006480,천왕사,4.0,제주특별자치도
27270,h006480,관음사,5.0,제주특별자치도
27271,h006491,중문 대표 주상절리대,3.0,제주특별자치도
27272,h006491,방주교회,4.333333333333333,제주특별자치도
27273,h006493,성산일출봉 앞 바다,4.0,
27274,h006493,성산일출봉 앞 바다,5.0,
27275,h006494,누다 비치,2.3333333333333335,제주특별자치도
27276,h006494,중문색달해수욕장,3.0,제주특별자치도
27277,h006496,빛의 벙커,5.0,제주특별자치도
27278,h006496,서귀피안베이커리,4.0,제주특별자치도
27279,h006498,엉또폭포,3.6666666666666665,
27280,h006500,렛츠런파크 제주,5.0,제주특별자치도
27281,h006500,새별 프렌즈,4.0,제주특별자치도
27282,h006500,새별 오름,4.0,제주특별자치도
27283,h006502,신화 워터파크,4.0,제주특별자치도
27284,h006502,원더 아일랜드,4.0,제주특별자치도
27285,h006502,산방산 랜드,4.0,제주특별자치도
27286,h006506,표선해수욕장,3.3333333333333335,제주특별자치도
27287,h006506,표선해수욕장,5.0,제주특별자치도
27288,h006517,고흐의 정원,3.3333333333333335,제주특별자치도
27289,h006527,영락리 방파제,4.0,제주특별자치도
27290,h006528,섭지코지,5.0,제주특별자치도
27291,h006530,오설록 티 뮤지엄,4.0,제주특별자치도
27292,h006530,제주항공 우주 박물관,5.0,제주특별자치도
27293,h006533,제주 성읍마을,3.6666666666666665,제주특별자치도
27294,h006534,신창 풍차 해안도로,5.0,제주특별자치도
27295,h006536,산방산 탄산온천,4.0,제주특별자치도
27296,h006536,산방굴사,5.0,제주특별자치도
27297,h006536,협재해수욕장,5.0,제주특별자치도
27298,h006539,9.81파크,5.0,제주특별자치도
27299,h006540,아워아일랜드 아워제주,4.0,제주특별자치도
27300,h006540,무무제주,1.6666666666666667,제주특별자치도
27301,h006542,차귀도,5.0,제주특별자치도
27302,h006542,큰노꼬메오름,5.0,제주특별자치도
27303,h006543,식산봉,4.0,제주특별자치도
27304,h006543,성산일출봉,5.0,제주특별자치도
27305,h006545,오는정김밥,3.6666666666666665,제주특별자치도
27306,h006549,제주동문시장,3.0,제주특별자치도
27307,h006551,산방산 탄산온천,5.0,제주특별자치도
27308,h006556,성산일출봉,3.6666666666666665,제주특별자치도
27309,h006556,제주 성읍마을,3.0,제주특별자치도
27310,h006565,이마트 서귀포점,5.0,제주특별자치도
27311,h006565,엉또폭포,4.333333333333333,제주특별자치도
27312,h006567,하모해변,1.6666666666666667,제주특별자치도
27313,h006567,알뜨르 비행장,3.0,제주특별자치도
27314,h006568,쇠소깍,4.0,제주특별자치도
27315,h006569,곽지해수욕장,4.666666666666667,제주특별자치도
27316,h006569,연화지,5.0,제주특별자치도
27317,h006569,돌 염전,5.0,제주특별자치도
27318,h006569,애월 해안도로,5.0,제주특별자치도
27319,h006569,수월봉,5.0,제주특별자치도
27320,h006569,이호 테우해수욕장,5.0,제주특별자치도
27321,h006569,내도바당 길,4.333333333333333,제주특별자치도
27322,h006572,새별 오름,5.0,제주특별자치도
27323,h006572,엉또폭포,5.0,제주특별자치도
27324,h006572,군산,5.0,
27325,h006573,방주교회,5.0,제주특별자치도
27326,h006573,서귀포 매일 올레시장,3.6666666666666665,제주특별자치도
27327,h006573,사계해변,5.0,제주특별자치도
27328,h006573,본태 박물관,5.0,제주특별자치도
27329,h006574,표선해수욕장,5.0,제주특별자치도
27330,h006575,제주 중문 관광단지,4.0,제주특별자치도
27331,h006575,표선해수욕장,5.0,제주특별자치도
27332,h006575,표선해수욕장,5.0,제주특별자치도
27333,h006575,이중섭 거주지,4.0,제주특별자치도
27334,h006576,소천지,3.3333333333333335,제주특별자치도
27335,h006578,그랜드 조선 제주,5.0,제주특별자치도
27336,h006581,서귀포자연휴양림,3.6666666666666665,제주특별자치도
27337,h006581,오설록 티 뮤지엄,5.0,제주특별자치도
27338,h006585,제주중앙 지하상가,5.0,제주특별자치도
27339,h006585,이마트 제주점,3.3333333333333335,제주특별자치도
27340,h006587,법환포구,4.666666666666667,제주특별자치도
27341,h006587,서귀포 매일 올레시장,5.0,제주특별자치도
27342,h006587,이마트 서귀포점,5.0,제주특별자치도
27343,h006589,바다 바래,5.0,제주특별자치도
27344,h006592,뽀로로 앤 타요 테마파크 제주,3.0,제주특별자치도
27345,h006592,신화 테마파크,3.0,제주특별자치도
27346,h006594,헬로키티 아일랜드,5.0,제주특별자치도
27347,h006594,사계해변,5.0,제주특별자치도
27348,h006594,박물관은 살아있다 제주 중문점,3.3333333333333335,제주특별자치도
27349,h006596,본태 박물관,4.0,제주특별자치도
27350,h006597,롯데시네마 제주 연동,4.0,제주특별자치도
27351,h006597,국립제주박물관,4.0,제주특별자치도
27352,h006604,서귀포 매일 올레시장,5.0,제주특별자치도
27353,h006607,산방산 탄산온천,4.333333333333333,제주특별자치도
27354,h006608,한남시험림 탐방,5.0,제주특별자치도
27355,h006612,제주관광공사 지정면세점,3.6666666666666665,제주특별자치도
27356,h006612,약천사,3.6666666666666665,
27357,h006613,산지천,3.6666666666666665,제주특별자치도
27358,h006613,한라수목원,5.0,제주특별자치도
27359,h006613,금오름,5.0,제주특별자치도
27360,h006617,제주민속촌,3.6666666666666665,제주특별자치도
27361,h006620,만장굴,5.0,제주특별자치도
27362,h006620,월정리 해수욕장,5.0,제주특별자치도
27363,h006624,오늘은 녹차 한 잔,4.0,제주특별자치도
27364,h006624,녹차 동굴,5.0,제주특별자치도
27365,h006626,사계해변,4.333333333333333,제주특별자치도
27366,h006626,산방산 탄산온천,5.0,제주특별자치도
27367,h006629,렛츠런파크 제주,4.666666666666667,제주특별자치도
27368,h006631,신산공원,5.0,제주특별자치도
27369,h006631,롯데마트 제주점,4.0,제주특별자치도
27370,h006631,함덕해수욕장,5.0,제주특별자치도
27371,h006632,항파두리 항몽 유적지,5.0,제주특별자치도
27372,h006632,가문도 포구,4.333333333333333,제주특별자치도
27373,h006632,애월 해안도로,5.0,제주특별자치도
27374,h006632,월평포구,5.0,제주특별자치도
27375,h006635,금능해수욕장,4.333333333333333,제주특별자치도
27376,h006636,서귀포 매일 올레시장,4.0,제주특별자치도
27377,h006636,새연교,5.0,제주특별자치도
27378,h006636,중문색달해수욕장,4.0,제주특별자치도
27379,h006637,백주산보,3.6666666666666665,제주특별자치도
27380,h006637,백주산보,3.3333333333333335,제주특별자치도
27381,h006638,국립제주박물관,4.666666666666667,제주특별자치도
27382,h006638,삼양해수욕장,5.0,제주특별자치도
27383,h006638,제주목 관아,4.666666666666667,제주특별자치도
27384,h006638,제주동문시장,4.0,제주특별자치도
27385,h006645,해녀박물관,3.0,제주특별자치도
27386,h006645,구좌농협 하나로마트 중부점,4.0,제주특별자치도
27387,h006645,남원농협 하나로마트,4.0,전북
27388,h006646,성산일출봉,4.0,제주특별자치도
27389,h006646,신양섭지해수욕장,2.0,제주특별자치도
27390,h006646,김영갑갤러리 두모악,3.3333333333333335,제주특별자치도
27391,h006651,새별 프렌즈,5.0,제주특별자치도
27392,h006651,새별 오름,5.0,제주특별자치도
27393,h006653,오늘은 녹차 한 잔,4.0,제주특별자치도
27394,h006653,표선해수욕장,5.0,제주특별자치도
27395,h006653,소노캄 제주,2.3333333333333335,제주특별자치도
27396,h006653,천지연폭포,5.0,제주특별자치도
27397,h006653,새연교,4.0,제주특별자치도
27398,h006663,에코랜드 테마파크,4.666666666666667,제주특별자치도
27399,h006663,노형수퍼마켙,4.333333333333333,제주특별자치도
27400,h006665,제주 곶자왈 도립공원,4.333333333333333,제주특별자치도
27401,h006665,가파도,4.666666666666667,제주특별자치도
27402,h006665,사계해변,4.333333333333333,제주특별자치도
27403,h006668,천제연폭포,5.0,제주특별자치도
27404,h006668,제주 월드컵 경기장,5.0,제주특별자치도
27405,h006669,산방산 랜드,3.0,제주특별자치도
27406,h006669,산방산,5.0,제주특별자치도
27407,h006669,송악산,5.0,제주특별자치도
27408,h006676,한라수목원,4.0,제주특별자치도
27409,h006677,서귀포 매일 올레시장,5.0,제주특별자치도
27410,h006677,천지연폭포,5.0,제주특별자치도
27411,h006678,섭지코지,3.6666666666666665,제주특별자치도
27412,h006679,오는정김밥,5.0,제주특별자치도
27413,h006679,다구리 문화 예술공원,3.3333333333333335,제주특별자치도
27414,h006680,애슐리 퀸즈 켄싱턴리조트 서귀포점,4.0,제주특별자치도
27415,h006680,강정천,4.0,제주특별자치도
27416,h006680,약천사,3.6666666666666665,제주특별자치도
27417,h006681,헬로키티 아일랜드,3.3333333333333335,제주특별자치도
27418,h006681,오설록 티 뮤지엄,4.333333333333333,제주특별자치도
27419,h006681,오설록 티 뮤지엄,5.0,제주특별자치도
27420,h006682,넥슨 컴퓨터 박물관,5.0,제주특별자치도
27421,h006682,제주시 민속 오일 시장,4.0,제주특별자치도
27422,h006689,성산일출봉,5.0,제주특별자치도
27423,h006694,해녀박물관,4.0,제주특별자치도
27424,h006694,세화해변,4.0,제주특별자치도
27425,h006694,국립제주박물관,4.0,제주특별자치도
27426,h006694,하우투플레이,4.0,제주특별자치도
27427,h006694,새별 오름,4.333333333333333,제주특별자치도
27428,h006695,붉은 오름 자연휴양림,4.333333333333333,제주특별자치도
27429,h006695,남원큰엉해변,3.0,제주특별자치도
27430,h006697,제주도립 김창열 미술관,3.3333333333333335,제주특별자치도
27431,h006700,수월봉,5.0,제주특별자치도
27432,h006705,신산공원,4.666666666666667,제주특별자치도
27433,h006705,용연 구름다리,3.3333333333333335,제주특별자치도
27434,h006705,용연계곡,4.0,제주특별자치도
27435,h006705,용두암,3.3333333333333335,제주특별자치도
27436,h006705,올레길 17코스(광령-제주 원도심 올레),3.0,제주특별자치도
27437,h006705,이호 테우해수욕장,5.0,제주특별자치도
27438,h006706,섭지코지,4.0,제주특별자치도
27439,h006709,제주 투사관,4.0,제주특별자치도
27440,h006720,서귀포자연휴양림,4.0,제주특별자치도
27441,h006733,윈드스톤,3.0,제주특별자치도
27442,h006733,점,4.666666666666667,제주특별자치도
27443,h006733,아라리오 뮤지엄 탑동 시네마,5.0,제주특별자치도
27444,h006733,아베베 베이커리,4.0,제주특별자치도
27445,h006744,함덕해수욕장,4.0,제주특별자치도
27446,h006744,너븐숭이4.3기념관,5.0,제주특별자치도
27447,h006744,별 방진,4.0,제주특별자치도
27448,h006744,하도 해변,3.0,제주특별자치도
27449,h006744,김영갑갤러리 두모악,3.0,제주특별자치도
27450,h006746,사려니숲길 붉은오름 입구,5.0,제주특별자치도
27451,h006746,물영아리,3.6666666666666665,제주특별자치도
27452,h006747,약천사,5.0,제주특별자치도
27453,h006748,중문 대표 주상절리대,5.0,제주특별자치도
27454,h006749,한라산 11고지,5.0,제주특별자치도
27455,h006749,이마트 서귀포점,4.0,제주특별자치도
27456,h006750,망장포,5.0,
27457,h006755,산방굴사,3.3333333333333335,제주특별자치도
27458,h006766,오설록 티 뮤지엄,5.0,제주특별자치도
27459,h006766,그랜드 조선 제주,5.0,제주특별자치도
27460,h006870,하우투플레이,3.6666666666666665,제주특별자치도
27461,h006870,삼무공원,5.0,제주특별자치도
27462,h006872,몸들 한 상,4.333333333333333,제주특별자치도
27463,h006872,항파두리 항몽 유적지,4.0,제주특별자치도
27464,h006874,월정리 해수욕장,4.0,제주특별자치도
